###################################################
# Classe 12 : K = 4, M = 2, T = 8, N = 20
# Exemplo: 4.   c12ex04.dat          Semente: 9192
#-----------------------Dados----------------------
global K = 4
global M = 2
global T = 8
global N = 20

global L = [540, 460]

global l = [53, 64, 71, 72, 72, 73, 74, 87, 88, 91, 97, 100, 109, 110, 116, 117, 136, 139, 140, 144]

global Q1 = 1e5
global Q2 = 1e5

global rho = [2.0, 2.0, 2.0, 2.0]

global b = [1080.0 920.0; 1080.0 920.0; 1080.0 920.0; 1080.0 920.0]

global f = [47.52 40.48; 47.52 40.48; 47.52 40.48; 47.52 40.48]

global c_km = [46.44 29.44; 36.72 41.4; 21.6 46.0; 38.88 19.32]

global p_km = [5.526 3.503; 4.37 4.927; 2.57 5.474; 4.627 2.299]

global c_x = [
1 1 1 21.924;
1 1 2 21.924;
1 1 3 21.924;
1 1 4 21.924;
1 1 5 21.924;
1 1 6 21.924;
1 1 7 21.924;
1 1 8 21.924;
1 2 1 15.915;
1 2 2 15.915;
1 2 3 15.915;
1 2 4 15.915;
1 2 5 15.915;
1 2 6 15.915;
1 2 7 15.915;
1 2 8 15.915;
2 1 1 20.52;
2 1 2 20.52;
2 1 3 20.52;
2 1 4 20.52;
2 1 5 20.52;
2 1 6 20.52;
2 1 7 20.52;
2 1 8 20.52;
2 2 1 19.044;
2 2 2 19.044;
2 2 3 19.044;
2 2 4 19.044;
2 2 5 19.044;
2 2 6 19.044;
2 2 7 19.044;
2 2 8 19.044;
3 1 1 17.604;
3 1 2 17.604;
3 1 3 17.604;
3 1 4 17.604;
3 1 5 17.604;
3 1 6 17.604;
3 1 7 17.604;
3 1 8 17.604;
3 2 1 20.791;
3 2 2 20.791;
3 2 3 20.791;
3 2 4 20.791;
3 2 5 20.791;
3 2 6 20.791;
3 2 7 20.791;
3 2 8 20.791;
4 1 1 16.632;
4 1 2 16.632;
4 1 3 16.632;
4 1 4 16.632;
4 1 5 16.632;
4 1 6 16.632;
4 1 7 16.632;
4 1 8 16.632;
4 2 1 13.892;
4 2 2 13.892;
4 2 3 13.892;
4 2 4 13.892;
4 2 5 13.892;
4 2 6 13.892;
4 2 7 13.892;
4 2 8 13.892;
]

global c_z = [
1 1 1 0.767;
1 1 2 0.767;
1 1 3 0.767;
1 1 4 0.767;
1 1 5 0.767;
1 1 6 0.767;
1 1 7 0.767;
1 1 8 0.767;
1 2 1 0.732;
1 2 2 0.732;
1 2 3 0.732;
1 2 4 0.732;
1 2 5 0.732;
1 2 6 0.732;
1 2 7 0.732;
1 2 8 0.732;
2 1 1 0.882;
2 1 2 0.882;
2 1 3 0.882;
2 1 4 0.882;
2 1 5 0.882;
2 1 6 0.882;
2 1 7 0.882;
2 1 8 0.882;
2 2 1 0.933;
2 2 2 0.933;
2 2 3 0.933;
2 2 4 0.933;
2 2 5 0.933;
2 2 6 0.933;
2 2 7 0.933;
2 2 8 0.933;
3 1 1 0.775;
3 1 2 0.775;
3 1 3 0.775;
3 1 4 0.775;
3 1 5 0.775;
3 1 6 0.775;
3 1 7 0.775;
3 1 8 0.775;
3 2 1 0.832;
3 2 2 0.832;
3 2 3 0.832;
3 2 4 0.832;
3 2 5 0.832;
3 2 6 0.832;
3 2 7 0.832;
3 2 8 0.832;
4 1 1 0.665;
4 1 2 0.665;
4 1 3 0.665;
4 1 4 0.665;
4 1 5 0.665;
4 1 6 0.665;
4 1 7 0.665;
4 1 8 0.665;
4 2 1 0.695;
4 2 2 0.695;
4 2 3 0.695;
4 2 4 0.695;
4 2 5 0.695;
4 2 6 0.695;
4 2 7 0.695;
4 2 8 0.695;
]

global c_y = [
1 1 1 2.631;
1 1 2 2.631;
1 1 3 2.631;
1 1 4 2.631;
1 1 5 2.631;
1 1 6 2.631;
1 1 7 2.631;
1 1 8 2.631;
1 2 1 2.387;
1 2 2 2.387;
1 2 3 2.387;
1 2 4 2.387;
1 2 5 2.387;
1 2 6 2.387;
1 2 7 2.387;
1 2 8 2.387;
2 1 1 2.257;
2 1 2 2.257;
2 1 3 2.257;
2 1 4 2.257;
2 1 5 2.257;
2 1 6 2.257;
2 1 7 2.257;
2 1 8 2.257;
2 2 1 2.476;
2 2 2 2.476;
2 2 3 2.476;
2 2 4 2.476;
2 2 5 2.476;
2 2 6 2.476;
2 2 7 2.476;
2 2 8 2.476;
3 1 1 2.112;
3 1 2 2.112;
3 1 3 2.112;
3 1 4 2.112;
3 1 5 2.112;
3 1 6 2.112;
3 1 7 2.112;
3 1 8 2.112;
3 2 1 2.495;
3 2 2 2.495;
3 2 3 2.495;
3 2 4 2.495;
3 2 5 2.495;
3 2 6 2.495;
3 2 7 2.495;
3 2 8 2.495;
4 1 1 2.495;
4 1 2 2.495;
4 1 3 2.495;
4 1 4 2.495;
4 1 5 2.495;
4 1 6 2.495;
4 1 7 2.495;
4 1 8 2.495;
4 2 1 1.667;
4 2 2 1.667;
4 2 3 1.667;
4 2 4 1.667;
4 2 5 1.667;
4 2 6 1.667;
4 2 7 1.667;
4 2 8 1.667;
]

global c_sc = [
1 1 1 0.103;
1 1 2 0.103;
1 1 3 0.103;
1 1 4 0.103;
1 1 5 0.103;
1 1 6 0.103;
1 1 7 0.103;
1 1 8 0.103;
1 2 1 0.119;
1 2 2 0.119;
1 2 3 0.119;
1 2 4 0.119;
1 2 5 0.119;
1 2 6 0.119;
1 2 7 0.119;
1 2 8 0.119;
2 1 1 0.102;
2 1 2 0.102;
2 1 3 0.102;
2 1 4 0.102;
2 1 5 0.102;
2 1 6 0.102;
2 1 7 0.102;
2 1 8 0.102;
2 2 1 0.087;
2 2 2 0.087;
2 2 3 0.087;
2 2 4 0.087;
2 2 5 0.087;
2 2 6 0.087;
2 2 7 0.087;
2 2 8 0.087;
3 1 1 0.095;
3 1 2 0.095;
3 1 3 0.095;
3 1 4 0.095;
3 1 5 0.095;
3 1 6 0.095;
3 1 7 0.095;
3 1 8 0.095;
3 2 1 0.102;
3 2 2 0.102;
3 2 3 0.102;
3 2 4 0.102;
3 2 5 0.102;
3 2 6 0.102;
3 2 7 0.102;
3 2 8 0.102;
4 1 1 0.087;
4 1 2 0.087;
4 1 3 0.087;
4 1 4 0.087;
4 1 5 0.087;
4 1 6 0.087;
4 1 7 0.087;
4 1 8 0.087;
4 2 1 0.062;
4 2 2 0.062;
4 2 3 0.062;
4 2 4 0.062;
4 2 5 0.062;
4 2 6 0.062;
4 2 7 0.062;
4 2 8 0.062;
]

global c_w = [
1 1 1 0.548;
1 1 2 0.548;
1 1 3 0.548;
1 1 4 0.548;
1 1 5 0.548;
1 1 6 0.548;
1 1 7 0.548;
1 1 8 0.548;
1 2 1 0.239;
1 2 2 0.239;
1 2 3 0.239;
1 2 4 0.239;
1 2 5 0.239;
1 2 6 0.239;
1 2 7 0.239;
1 2 8 0.239;
2 1 1 0.451;
2 1 2 0.451;
2 1 3 0.451;
2 1 4 0.451;
2 1 5 0.451;
2 1 6 0.451;
2 1 7 0.451;
2 1 8 0.451;
2 2 1 0.229;
2 2 2 0.229;
2 2 3 0.229;
2 2 4 0.229;
2 2 5 0.229;
2 2 6 0.229;
2 2 7 0.229;
2 2 8 0.229;
3 1 1 0.405;
3 1 2 0.405;
3 1 3 0.405;
3 1 4 0.405;
3 1 5 0.405;
3 1 6 0.405;
3 1 7 0.405;
3 1 8 0.405;
3 2 1 0.582;
3 2 2 0.582;
3 2 3 0.582;
3 2 4 0.582;
3 2 5 0.582;
3 2 6 0.582;
3 2 7 0.582;
3 2 8 0.582;
4 1 1 0.2;
4 1 2 0.2;
4 1 3 0.2;
4 1 4 0.2;
4 1 5 0.2;
4 1 6 0.2;
4 1 7 0.2;
4 1 8 0.2;
4 2 1 0.167;
4 2 2 0.167;
4 2 3 0.167;
4 2 4 0.167;
4 2 5 0.167;
4 2 6 0.167;
4 2 7 0.167;
4 2 8 0.167;
]

global c_e = [
1 1 1 0.04144574721780604;
1 1 2 0.04144574721780604;
1 1 3 0.04061683227344992;
1 1 4 0.04559032193958665;
1 1 5 0.03481442766295707;
1 1 6 0.03481442766295707;
1 1 7 0.04144574721780604;
1 1 8 0.0397879173290938;
1 2 1 0.03008108108108108;
1 2 2 0.029364864864864868;
1 2 3 0.035094594594594596;
1 2 4 0.03437837837837838;
1 2 5 0.04297297297297297;
1 2 6 0.03867567567567568;
1 2 7 0.03437837837837838;
1 2 8 0.04225675675675676;
1 3 1 0.057176172496025426;
1 3 2 0.053017905405405394;
1 3 3 0.06133443958664545;
1 3 4 0.04366180445151032;
1 3 5 0.04262223767885532;
1 3 6 0.06133443958664545;
1 3 7 0.04262223767885532;
1 3 8 0.06133443958664545;
1 4 1 0.015461844197138318;
1 4 2 0.023192766295707472;
1 4 3 0.015461844197138318;
1 4 4 0.022419674085850556;
1 4 5 0.017394574721780607;
1 4 6 0.019327305246422895;
1 4 7 0.017008028616852147;
1 4 8 0.018554213036565976;
2 1 1 0.040038155802861686;
2 1 2 0.055052464228934825;
2 1 3 0.045042925278219396;
2 1 4 0.04103910969793322;
2 1 5 0.05004769475357711;
2 1 6 0.042040063593004766;
2 1 7 0.06005723370429253;
2 1 8 0.05305055643879174;
2 2 1 0.051891891891891896;
2 2 2 0.04151351351351351;
2 2 3 0.047567567567567574;
2 2 4 0.03632432432432432;
2 2 5 0.04583783783783784;
2 2 6 0.04410810810810811;
2 2 7 0.05102702702702703;
2 2 8 0.04237837837837838;
2 3 1 0.07155357710651826;
2 3 2 0.07406422893481715;
2 3 3 0.06276629570747216;
2 3 4 0.07155357710651826;
2 3 5 0.05021303656597773;
2 3 6 0.06151096979332272;
2 3 7 0.07531955484896659;
2 3 8 0.052723688394276616;
2 4 1 0.020071224165341812;
2 4 2 0.028006359300476947;
2 4 3 0.021471542130365662;
2 4 4 0.018670906200317968;
2 4 5 0.02193831478537361;
2 4 6 0.022405087440381558;
2 4 7 0.018670906200317968;
2 4 8 0.022405087440381558;
3 1 1 0.055521661367249606;
3 1 2 0.05107992845786964;
3 1 3 0.04774862877583466;
3 1 4 0.046638195548489664;
3 1 5 0.04552776232114467;
3 1 6 0.052190361685214626;
3 1 7 0.06107382750397457;
3 1 8 0.05996339427662958;
3 2 1 0.048932432432432435;
3 2 2 0.05756756756756757;
3 2 3 0.047013513513513516;
3 2 4 0.05372972972972974;
3 2 5 0.044135135135135145;
3 2 6 0.03837837837837838;
3 2 7 0.04221621621621622;
3 2 8 0.044135135135135145;
3 3 1 0.07241661367249601;
3 3 2 0.06545347774244831;
3 3 3 0.08077237678855324;
3 3 4 0.07102398648648647;
3 3 5 0.08355763116057233;
3 3 6 0.07380924085850556;
3 3 7 0.06266822337042924;
3 3 8 0.06823873211446739;
3 4 1 0.022784340222575517;
3 4 2 0.02485564387917329;
3 4 3 0.020713036565977744;
3 4 4 0.030551728934817172;
3 4 5 0.028998251192368846;
3 4 6 0.026409121621621623;
3 4 7 0.022784340222575517;
3 4 8 0.02485564387917329;
4 1 1 0.05855580286168521;
4 1 2 0.06756438791732909;
4 1 3 0.06531224165341812;
4 1 4 0.060807949125596186;
4 1 5 0.049547217806041335;
4 1 6 0.06306009538950717;
4 1 7 0.06193402225755167;
4 1 8 0.04729507154213036;
4 2 1 0.053513513513513515;
4 2 2 0.05545945945945946;
4 2 3 0.038918918918918924;
4 2 4 0.050594594594594595;
4 2 5 0.05837837837837838;
4 2 6 0.05837837837837838;
4 2 7 0.04378378378378379;
4 2 8 0.052540540540540547;
4 3 1 0.06778759936406994;
4 3 2 0.07343656597774242;
4 3 3 0.05931414944356119;
4 3 4 0.06919984101748806;
4 3 5 0.05790190779014307;
4 3 6 0.08473449920508741;
4 3 7 0.08049777424483305;
4 3 8 0.05931414944356119;
4 4 1 0.023630365659777424;
4 4 2 0.02625596184419714;
4 4 3 0.028356438791732913;
4 4 4 0.02678108108108108;
4 4 5 0.028356438791732913;
4 4 6 0.027306200317965025;
4 4 7 0.025730842607313197;
4 4 8 0.021529888712241655;
5 1 1 0.048421144674085856;
5 1 2 0.06418616852146264;
5 1 3 0.045042925278219396;
5 1 4 0.045042925278219396;
5 1 5 0.060807949125596186;
5 1 6 0.045042925278219396;
5 1 7 0.06193402225755167;
5 1 8 0.051799364069952315;
5 2 1 0.045729729729729725;
5 2 2 0.05837837837837838;
5 2 3 0.052540540540540547;
5 2 4 0.041837837837837843;
5 2 5 0.038918918918918924;
5 2 6 0.041837837837837843;
5 2 7 0.041837837837837843;
5 2 8 0.05545945945945946;
5 3 1 0.08191001589825117;
5 3 2 0.06919984101748806;
5 3 3 0.07484880763116056;
5 3 4 0.07343656597774242;
5 3 5 0.07908553259141494;
5 3 6 0.08049777424483305;
5 3 7 0.07908553259141494;
5 3 8 0.08049777424483305;
5 4 1 0.025205723370429256;
5 4 2 0.02625596184419714;
5 4 3 0.02678108108108108;
5 4 4 0.023105246422893484;
5 4 5 0.02468060413354531;
5 4 6 0.02100476947535771;
5 4 7 0.028356438791732913;
5 4 8 0.02415548489666137;
6 1 1 0.05822736486486487;
6 1 2 0.05594393879173291;
6 1 3 0.051377086645469;
6 1 4 0.05480222575516693;
6 1 5 0.05023537360890302;
6 1 6 0.06736106915739269;
6 1 7 0.06051079093799683;
6 1 8 0.05023537360890302;
6 2 1 0.056229729729729734;
6 2 2 0.05031081081081082;
6 2 3 0.044391891891891896;
6 2 4 0.054256756756756765;
6 2 5 0.04932432432432433;
6 2 6 0.044391891891891896;
6 2 7 0.05327027027027027;
6 2 8 0.058202702702702704;
6 3 1 0.07732023052464228;
6 3 2 0.061569813195548474;
6 3 3 0.078752086645469;
6 3 4 0.06872909379968202;
6 3 5 0.08447951112877582;
6 3 6 0.07732023052464228;
6 3 7 0.07159280604133544;
6 3 8 0.08447951112877582;
6 4 1 0.022361327503974564;
6 4 2 0.027153040540540546;
6 4 3 0.02129650238473768;
6 4 4 0.02821786565977743;
6 4 5 0.03141234101748808;
6 4 6 0.030347515898251194;
6 4 7 0.022893740063593005;
6 4 8 0.02449097774244833;
7 1 1 0.047451470588235296;
7 1 2 0.06018235294117648;
7 1 3 0.06365441176470589;
7 1 4 0.05786764705882353;
7 1 5 0.04976617647058824;
7 1 6 0.06365441176470589;
7 1 7 0.047451470588235296;
7 1 8 0.05555294117647058;
7 2 1 0.05;
7 2 2 0.041;
7 2 3 0.045000000000000005;
7 2 4 0.05600000000000001;
7 2 5 0.042;
7 2 6 0.060000000000000005;
7 2 7 0.05200000000000001;
7 2 8 0.053;
7 3 1 0.074025;
7 3 2 0.07112205882352939;
7 3 3 0.08563676470588233;
7 3 4 0.0696705882352941;
7 3 5 0.0696705882352941;
7 3 6 0.08128235294117646;
7 3 7 0.06096176470588233;
7 3 8 0.0696705882352941;
7 4 1 0.030763235294117647;
7 4 2 0.03130294117647059;
7 4 3 0.026445588235294117;
7 4 4 0.03022352941176471;
7 4 5 0.026445588235294117;
7 4 6 0.02266764705882353;
7 4 7 0.027525000000000004;
7 4 8 0.029144117647058827;
8 1 1 0.06395156995230525;
8 1 2 0.07619761526232116;
8 1 3 0.06939425675675676;
8 1 4 0.066672913354531;
8 1 5 0.08164030206677265;
8 1 6 0.05986955484896662;
8 1 7 0.07755828696343402;
8 1 8 0.06395156995230525;
8 2 1 0.06818918918918919;
8 2 2 0.05525675675675676;
8 2 3 0.06818918918918919;
8 2 4 0.048202702702702695;
8 2 5 0.06583783783783785;
8 2 6 0.06466216216216217;
8 2 7 0.05878378378378379;
8 2 8 0.0634864864864865;
8 3 1 0.08191001589825117;
8 3 2 0.07167126391096977;
8 3 3 0.09214876788553258;
8 3 4 0.08532293322734497;
8 3 5 0.07508418124006358;
8 3 6 0.06996480524642287;
8 3 7 0.09214876788553258;
8 3 8 0.10068106120826706;
8 4 1 0.03743662559618442;
8 4 2 0.03680210651828299;
8 4 3 0.03680210651828299;
8 4 4 0.02982239666136725;
8 4 5 0.03680210651828299;
8 4 6 0.029187877583465822;
8 4 7 0.032360472972972974;
8 4 8 0.03807114467408585;
9 1 1 0.06193402225755167;
9 1 2 0.07707344992050874;
9 1 3 0.06743926868044514;
9 1 4 0.08120238473767885;
9 1 5 0.07156820349761527;
9 1 6 0.06193402225755167;
9 1 7 0.08120238473767885;
9 1 8 0.06881558028616852;
9 2 1 0.05945945945945946;
9 2 2 0.053513513513513515;
9 2 3 0.05113513513513513;
9 2 4 0.06897297297297297;
9 2 5 0.06183783783783785;
9 2 6 0.047567567567567574;
9 2 7 0.054702702702702714;
9 2 8 0.05708108108108108;
9 3 1 0.10183831478537357;
9 3 2 0.07249507154213035;
9 3 3 0.09666009538950714;
9 3 4 0.06904292527821938;
9 3 5 0.08630365659777423;
9 3 6 0.06904292527821938;
9 3 7 0.09493402225755165;
9 3 8 0.10183831478537357;
9 4 1 0.026314308426073133;
9 4 2 0.03786693163751987;
9 4 3 0.0320906200317965;
9 4 4 0.03144880763116057;
9 4 5 0.03529968203497616;
9 4 6 0.03465786963434023;
9 4 7 0.03080699523052464;
9 4 8 0.03529968203497616;
10 1 1 0.08539387917329094;
10 1 2 0.08539387917329094;
10 1 3 0.0697383346581876;
10 1 4 0.056929252782193955;
10 1 5 0.0697383346581876;
10 1 6 0.0583524841017488;
10 1 7 0.07116156597774245;
10 1 8 0.0668918720190779;
10 2 1 0.0664054054054054;
10 2 2 0.06517567567567568;
10 2 3 0.0664054054054054;
10 2 4 0.06271621621621623;
10 2 5 0.0664054054054054;
10 2 6 0.057797297297297295;
10 2 7 0.060256756756756756;
10 2 8 0.04918918918918919;
10 3 1 0.0946005763116057;
10 3 2 0.08746091017488074;
10 3 3 0.0981704093799682;
10 3 4 0.09638549284578694;
10 3 5 0.07318157790143082;
10 3 6 0.07318157790143082;
10 3 7 0.08924582670906198;
10 3 8 0.07853632750397455;
10 4 1 0.031193541335453098;
10 4 2 0.039821542130365664;
10 4 3 0.037830465023847376;
10 4 4 0.03650308028616853;
10 4 5 0.03517569554848967;
10 4 6 0.027211387122416532;
10 4 7 0.03716677265500796;
10 4 8 0.035839387917329095;
11 1 1 0.08343889109697934;
11 1 2 0.08495596184419715;
11 1 3 0.08647303259141494;
11 1 4 0.06068282988871225;
11 1 5 0.08343889109697934;
11 1 6 0.07130232511923688;
11 1 7 0.08495596184419715;
11 1 8 0.06978525437201909;
11 2 1 0.07078378378378379;
11 2 2 0.06291891891891892;
11 2 3 0.05374324324324324;
11 2 4 0.06685135135135135;
11 2 5 0.05243243243243244;
11 2 6 0.0720945945945946;
11 2 7 0.07078378378378379;
11 2 8 0.05374324324324324;
11 3 1 0.07800673688394275;
11 3 2 0.0951301669316375;
11 3 3 0.08181194356120824;
11 3 4 0.07800673688394275;
11 3 5 0.08942235691573924;
11 3 6 0.083714546899841;
11 3 7 0.09322756359300476;
11 3 8 0.08561715023847374;
11 4 1 0.03325025834658187;
11 4 2 0.034665162957074724;
11 4 3 0.03537261526232115;
11 4 4 0.04173968600953895;
11 4 5 0.029712996820349766;
11 4 6 0.04103223370429253;
11 4 7 0.032542806041335456;
11 4 8 0.03325025834658187;
12 1 1 0.07194356120826709;
12 1 2 0.06568759936406995;
12 1 3 0.0907114467408585;
12 1 4 0.08445548489666137;
12 1 5 0.0703795707472178;
12 1 6 0.0922754372019078;
12 1 7 0.08914745627980922;
12 1 8 0.06255961844197139;
12 2 1 0.07027027027027027;
12 2 2 0.07027027027027027;
12 2 3 0.06891891891891892;
12 2 4 0.07162162162162163;
12 2 5 0.07702702702702702;
12 2 6 0.05675675675675676;
12 2 7 0.06486486486486487;
12 2 8 0.07027027027027027;
12 3 1 0.08041931637519871;
12 3 2 0.11180246422893478;
12 3 3 0.09611089030206675;
12 3 4 0.08434220985691572;
12 3 5 0.1098410174880763;
12 3 6 0.1078795707472178;
12 3 7 0.1098410174880763;
12 3 8 0.10003378378378376;
12 4 1 0.029902623211446742;
12 4 2 0.03719594594594595;
12 4 3 0.03938394276629571;
12 4 4 0.040113275039745634;
12 4 5 0.03719594594594595;
12 4 6 0.040113275039745634;
12 4 7 0.033549284578696346;
12 4 8 0.03938394276629571;
13 1 1 0.09887547694753578;
13 1 2 0.08694222972972973;
13 1 3 0.08012323131955484;
13 1 4 0.09376122813990462;
13 1 5 0.09376122813990462;
13 1 6 0.09717072734499205;
13 1 7 0.08523748012718602;
13 1 8 0.0920564785373609;
13 2 1 0.07512162162162163;
13 2 2 0.08837837837837838;
13 2 3 0.06775675675675676;
13 2 4 0.05891891891891892;
13 2 5 0.06186486486486487;
13 2 6 0.0824864864864865;
13 2 7 0.07954054054054055;
13 2 8 0.08837837837837838;
13 3 1 0.0940709856915739;
13 3 2 0.0940709856915739;
13 3 3 0.12827861685214623;
13 3 4 0.09193300874403813;
13 3 5 0.11545075516693162;
13 3 6 0.08551907790143083;
13 3 7 0.09834693958664545;
13 3 8 0.10262289348171699;
13 4 1 0.034183803656597775;
13 4 2 0.04531341414944356;
13 4 3 0.03736369236883943;
13 4 4 0.034183803656597775;
13 4 5 0.032593859300476945;
13 4 6 0.03815866454689984;
13 4 7 0.03338883147853736;
13 4 8 0.04451844197138315;
14 1 1 0.080858306836248;
14 1 2 0.09290103338632752;
14 1 3 0.09290103338632752;
14 1 4 0.07569713831478538;
14 1 5 0.07053596979332273;
14 1 6 0.07225635930047694;
14 1 7 0.08601947535771065;
14 1 8 0.10322337042925278;
14 2 1 0.06391891891891892;
14 2 2 0.0772972972972973;
14 2 3 0.05945945945945946;
14 2 4 0.07283783783783784;
14 2 5 0.0772972972972973;
14 2 6 0.05945945945945946;
14 2 7 0.0668918918918919;
14 2 8 0.06094594594594594;
14 3 1 0.11866752782193958;
14 3 2 0.11435234499205085;
14 3 3 0.08630365659777423;
14 3 4 0.10356438791732907;
14 3 5 0.10356438791732907;
14 3 6 0.12945548489666134;
14 3 7 0.08630365659777423;
14 3 8 0.11435234499205085;
14 4 1 0.04091554054054054;
14 4 2 0.047333664546899835;
14 4 3 0.043322337042925284;
14 4 4 0.043322337042925284;
14 4 5 0.04813593004769476;
14 4 6 0.03610194753577107;
14 4 7 0.04492686804451511;
14 4 8 0.03369515103338633;
15 1 1 0.07438338632750396;
15 1 2 0.08345453100158982;
15 1 3 0.0907114467408585;
15 1 4 0.10159682034976154;
15 1 5 0.07982607313195549;
15 1 6 0.08889721780604133;
15 1 7 0.10341104928457868;
15 1 8 0.07801184419713832;
15 2 1 0.08464864864864866;
15 2 2 0.07054054054054054;
15 2 3 0.08935135135135135;
15 2 4 0.06740540540540542;
15 2 5 0.07054054054054054;
15 2 6 0.08151351351351352;
15 2 7 0.09405405405405405;
15 2 8 0.09405405405405405;
15 3 1 0.1274155802861685;
15 3 2 0.12969085850556433;
15 3 3 0.1274155802861685;
15 3 4 0.13196613672496021;
15 3 5 0.0932864069952305;
15 3 6 0.11148863275039743;
15 3 7 0.12969085850556433;
15 3 8 0.13651669316375195;
15 4 1 0.04483934817170112;
15 4 2 0.04060922098569158;
15 4 3 0.03891717011128776;
15 4 4 0.03891717011128776;
15 4 5 0.04230127186009539;
15 4 6 0.04568537360890303;
15 4 7 0.04145524642289348;
15 4 8 0.03637909379968204;
16 1 1 0.07502462241653418;
16 1 2 0.07319475357710653;
16 1 3 0.07868436009538951;
16 1 4 0.07319475357710653;
16 1 5 0.09698304848966614;
16 1 6 0.07685449125596185;
16 1 7 0.08783370429252782;
16 1 8 0.10796226152623212;
16 2 1 0.08695945945945947;
16 2 2 0.0932837837837838;
16 2 3 0.08537837837837839;
16 2 4 0.08063513513513514;
16 2 5 0.09170270270270271;
16 2 6 0.09012162162162163;
16 2 7 0.07747297297297298;
16 2 8 0.09012162162162163;
16 3 1 0.10327017090620029;
16 3 2 0.12162931240063592;
16 3 3 0.13310377583465816;
16 3 4 0.09638549284578694;
16 3 5 0.11244974165341809;
16 3 6 0.09179570747217805;
16 3 7 0.11703952702702701;
16 3 8 0.09638549284578694;
16 4 1 0.04010598171701113;
16 4 2 0.04437257551669317;
16 4 3 0.050345806836248015;
16 4 4 0.034132750397456287;
16 4 5 0.0486391693163752;
16 4 6 0.03498606915739269;
16 4 7 0.040959300476947534;
16 4 8 0.03754602543720191;
17 1 1 0.09571621621621622;
17 1 2 0.10635135135135135;
17 1 3 0.11060540540540541;
17 1 4 0.11060540540540541;
17 1 5 0.10422432432432432;
17 1 6 0.1169864864864865;
17 1 7 0.10422432432432432;
17 1 8 0.10847837837837838;
17 2 1 0.11027027027027027;
17 2 2 0.10291891891891894;
17 2 3 0.1065945945945946;
17 2 4 0.0827027027027027;
17 2 5 0.07535135135135135;
17 2 6 0.0918918918918919;
17 2 7 0.11027027027027027;
17 2 8 0.07902702702702703;
17 3 1 0.160054054054054;
17 3 2 0.1360459459459459;
17 3 3 0.10670270270270268;
17 3 4 0.10937027027027024;
17 3 5 0.15738648648648645;
17 3 6 0.11737297297297296;
17 3 7 0.1307108108108108;
17 3 8 0.13337837837837835;
17 4 1 0.05852162162162162;
17 4 2 0.04463513513513514;
17 4 3 0.049594594594594595;
17 4 4 0.048602702702702706;
17 4 5 0.045627027027027034;
17 4 6 0.059513513513513513;
17 4 7 0.03967567567567568;
17 4 8 0.04364324324324325;
18 1 1 0.1152191772655008;
18 1 2 0.09347970985691574;
18 1 3 0.13043680445151032;
18 1 4 0.1152191772655008;
18 1 5 0.1260889109697933;
18 1 6 0.08695786963434023;
18 1 7 0.10434944356120826;
18 1 8 0.10217549682034976;
18 2 1 0.08828378378378379;
18 2 2 0.09204054054054055;
18 2 3 0.09016216216216216;
18 2 4 0.08828378378378379;
18 2 5 0.09016216216216216;
18 2 6 0.08077027027027027;
18 2 7 0.08264864864864865;
18 2 8 0.08640540540540542;
18 3 1 0.15267901430842604;
18 3 2 0.11178284976152619;
18 3 3 0.15813183624801266;
18 3 4 0.15813183624801266;
18 3 5 0.12541490461049282;
18 3 6 0.11723567170111285;
18 3 7 0.14177337042925275;
18 3 8 0.16358465818759932;
18 4 1 0.05068859300476948;
18 4 2 0.04561973370429254;
18 4 3 0.05068859300476948;
18 4 4 0.05372990858505565;
18 4 5 0.06082631160572337;
18 4 6 0.05474368044515104;
18 4 7 0.05170236486486487;
18 4 8 0.05879876788553259;
19 1 1 0.11166891891891893;
19 1 2 0.1269960254372019;
19 1 3 0.11385850556438791;
19 1 4 0.12261685214626392;
19 1 5 0.11385850556438791;
19 1 6 0.09415222575516692;
19 1 7 0.1291856120826709;
19 1 8 0.1269960254372019;
19 2 1 0.10027027027027027;
19 2 2 0.08135135135135135;
19 2 3 0.08891891891891893;
19 2 4 0.07756756756756757;
19 2 5 0.10594594594594596;
19 2 6 0.08135135135135135;
19 2 7 0.08324324324324325;
19 2 8 0.11162162162162162;
19 3 1 0.1620155007949125;
19 3 2 0.1510313990461049;
19 3 3 0.13730127186009536;
19 3 4 0.16476152623211443;
19 3 5 0.14553934817170108;
19 3 6 0.13455524642289343;
19 3 7 0.12631717011128774;
19 3 8 0.118079093799682;
19 4 1 0.05615858505564388;
19 4 2 0.06126391096979333;
19 4 3 0.04186367249602544;
19 4 4 0.05105325914149444;
19 4 5 0.04594793322734499;
19 4 6 0.057179650238473774;
19 4 7 0.04799006359300477;
19 4 8 0.060242845786963435;
20 1 1 0.12837233704292528;
20 1 2 0.09233799682034977;
20 1 3 0.10810302066772656;
20 1 4 0.13287662957074722;
20 1 5 0.11936375198728141;
20 1 6 0.11485945945945945;
20 1 7 0.10134658187599364;
20 1 8 0.10134658187599364;
20 2 1 0.10118918918918919;
20 2 2 0.10313513513513516;
20 2 3 0.11675675675675676;
20 2 4 0.11286486486486487;
20 2 5 0.11286486486486487;
20 2 6 0.08951351351351353;
20 2 7 0.07783783783783785;
20 2 8 0.11675675675675676;
20 3 1 0.11580381558028614;
20 3 2 0.12710174880763112;
20 3 3 0.15252209856915735;
20 3 4 0.1581710651828299;
20 3 5 0.16382003179650234;
20 3 6 0.11580381558028614;
20 3 7 0.16664451510333858;
20 3 8 0.15534658187599362;
20 4 1 0.04936120826709062;
20 4 2 0.04726073131955485;
20 4 3 0.05566263910969794;
20 4 4 0.059863593004769476;
20 4 5 0.05041144674085851;
20 4 6 0.04411001589825119;
20 4 7 0.05251192368839428;
20 4 8 0.05251192368839428;
]

global d = [
1 1 1 298;
1 1 2 137;
1 1 3 0;
1 1 4 183;
1 1 5 0;
1 1 6 153;
1 1 7 266;
1 1 8 196;
1 2 1 220;
1 2 2 0;
1 2 3 294;
1 2 4 115;
1 2 5 215;
1 2 6 167;
1 2 7 238;
1 2 8 83;
1 3 1 294;
1 3 2 297;
1 3 3 242;
1 3 4 295;
1 3 5 145;
1 3 6 105;
1 3 7 175;
1 3 8 209;
1 4 1 180;
1 4 2 133;
1 4 3 68;
1 4 4 72;
1 4 5 96;
1 4 6 264;
1 4 7 0;
1 4 8 295;
2 1 1 0;
2 1 2 211;
2 1 3 175;
2 1 4 109;
2 1 5 0;
2 1 6 51;
2 1 7 61;
2 1 8 141;
2 2 1 235;
2 2 2 0;
2 2 3 243;
2 2 4 102;
2 2 5 269;
2 2 6 0;
2 2 7 180;
2 2 8 240;
2 3 1 183;
2 3 2 249;
2 3 3 97;
2 3 4 141;
2 3 5 122;
2 3 6 204;
2 3 7 238;
2 3 8 70;
2 4 1 159;
2 4 2 189;
2 4 3 117;
2 4 4 237;
2 4 5 127;
2 4 6 79;
2 4 7 0;
2 4 8 86;
3 1 1 181;
3 1 2 149;
3 1 3 216;
3 1 4 185;
3 1 5 291;
3 1 6 183;
3 1 7 221;
3 1 8 117;
3 2 1 249;
3 2 2 248;
3 2 3 141;
3 2 4 148;
3 2 5 149;
3 2 6 100;
3 2 7 160;
3 2 8 284;
3 3 1 288;
3 3 2 264;
3 3 3 78;
3 3 4 145;
3 3 5 0;
3 3 6 0;
3 3 7 117;
3 3 8 141;
3 4 1 106;
3 4 2 256;
3 4 3 256;
3 4 4 122;
3 4 5 120;
3 4 6 0;
3 4 7 165;
3 4 8 186;
4 1 1 122;
4 1 2 257;
4 1 3 137;
4 1 4 71;
4 1 5 157;
4 1 6 0;
4 1 7 73;
4 1 8 120;
4 2 1 251;
4 2 2 105;
4 2 3 218;
4 2 4 0;
4 2 5 153;
4 2 6 248;
4 2 7 136;
4 2 8 0;
4 3 1 210;
4 3 2 146;
4 3 3 0;
4 3 4 150;
4 3 5 200;
4 3 6 100;
4 3 7 0;
4 3 8 0;
4 4 1 145;
4 4 2 99;
4 4 3 110;
4 4 4 0;
4 4 5 266;
4 4 6 72;
4 4 7 271;
4 4 8 269;
5 1 1 141;
5 1 2 67;
5 1 3 72;
5 1 4 94;
5 1 5 279;
5 1 6 0;
5 1 7 287;
5 1 8 161;
5 2 1 231;
5 2 2 287;
5 2 3 214;
5 2 4 74;
5 2 5 158;
5 2 6 0;
5 2 7 282;
5 2 8 285;
5 3 1 225;
5 3 2 70;
5 3 3 84;
5 3 4 209;
5 3 5 246;
5 3 6 212;
5 3 7 0;
5 3 8 61;
5 4 1 91;
5 4 2 93;
5 4 3 139;
5 4 4 225;
5 4 5 276;
5 4 6 180;
5 4 7 118;
5 4 8 234;
6 1 1 281;
6 1 2 203;
6 1 3 247;
6 1 4 245;
6 1 5 59;
6 1 6 0;
6 1 7 0;
6 1 8 0;
6 2 1 0;
6 2 2 55;
6 2 3 174;
6 2 4 273;
6 2 5 267;
6 2 6 172;
6 2 7 153;
6 2 8 172;
6 3 1 0;
6 3 2 146;
6 3 3 242;
6 3 4 165;
6 3 5 124;
6 3 6 188;
6 3 7 206;
6 3 8 151;
6 4 1 266;
6 4 2 216;
6 4 3 151;
6 4 4 221;
6 4 5 118;
6 4 6 213;
6 4 7 87;
6 4 8 207;
7 1 1 151;
7 1 2 119;
7 1 3 136;
7 1 4 220;
7 1 5 86;
7 1 6 188;
7 1 7 226;
7 1 8 258;
7 2 1 83;
7 2 2 81;
7 2 3 215;
7 2 4 214;
7 2 5 165;
7 2 6 75;
7 2 7 205;
7 2 8 219;
7 3 1 288;
7 3 2 174;
7 3 3 223;
7 3 4 298;
7 3 5 162;
7 3 6 55;
7 3 7 223;
7 3 8 166;
7 4 1 255;
7 4 2 153;
7 4 3 182;
7 4 4 164;
7 4 5 61;
7 4 6 212;
7 4 7 69;
7 4 8 140;
8 1 1 220;
8 1 2 89;
8 1 3 0;
8 1 4 215;
8 1 5 90;
8 1 6 215;
8 1 7 224;
8 1 8 286;
8 2 1 212;
8 2 2 150;
8 2 3 134;
8 2 4 194;
8 2 5 111;
8 2 6 294;
8 2 7 110;
8 2 8 201;
8 3 1 231;
8 3 2 169;
8 3 3 162;
8 3 4 0;
8 3 5 264;
8 3 6 105;
8 3 7 194;
8 3 8 60;
8 4 1 274;
8 4 2 111;
8 4 3 266;
8 4 4 177;
8 4 5 156;
8 4 6 0;
8 4 7 144;
8 4 8 55;
9 1 1 172;
9 1 2 290;
9 1 3 0;
9 1 4 90;
9 1 5 182;
9 1 6 228;
9 1 7 147;
9 1 8 90;
9 2 1 0;
9 2 2 262;
9 2 3 66;
9 2 4 0;
9 2 5 59;
9 2 6 134;
9 2 7 193;
9 2 8 159;
9 3 1 246;
9 3 2 178;
9 3 3 247;
9 3 4 86;
9 3 5 0;
9 3 6 0;
9 3 7 173;
9 3 8 0;
9 4 1 203;
9 4 2 272;
9 4 3 289;
9 4 4 0;
9 4 5 250;
9 4 6 147;
9 4 7 207;
9 4 8 227;
10 1 1 288;
10 1 2 0;
10 1 3 0;
10 1 4 50;
10 1 5 109;
10 1 6 70;
10 1 7 52;
10 1 8 164;
10 2 1 0;
10 2 2 0;
10 2 3 114;
10 2 4 0;
10 2 5 198;
10 2 6 285;
10 2 7 73;
10 2 8 140;
10 3 1 172;
10 3 2 161;
10 3 3 286;
10 3 4 0;
10 3 5 107;
10 3 6 282;
10 3 7 235;
10 3 8 77;
10 4 1 51;
10 4 2 0;
10 4 3 0;
10 4 4 171;
10 4 5 117;
10 4 6 190;
10 4 7 142;
10 4 8 165;
11 1 1 95;
11 1 2 206;
11 1 3 190;
11 1 4 102;
11 1 5 170;
11 1 6 0;
11 1 7 196;
11 1 8 213;
11 2 1 227;
11 2 2 0;
11 2 3 155;
11 2 4 94;
11 2 5 243;
11 2 6 98;
11 2 7 0;
11 2 8 254;
11 3 1 196;
11 3 2 275;
11 3 3 112;
11 3 4 126;
11 3 5 143;
11 3 6 189;
11 3 7 0;
11 3 8 0;
11 4 1 213;
11 4 2 0;
11 4 3 157;
11 4 4 84;
11 4 5 192;
11 4 6 103;
11 4 7 227;
11 4 8 85;
12 1 1 87;
12 1 2 0;
12 1 3 233;
12 1 4 298;
12 1 5 221;
12 1 6 100;
12 1 7 276;
12 1 8 0;
12 2 1 0;
12 2 2 110;
12 2 3 288;
12 2 4 183;
12 2 5 0;
12 2 6 280;
12 2 7 252;
12 2 8 132;
12 3 1 142;
12 3 2 131;
12 3 3 240;
12 3 4 104;
12 3 5 134;
12 3 6 0;
12 3 7 0;
12 3 8 174;
12 4 1 0;
12 4 2 156;
12 4 3 121;
12 4 4 0;
12 4 5 267;
12 4 6 238;
12 4 7 0;
12 4 8 0;
13 1 1 0;
13 1 2 214;
13 1 3 0;
13 1 4 97;
13 1 5 0;
13 1 6 289;
13 1 7 194;
13 1 8 232;
13 2 1 160;
13 2 2 0;
13 2 3 0;
13 2 4 254;
13 2 5 0;
13 2 6 153;
13 2 7 166;
13 2 8 261;
13 3 1 196;
13 3 2 114;
13 3 3 234;
13 3 4 136;
13 3 5 237;
13 3 6 71;
13 3 7 0;
13 3 8 243;
13 4 1 95;
13 4 2 181;
13 4 3 156;
13 4 4 50;
13 4 5 0;
13 4 6 282;
13 4 7 160;
13 4 8 148;
14 1 1 118;
14 1 2 0;
14 1 3 140;
14 1 4 0;
14 1 5 0;
14 1 6 68;
14 1 7 131;
14 1 8 197;
14 2 1 154;
14 2 2 201;
14 2 3 167;
14 2 4 266;
14 2 5 152;
14 2 6 114;
14 2 7 278;
14 2 8 113;
14 3 1 0;
14 3 2 137;
14 3 3 108;
14 3 4 136;
14 3 5 126;
14 3 6 238;
14 3 7 119;
14 3 8 269;
14 4 1 191;
14 4 2 0;
14 4 3 0;
14 4 4 209;
14 4 5 0;
14 4 6 279;
14 4 7 249;
14 4 8 297;
15 1 1 0;
15 1 2 56;
15 1 3 56;
15 1 4 0;
15 1 5 0;
15 1 6 163;
15 1 7 0;
15 1 8 57;
15 2 1 229;
15 2 2 215;
15 2 3 146;
15 2 4 128;
15 2 5 54;
15 2 6 176;
15 2 7 210;
15 2 8 0;
15 3 1 0;
15 3 2 159;
15 3 3 298;
15 3 4 98;
15 3 5 95;
15 3 6 288;
15 3 7 97;
15 3 8 242;
15 4 1 241;
15 4 2 216;
15 4 3 248;
15 4 4 0;
15 4 5 87;
15 4 6 65;
15 4 7 126;
15 4 8 73;
16 1 1 227;
16 1 2 221;
16 1 3 0;
16 1 4 114;
16 1 5 79;
16 1 6 110;
16 1 7 227;
16 1 8 219;
16 2 1 178;
16 2 2 184;
16 2 3 280;
16 2 4 174;
16 2 5 166;
16 2 6 246;
16 2 7 276;
16 2 8 0;
16 3 1 0;
16 3 2 173;
16 3 3 189;
16 3 4 166;
16 3 5 64;
16 3 6 196;
16 3 7 107;
16 3 8 0;
16 4 1 0;
16 4 2 120;
16 4 3 246;
16 4 4 0;
16 4 5 127;
16 4 6 149;
16 4 7 236;
16 4 8 267;
17 1 1 235;
17 1 2 69;
17 1 3 274;
17 1 4 126;
17 1 5 218;
17 1 6 236;
17 1 7 252;
17 1 8 103;
17 2 1 88;
17 2 2 106;
17 2 3 108;
17 2 4 117;
17 2 5 195;
17 2 6 213;
17 2 7 90;
17 2 8 290;
17 3 1 77;
17 3 2 280;
17 3 3 205;
17 3 4 54;
17 3 5 64;
17 3 6 120;
17 3 7 246;
17 3 8 205;
17 4 1 139;
17 4 2 0;
17 4 3 0;
17 4 4 251;
17 4 5 265;
17 4 6 247;
17 4 7 50;
17 4 8 71;
18 1 1 260;
18 1 2 244;
18 1 3 226;
18 1 4 123;
18 1 5 224;
18 1 6 233;
18 1 7 0;
18 1 8 186;
18 2 1 0;
18 2 2 208;
18 2 3 0;
18 2 4 75;
18 2 5 0;
18 2 6 250;
18 2 7 299;
18 2 8 0;
18 3 1 137;
18 3 2 0;
18 3 3 143;
18 3 4 151;
18 3 5 0;
18 3 6 73;
18 3 7 96;
18 3 8 0;
18 4 1 0;
18 4 2 243;
18 4 3 290;
18 4 4 0;
18 4 5 121;
18 4 6 287;
18 4 7 0;
18 4 8 76;
19 1 1 235;
19 1 2 286;
19 1 3 171;
19 1 4 84;
19 1 5 227;
19 1 6 279;
19 1 7 295;
19 1 8 214;
19 2 1 78;
19 2 2 100;
19 2 3 166;
19 2 4 293;
19 2 5 276;
19 2 6 0;
19 2 7 278;
19 2 8 176;
19 3 1 287;
19 3 2 145;
19 3 3 55;
19 3 4 0;
19 3 5 0;
19 3 6 203;
19 3 7 203;
19 3 8 221;
19 4 1 196;
19 4 2 276;
19 4 3 224;
19 4 4 124;
19 4 5 0;
19 4 6 181;
19 4 7 0;
19 4 8 237;
20 1 1 128;
20 1 2 0;
20 1 3 227;
20 1 4 208;
20 1 5 279;
20 1 6 72;
20 1 7 200;
20 1 8 196;
20 2 1 0;
20 2 2 286;
20 2 3 202;
20 2 4 150;
20 2 5 0;
20 2 6 126;
20 2 7 90;
20 2 8 186;
20 3 1 114;
20 3 2 0;
20 3 3 213;
20 3 4 130;
20 3 5 70;
20 3 6 70;
20 3 7 171;
20 3 8 52;
20 4 1 201;
20 4 2 0;
20 4 3 113;
20 4 4 273;
20 4 5 96;
20 4 6 195;
20 4 7 270;
20 4 8 131;
]

global Cap_c = [
1 1 1 10483.0;
1 1 2 10483.0;
1 1 3 10483.0;
1 1 4 10483.0;
1 1 5 10483.0;
1 1 6 10483.0;
1 1 7 10483.0;
1 1 8 10483.0;
1 2 1 10483.0;
1 2 2 10483.0;
1 2 3 10483.0;
1 2 4 10483.0;
1 2 5 10483.0;
1 2 6 10483.0;
1 2 7 10483.0;
1 2 8 10483.0;
2 1 1 10483.0;
2 1 2 10483.0;
2 1 3 10483.0;
2 1 4 10483.0;
2 1 5 10483.0;
2 1 6 10483.0;
2 1 7 10483.0;
2 1 8 10483.0;
2 2 1 10483.0;
2 2 2 10483.0;
2 2 3 10483.0;
2 2 4 10483.0;
2 2 5 10483.0;
2 2 6 10483.0;
2 2 7 10483.0;
2 2 8 10483.0;
3 1 1 10483.0;
3 1 2 10483.0;
3 1 3 10483.0;
3 1 4 10483.0;
3 1 5 10483.0;
3 1 6 10483.0;
3 1 7 10483.0;
3 1 8 10483.0;
3 2 1 10483.0;
3 2 2 10483.0;
3 2 3 10483.0;
3 2 4 10483.0;
3 2 5 10483.0;
3 2 6 10483.0;
3 2 7 10483.0;
3 2 8 10483.0;
4 1 1 10483.0;
4 1 2 10483.0;
4 1 3 10483.0;
4 1 4 10483.0;
4 1 5 10483.0;
4 1 6 10483.0;
4 1 7 10483.0;
4 1 8 10483.0;
4 2 1 10483.0;
4 2 2 10483.0;
4 2 3 10483.0;
4 2 4 10483.0;
4 2 5 10483.0;
4 2 6 10483.0;
4 2 7 10483.0;
4 2 8 10483.0;
]

global Cap_p = [1.214129e6 1.214129e6 1.214129e6 1.214129e6 1.214129e6 1.214129e6 1.214129e6 1.214129e6; 1.034258e6 1.034258e6 1.034258e6 1.034258e6 1.034258e6 1.034258e6 1.034258e6 1.034258e6]
#-----------------------------------------