###################################################
# Classe 12 : K = 4, M = 2, T = 8, N = 20
# Exemplo: 2.   c12ex02.dat          Semente: 7384
#-----------------------Dados----------------------
global K = 4
global M = 2
global T = 8
global N = 20

global L = [540, 460]

global l = [50, 52, 61, 62, 70, 75, 82, 90, 93, 102, 104, 106, 120, 127, 132, 133, 136, 136, 142, 144]

global Q1 = 1e5
global Q2 = 1e5

global rho = [2.0, 2.0, 2.0, 2.0]

global b = [1080.0 920.0; 1080.0 920.0; 1080.0 920.0; 1080.0 920.0]

global f = [39.96 34.04; 39.96 34.04; 39.96 34.04; 39.96 34.04]

global c_km = [54.0 30.36; 33.48 20.24; 42.12 32.2; 23.76 46.0]

global p_km = [7.83 4.402; 4.855 2.935; 6.107 4.669; 3.445 6.67]

global c_x = [
1 1 1 22.14;
1 1 2 22.14;
1 1 3 22.14;
1 1 4 22.14;
1 1 5 22.14;
1 1 6 22.14;
1 1 7 22.14;
1 1 8 22.14;
1 2 1 20.24;
1 2 2 20.24;
1 2 3 20.24;
1 2 4 20.24;
1 2 5 20.24;
1 2 6 20.24;
1 2 7 20.24;
1 2 8 20.24;
2 1 1 26.892;
2 1 2 26.892;
2 1 3 26.892;
2 1 4 26.892;
2 1 5 26.892;
2 1 6 26.892;
2 1 7 26.892;
2 1 8 26.892;
2 2 1 22.54;
2 2 2 22.54;
2 2 3 22.54;
2 2 4 22.54;
2 2 5 22.54;
2 2 6 22.54;
2 2 7 22.54;
2 2 8 22.54;
3 1 1 16.632;
3 1 2 16.632;
3 1 3 16.632;
3 1 4 16.632;
3 1 5 16.632;
3 1 6 16.632;
3 1 7 16.632;
3 1 8 16.632;
3 2 1 14.72;
3 2 2 14.72;
3 2 3 14.72;
3 2 4 14.72;
3 2 5 14.72;
3 2 6 14.72;
3 2 7 14.72;
3 2 8 14.72;
4 1 1 23.759;
4 1 2 23.759;
4 1 3 23.759;
4 1 4 23.759;
4 1 5 23.759;
4 1 6 23.759;
4 1 7 23.759;
4 1 8 23.759;
4 2 1 14.26;
4 2 2 14.26;
4 2 3 14.26;
4 2 4 14.26;
4 2 5 14.26;
4 2 6 14.26;
4 2 7 14.26;
4 2 8 14.26;
]

global c_z = [
1 1 1 1.107;
1 1 2 1.107;
1 1 3 1.107;
1 1 4 1.107;
1 1 5 1.107;
1 1 6 1.107;
1 1 7 1.107;
1 1 8 1.107;
1 2 1 0.648;
1 2 2 0.648;
1 2 3 0.648;
1 2 4 0.648;
1 2 5 0.648;
1 2 6 0.648;
1 2 7 0.648;
1 2 8 0.648;
2 1 1 1.183;
2 1 2 1.183;
2 1 3 1.183;
2 1 4 1.183;
2 1 5 1.183;
2 1 6 1.183;
2 1 7 1.183;
2 1 8 1.183;
2 2 1 1.037;
2 2 2 1.037;
2 2 3 1.037;
2 2 4 1.037;
2 2 5 1.037;
2 2 6 1.037;
2 2 7 1.037;
2 2 8 1.037;
3 1 1 0.632;
3 1 2 0.632;
3 1 3 0.632;
3 1 4 0.632;
3 1 5 0.632;
3 1 6 0.632;
3 1 7 0.632;
3 1 8 0.632;
3 2 1 0.589;
3 2 2 0.589;
3 2 3 0.589;
3 2 4 0.589;
3 2 5 0.589;
3 2 6 0.589;
3 2 7 0.589;
3 2 8 0.589;
4 1 1 1.069;
4 1 2 1.069;
4 1 3 1.069;
4 1 4 1.069;
4 1 5 1.069;
4 1 6 1.069;
4 1 7 1.069;
4 1 8 1.069;
4 2 1 0.699;
4 2 2 0.699;
4 2 3 0.699;
4 2 4 0.699;
4 2 5 0.699;
4 2 6 0.699;
4 2 7 0.699;
4 2 8 0.699;
]

global c_y = [
1 1 1 2.657;
1 1 2 2.657;
1 1 3 2.657;
1 1 4 2.657;
1 1 5 2.657;
1 1 6 2.657;
1 1 7 2.657;
1 1 8 2.657;
1 2 1 3.036;
1 2 2 3.036;
1 2 3 3.036;
1 2 4 3.036;
1 2 5 3.036;
1 2 6 3.036;
1 2 7 3.036;
1 2 8 3.036;
2 1 1 3.496;
2 1 2 3.496;
2 1 3 3.496;
2 1 4 3.496;
2 1 5 3.496;
2 1 6 3.496;
2 1 7 3.496;
2 1 8 3.496;
2 2 1 2.254;
2 2 2 2.254;
2 2 3 2.254;
2 2 4 2.254;
2 2 5 2.254;
2 2 6 2.254;
2 2 7 2.254;
2 2 8 2.254;
3 1 1 1.83;
3 1 2 1.83;
3 1 3 1.83;
3 1 4 1.83;
3 1 5 1.83;
3 1 6 1.83;
3 1 7 1.83;
3 1 8 1.83;
3 2 1 1.472;
3 2 2 1.472;
3 2 3 1.472;
3 2 4 1.472;
3 2 5 1.472;
3 2 6 1.472;
3 2 7 1.472;
3 2 8 1.472;
4 1 1 2.613;
4 1 2 2.613;
4 1 3 2.613;
4 1 4 2.613;
4 1 5 2.613;
4 1 6 2.613;
4 1 7 2.613;
4 1 8 2.613;
4 2 1 1.854;
4 2 2 1.854;
4 2 3 1.854;
4 2 4 1.854;
4 2 5 1.854;
4 2 6 1.854;
4 2 7 1.854;
4 2 8 1.854;
]

global c_sc = [
1 1 1 0.085;
1 1 2 0.085;
1 1 3 0.085;
1 1 4 0.085;
1 1 5 0.085;
1 1 6 0.085;
1 1 7 0.085;
1 1 8 0.085;
1 2 1 0.1;
1 2 2 0.1;
1 2 3 0.1;
1 2 4 0.1;
1 2 5 0.1;
1 2 6 0.1;
1 2 7 0.1;
1 2 8 0.1;
2 1 1 0.171;
2 1 2 0.171;
2 1 3 0.171;
2 1 4 0.171;
2 1 5 0.171;
2 1 6 0.171;
2 1 7 0.171;
2 1 8 0.171;
2 2 1 0.108;
2 2 2 0.108;
2 2 3 0.108;
2 2 4 0.108;
2 2 5 0.108;
2 2 6 0.108;
2 2 7 0.108;
2 2 8 0.108;
3 1 1 0.059;
3 1 2 0.059;
3 1 3 0.059;
3 1 4 0.059;
3 1 5 0.059;
3 1 6 0.059;
3 1 7 0.059;
3 1 8 0.059;
3 2 1 0.072;
3 2 2 0.072;
3 2 3 0.072;
3 2 4 0.072;
3 2 5 0.072;
3 2 6 0.072;
3 2 7 0.072;
3 2 8 0.072;
4 1 1 0.099;
4 1 2 0.099;
4 1 3 0.099;
4 1 4 0.099;
4 1 5 0.099;
4 1 6 0.099;
4 1 7 0.099;
4 1 8 0.099;
4 2 1 0.072;
4 2 2 0.072;
4 2 3 0.072;
4 2 4 0.072;
4 2 5 0.072;
4 2 6 0.072;
4 2 7 0.072;
4 2 8 0.072;
]

global c_w = [
1 1 1 0.598;
1 1 2 0.598;
1 1 3 0.598;
1 1 4 0.598;
1 1 5 0.598;
1 1 6 0.598;
1 1 7 0.598;
1 1 8 0.598;
1 2 1 0.506;
1 2 2 0.506;
1 2 3 0.506;
1 2 4 0.506;
1 2 5 0.506;
1 2 6 0.506;
1 2 7 0.506;
1 2 8 0.506;
2 1 1 0.511;
2 1 2 0.511;
2 1 3 0.511;
2 1 4 0.511;
2 1 5 0.511;
2 1 6 0.511;
2 1 7 0.511;
2 1 8 0.511;
2 2 1 0.361;
2 2 2 0.361;
2 2 3 0.361;
2 2 4 0.361;
2 2 5 0.361;
2 2 6 0.361;
2 2 7 0.361;
2 2 8 0.361;
3 1 1 0.349;
3 1 2 0.349;
3 1 3 0.349;
3 1 4 0.349;
3 1 5 0.349;
3 1 6 0.349;
3 1 7 0.349;
3 1 8 0.349;
3 2 1 0.177;
3 2 2 0.177;
3 2 3 0.177;
3 2 4 0.177;
3 2 5 0.177;
3 2 6 0.177;
3 2 7 0.177;
3 2 8 0.177;
4 1 1 0.594;
4 1 2 0.594;
4 1 3 0.594;
4 1 4 0.594;
4 1 5 0.594;
4 1 6 0.594;
4 1 7 0.594;
4 1 8 0.594;
4 2 1 0.242;
4 2 2 0.242;
4 2 3 0.242;
4 2 4 0.242;
4 2 5 0.242;
4 2 6 0.242;
4 2 7 0.242;
4 2 8 0.242;
]

global c_e = [
1 1 1 0.057042925278219386;
1 1 2 0.058139904610492836;
1 1 3 0.06033386327503974;
1 1 4 0.06581875993640698;
1 1 5 0.058139904610492836;
1 1 6 0.04607313195548489;
1 1 7 0.058139904610492836;
1 1 8 0.04826709062003179;
1 2 1 0.0493879173290938;
1 2 2 0.03812400635930048;
1 2 3 0.04505564387917329;
1 2 4 0.03899046104928458;
1 2 5 0.051120826709062005;
1 2 6 0.051120826709062005;
1 2 7 0.051120826709062005;
1 2 8 0.0502543720190779;
1 3 1 0.024042130365659775;
1 3 2 0.021428855325914146;
1 3 3 0.025087440381558024;
1 3 4 0.023519475357710647;
1 3 5 0.023519475357710647;
1 3 6 0.022996820349761523;
1 3 7 0.028746025437201908;
1 3 8 0.025087440381558024;
1 4 1 0.04817965023847376;
1 4 2 0.0382114467408585;
1 4 3 0.04070349761526232;
1 4 4 0.04568759936406996;
1 4 5 0.03405802861685214;
1 4 6 0.03571939586645469;
1 4 7 0.034888712241653415;
1 4 8 0.03571939586645469;
2 1 1 0.053620349761526215;
2 1 2 0.053620349761526215;
2 1 3 0.05019777424483306;
2 1 4 0.06274721780604132;
2 1 5 0.06046550079491256;
2 1 6 0.053620349761526215;
2 1 7 0.053620349761526215;
2 1 8 0.05247949125596184;
2 2 1 0.04685786963434022;
2 2 2 0.04235230524642289;
2 2 3 0.05406677265500795;
2 2 4 0.0504623211446741;
2 2 5 0.05316565977742448;
2 2 6 0.03874785373608903;
2 2 7 0.05226454689984101;
2 2 8 0.0504623211446741;
2 3 1 0.02663449920508744;
2 3 2 0.03261367249602543;
2 3 3 0.02935230524642289;
2 3 4 0.023373131955484894;
2 3 5 0.03098298887122416;
2 3 6 0.02663449920508744;
2 3 7 0.02663449920508744;
2 3 8 0.02989586645468998;
2 4 1 0.04578728139904611;
2 4 2 0.04665119236883943;
2 4 3 0.038012082670906194;
2 4 4 0.03455643879173291;
2 4 5 0.03973990461049285;
2 4 6 0.04665119236883943;
2 4 7 0.04060381558028616;
2 4 8 0.035420349761526235;
3 1 1 0.057547535771065174;
3 1 2 0.0749456279809221;
3 1 3 0.06290079491255961;
3 1 4 0.06691573926868044;
3 1 5 0.05620922098569156;
3 1 6 0.06691573926868044;
3 1 7 0.06290079491255961;
3 1 8 0.05888585055643878;
3 2 1 0.046511287758346585;
3 2 2 0.04228298887122417;
3 2 3 0.056024960254372015;
3 2 4 0.049682511923688395;
3 2 5 0.061310333863275036;
3 2 6 0.0486254372019078;
3 2 7 0.061310333863275036;
3 2 8 0.047568362480127184;
3 3 1 0.03634542925278218;
3 3 2 0.02614320349761526;
3 3 3 0.03762070747217805;
3 3 4 0.03507015103338633;
3 3 5 0.03315723370429253;
3 3 6 0.02614320349761526;
3 3 7 0.03825834658187599;
3 3 8 0.03570779014308426;
3 4 1 0.057765739268680436;
3 4 2 0.0547254372019078;
3 4 3 0.04155079491255961;
3 4 4 0.04155079491255961;
3 4 5 0.05067170111287758;
3 4 6 0.04560453100158982;
3 4 7 0.042564228934817164;
3 4 8 0.05168513513513513;
4 1 1 0.07617424483306837;
4 1 2 0.05849093799682034;
4 1 3 0.08025500794912557;
4 1 4 0.06665246422893481;
4 1 5 0.06801271860095388;
4 1 6 0.06257170111287758;
4 1 7 0.07753449920508743;
4 1 8 0.06937297297297296;
4 2 1 0.05049697933227344;
4 2 2 0.06338982511923688;
4 2 3 0.06446422893481717;
4 2 4 0.0623154213036566;
4 2 5 0.05801780604133546;
4 2 6 0.05049697933227344;
4 2 7 0.04619936406995231;
4 2 8 0.0623154213036566;
4 3 1 0.02981224165341812;
4 3 2 0.030460333863275034;
4 3 3 0.037589348171701106;
4 3 4 0.02981224165341812;
4 3 5 0.029164149443561205;
4 3 6 0.027219872813990457;
4 3 7 0.03564507154213036;
4 3 8 0.025923688394276626;
4 4 1 0.051502384737678854;
4 4 2 0.06077281399046104;
4 4 3 0.059742766295707475;
4 4 4 0.04532209856915739;
4 4 5 0.05459252782193959;
4 4 6 0.05871271860095389;
4 4 7 0.059742766295707475;
4 4 8 0.059742766295707475;
5 1 1 0.06603815580286167;
5 1 2 0.061430842607313185;
5 1 3 0.06910969793322733;
5 1 4 0.06910969793322733;
5 1 5 0.07832432432432432;
5 1 6 0.07986009538950714;
5 1 7 0.08293163751987281;
5 1 8 0.06603815580286167;
5 2 1 0.06429093799682035;
5 2 2 0.05458664546899841;
5 2 3 0.05579968203497616;
5 2 4 0.05458664546899841;
5 2 5 0.052160572337042924;
5 2 6 0.07035612082670906;
5 2 7 0.07278219395866455;
5 2 8 0.05094753577106518;
5 3 1 0.03073211446740858;
5 3 2 0.038781001589825115;
5 3 3 0.03292726550079491;
5 3 4 0.03365898251192369;
5 3 5 0.03585413354531001;
5 3 6 0.042439586645468985;
5 3 7 0.03585413354531001;
5 3 8 0.03512241653418124;
5 4 1 0.047681240063593006;
5 4 2 0.06163672496025437;
5 4 3 0.05931081081081081;
5 4 4 0.06512559618441972;
5 4 5 0.054658982511923686;
5 4 6 0.05117011128775835;
5 4 7 0.06512559618441972;
5 4 8 0.05117011128775835;
6 1 1 0.07075516693163751;
6 1 2 0.08720985691573925;
6 1 3 0.09379173290937994;
6 1 4 0.09214626391096979;
6 1 5 0.08885532591414944;
6 1 6 0.0970826709062003;
6 1 7 0.0905007949125596;
6 1 8 0.07898251192368838;
6 2 1 0.05718600953895071;
6 2 2 0.05848569157392687;
6 2 3 0.076681240063593;
6 2 4 0.06888314785373609;
6 2 5 0.051987281399046105;
6 2 6 0.06758346581875994;
6 2 7 0.05458664546899841;
6 2 8 0.06888314785373609;
6 3 1 0.03449523052464228;
6 3 2 0.035279213036565976;
6 3 3 0.043119038155802855;
6 3 4 0.03449523052464228;
6 3 5 0.03684717806041335;
6 3 6 0.03841514308426073;
6 3 7 0.03841514308426073;
6 3 8 0.04233505564387917;
6 4 1 0.07476152623211446;
6 4 2 0.05980922098569157;
6 4 3 0.05731717011128776;
6 4 4 0.06977742448330684;
6 4 5 0.05980922098569157;
6 4 6 0.06728537360890302;
6 4 7 0.07102344992050873;
6 4 8 0.06728537360890302;
7 1 1 0.10614372019077899;
7 1 2 0.10434467408585053;
7 1 3 0.08995230524642288;
7 1 4 0.10434467408585053;
7 1 5 0.07915802861685213;
7 1 6 0.09894753577106517;
7 1 7 0.08275612082670905;
7 1 8 0.10254562798092207;
7 2 1 0.07247027027027027;
7 2 2 0.05683942766295708;
7 2 3 0.06252337042925278;
7 2 4 0.0738912559618442;
7 2 5 0.058260413354531;
7 2 6 0.07247027027027027;
7 2 7 0.07673322734499205;
7 2 8 0.058260413354531;
7 3 1 0.03600047694753576;
7 3 2 0.04628632750397456;
7 3 3 0.03685763116057233;
7 3 4 0.04371486486486486;
7 3 5 0.03685763116057233;
7 3 6 0.050572098569157384;
7 3 7 0.035143322734499195;
7 3 8 0.04371486486486486;
7 4 1 0.058579809220985685;
7 4 2 0.059942130365659776;
7 4 3 0.055855166931637515;
7 4 4 0.06539141494435612;
7 4 5 0.06675373608903021;
7 4 6 0.08037694753577106;
7 4 7 0.07628998410174881;
7 4 8 0.07220302066772655;
8 1 1 0.09477901430842604;
8 1 2 0.09280445151033384;
8 1 3 0.09872813990461048;
8 1 4 0.09872813990461048;
8 1 5 0.08095707472178058;
8 1 6 0.10465182829888711;
8 1 7 0.10070270270270268;
8 1 8 0.08490620031796502;
8 2 1 0.06706359300476948;
8 2 2 0.06706359300476948;
8 2 3 0.07798092209856916;
8 2 4 0.08265977742448331;
8 2 5 0.07018282988871224;
8 2 6 0.08110015898251194;
8 2 7 0.06706359300476948;
8 2 8 0.093577106518283;
8 3 1 0.039512718600953886;
8 3 2 0.047038950715421295;
8 3 3 0.04139427662957074;
8 3 4 0.047038950715421295;
8 3 5 0.0545651828298887;
8 3 6 0.043275834658187594;
8 3 7 0.037631160572337036;
8 3 8 0.047038950715421295;
8 4 1 0.08821860095389505;
8 4 2 0.06579014308426073;
8 4 3 0.08223767885532593;
8 4 4 0.07775198728139905;
8 4 5 0.06130445151033386;
8 4 6 0.06429491255961844;
8 4 7 0.06878060413354531;
8 4 8 0.07177106518282989;
9 1 1 0.12242289348171699;
9 1 2 0.08773640699523051;
9 1 3 0.08977678855325913;
9 1 4 0.09181717011128775;
9 1 5 0.09181717011128775;
9 1 6 0.08161526232114466;
9 1 7 0.12242289348171699;
9 1 8 0.11426136724960254;
9 2 1 0.0934731319554849;
9 2 2 0.08541510333863275;
9 2 3 0.0934731319554849;
9 2 4 0.08702670906200319;
9 2 5 0.09669634340222576;
9 2 6 0.09024992050874404;
9 2 7 0.07574546899841018;
9 2 8 0.09508473767885532;
9 3 1 0.05249546899841018;
9 3 2 0.058328298887122404;
9 3 3 0.053467607313195546;
9 3 4 0.05638402225755166;
9 3 5 0.038885532591414945;
9 3 6 0.04666263910969793;
9 3 7 0.04471836248012718;
9 3 8 0.04082980922098568;
9 4 1 0.08034372019077901;
9 4 2 0.08497893481717012;
9 4 3 0.08497893481717012;
9 4 4 0.08652400635930048;
9 4 5 0.07261836248012718;
9 4 6 0.09270429252782193;
9 4 7 0.06952821939586645;
9 4 8 0.09270429252782193;
10 1 1 0.1320324324324324;
10 1 2 0.12084324324324323;
10 1 3 0.12979459459459455;
10 1 4 0.12308108108108107;
10 1 5 0.10965405405405403;
10 1 6 0.08951351351351351;
10 1 7 0.09846486486486486;
10 1 8 0.1320324324324324;
10 2 1 0.0760054054054054;
10 2 2 0.09368108108108109;
10 2 3 0.09721621621621622;
10 2 4 0.10605405405405405;
10 2 5 0.07247027027027027;
10 2 6 0.10075135135135134;
10 2 7 0.07777297297297298;
10 2 8 0.08130810810810811;
10 3 1 0.04371486486486486;
10 3 2 0.042648648648648646;
10 3 3 0.04797972972972972;
10 3 4 0.06184054054054053;
10 3 5 0.04584729729729729;
10 3 6 0.05437702702702702;
10 3 7 0.056509459459459455;
10 3 8 0.04584729729729729;
10 4 1 0.08303513513513512;
10 4 2 0.08134054054054055;
10 4 3 0.10167567567567566;
10 4 4 0.07456216216216216;
10 4 5 0.0948972972972973;
10 4 6 0.0932027027027027;
10 4 7 0.08811891891891892;
10 4 8 0.07456216216216216;
11 1 1 0.11864928457869632;
11 1 2 0.13005786963434018;
11 1 3 0.11864928457869632;
11 1 4 0.12093100158982512;
11 1 5 0.09811383147853735;
11 1 6 0.09126868044515102;
11 1 7 0.11408585055643877;
11 1 8 0.13690302066772653;
11 2 1 0.07749570747217806;
11 2 2 0.08830906200317966;
11 2 3 0.08110015898251194;
11 2 4 0.09371573926868045;
11 2 5 0.09732019077901431;
11 2 6 0.08470461049284578;
11 2 7 0.10452909379968202;
11 2 8 0.09011128775834658;
11 3 1 0.057617488076311604;
11 3 2 0.06522734499205086;
11 3 3 0.05979173290937996;
11 3 4 0.057617488076311604;
11 3 5 0.0630531001589825;
11 3 6 0.05109475357710651;
11 3 7 0.05653036565977741;
11 3 8 0.05218187599364069;
11 4 1 0.07429634340222575;
11 4 2 0.0794798092209857;
11 4 3 0.07602416534181239;
11 4 4 0.10021367249602542;
11 4 5 0.09330238473767886;
11 4 6 0.10366931637519872;
11 4 7 0.09848585055643878;
11 4 8 0.09675802861685216;
12 1 1 0.10000063593004767;
12 1 2 0.13255898251192366;
12 1 3 0.1395357710651828;
12 1 4 0.13488457869634338;
12 1 5 0.11627980922098567;
12 1 6 0.10465182829888711;
12 1 7 0.11162861685214623;
12 1 8 0.09302384737678855;
12 2 1 0.10102861685214627;
12 2 2 0.08265977742448331;
12 2 3 0.09919173290937998;
12 2 4 0.07714912559618442;
12 2 5 0.10470238473767884;
12 2 6 0.0863335453100159;
12 2 7 0.09919173290937998;
12 2 8 0.09368108108108109;
12 3 1 0.05983354531001589;
12 3 2 0.06094157392686804;
12 3 3 0.04986128775834658;
12 3 4 0.056509459459459455;
12 3 5 0.04542917329093799;
12 3 6 0.05318537360890301;
12 3 7 0.046537201907790135;
12 3 8 0.06204960254372019;
12 4 1 0.07572511923688394;
12 4 2 0.07044197138314787;
12 4 3 0.08981351351351352;
12 4 4 0.08453036565977741;
12 4 5 0.10214085850556438;
12 4 6 0.0968577106518283;
12 4 7 0.08981351351351352;
12 4 8 0.10214085850556438;
13 1 1 0.13690302066772653;
13 1 2 0.13690302066772653;
13 1 3 0.12110651828298885;
13 1 4 0.13427027027027025;
13 1 5 0.10531001589825117;
13 1 6 0.1290047694753577;
13 1 7 0.11847376788553257;
13 1 8 0.1263720190779014;
13 2 1 0.11021303656597775;
13 2 2 0.12476947535771066;
13 2 3 0.0852591414944356;
13 2 4 0.10813354531001591;
13 2 5 0.1226899841017488;
13 2 6 0.12476947535771066;
13 2 7 0.12061049284578695;
13 2 8 0.08317965023847376;
13 3 1 0.06773608903020668;
13 3 2 0.07526232114467407;
13 3 3 0.06397297297297297;
13 3 4 0.06648171701112877;
13 3 5 0.06899046104928457;
13 3 6 0.05017488076311605;
13 3 7 0.05268362480127185;
13 3 8 0.06397297297297297;
13 4 1 0.11961844197138315;
13 4 2 0.11563116057233704;
13 4 3 0.08572655007949126;
13 4 4 0.08173926868044515;
13 4 5 0.09768839427662956;
13 4 6 0.10965023847376788;
13 4 7 0.07974562798092209;
13 4 8 0.10965023847376788;
14 1 1 0.11423942766295705;
14 1 2 0.11702575516693162;
14 1 3 0.1253847376788553;
14 1 4 0.1616069952305246;
14 1 5 0.16439332273449916;
14 1 6 0.11145310015898251;
14 1 7 0.12817106518282986;
14 1 8 0.13095739268680442;
14 2 1 0.10563815580286169;
14 2 2 0.09023259141494436;
14 2 3 0.09243338632750397;
14 2 4 0.1320476947535771;
14 2 5 0.12544531001589826;
14 2 6 0.11444133545310017;
14 2 7 0.11003974562798093;
14 2 8 0.12324451510333864;
14 3 1 0.07434244833068362;
14 3 2 0.059739467408585045;
14 3 3 0.06770472972972971;
14 3 4 0.07168736089030206;
14 3 5 0.059739467408585045;
14 3 6 0.07168736089030206;
14 3 7 0.0756699920508744;
14 3 8 0.07035981717011128;
14 4 1 0.08650739268680445;
14 4 2 0.11815643879173292;
14 4 3 0.10760675675675675;
14 4 4 0.12237631160572336;
14 4 5 0.1033868839427663;
14 4 6 0.12026637519872814;
14 4 7 0.11182662957074722;
14 4 8 0.08650739268680445;
15 1 1 0.1534893481717011;
15 1 2 0.17086550079491253;
15 1 3 0.13900922098569155;
15 1 4 0.17086550079491253;
15 1 5 0.15059332273449919;
15 1 6 0.1274251192368839;
15 1 7 0.1534893481717011;
15 1 8 0.1650734499205087;
15 2 1 0.09149761526232116;
15 2 2 0.10293481717011128;
15 2 3 0.09378505564387916;
15 2 4 0.13267154213036564;
15 2 5 0.11208457869634339;
15 2 6 0.11894689984101749;
15 2 7 0.11894689984101749;
15 2 8 0.13267154213036564;
15 3 1 0.07726931637519872;
15 3 2 0.07037027027027026;
15 3 3 0.05657217806041334;
15 3 4 0.07588950715421304;
15 3 5 0.05657217806041334;
15 3 6 0.07175007949125595;
15 3 7 0.08140874403815579;
15 3 8 0.05933179650238473;
15 4 1 0.10745723370429251;
15 4 2 0.1140362480127186;
15 4 3 0.12500127186009538;
15 4 4 0.08991319554848966;
15 4 5 0.1140362480127186;
15 4 6 0.0986852146263911;
15 4 7 0.08991319554848966;
15 4 8 0.10965023847376788;
16 1 1 0.14881621621621619;
16 1 2 0.14881621621621619;
16 1 3 0.15757011128775833;
16 1 4 0.1721599364069952;
16 1 5 0.15173418124006355;
16 1 6 0.15757011128775833;
16 1 7 0.14589825119236882;
16 1 8 0.1721599364069952;
16 2 1 0.13367662957074722;
16 2 2 0.11293370429252783;
16 2 3 0.1244575516693164;
16 2 4 0.13598139904610493;
16 2 5 0.10601939586645469;
16 2 6 0.13137186009538948;
16 2 7 0.10371462639109698;
16 2 8 0.09910508744038156;
16 3 1 0.07090337837837837;
16 3 2 0.06117154213036566;
16 3 3 0.08063521462639109;
16 3 4 0.08202547694753576;
16 3 5 0.063952066772655;
16 3 6 0.08202547694753576;
16 3 7 0.05700075516693162;
16 3 8 0.07229364069952304;
16 4 1 0.10164244833068362;
16 4 2 0.12815786963434023;
16 4 3 0.12152901430842608;
16 4 4 0.13257710651828297;
16 4 5 0.10164244833068362;
16 4 6 0.08838473767885532;
16 4 7 0.13257710651828297;
16 4 8 0.103852066772655;
17 1 1 0.13128648648648647;
17 1 2 0.1760432432432432;
17 1 3 0.15217297297297294;
17 1 4 0.15515675675675672;
17 1 5 0.179027027027027;
17 1 6 0.11935135135135135;
17 1 7 0.11935135135135135;
17 1 8 0.1760432432432432;
17 2 1 0.09898378378378378;
17 2 2 0.09427027027027028;
17 2 3 0.11783783783783784;
17 2 4 0.1414054054054054;
17 2 5 0.12490810810810811;
17 2 6 0.11548108108108109;
17 2 7 0.11076756756756756;
17 2 8 0.1319783783783784;
17 3 1 0.06255135135135134;
17 3 2 0.05686486486486486;
17 3 3 0.07250270270270269;
17 3 4 0.08245405405405404;
17 3 5 0.06823783783783784;
17 3 6 0.06112972972972972;
17 3 7 0.0668162162162162;
17 3 8 0.0781891891891892;
17 4 1 0.1220108108108108;
17 4 2 0.09263783783783783;
17 4 3 0.09263783783783783;
17 4 4 0.10845405405405405;
17 4 5 0.09941621621621621;
17 4 6 0.1333081081081081;
17 4 7 0.13104864864864862;
17 4 8 0.10167567567567568;
18 1 1 0.1432216216216216;
18 1 2 0.1402378378378378;
18 1 3 0.13128648648648647;
18 1 4 0.12830270270270266;
18 1 5 0.179027027027027;
18 1 6 0.1611243243243243;
18 1 7 0.17007567567567564;
18 1 8 0.1760432432432432;
18 2 1 0.12962162162162164;
18 2 2 0.10841081081081082;
18 2 3 0.1201945945945946;
18 2 4 0.12962162162162164;
18 2 5 0.09427027027027028;
18 2 6 0.10134054054054054;
18 2 7 0.12726486486486485;
18 2 8 0.12490810810810811;
18 3 1 0.07392432432432432;
18 3 2 0.058286486486486475;
18 3 3 0.07676756756756756;
18 3 4 0.07961081081081081;
18 3 5 0.06397297297297297;
18 3 6 0.06255135135135134;
18 3 7 0.06965945945945945;
18 3 8 0.06539459459459458;
18 4 1 0.11071351351351351;
18 4 2 0.13104864864864862;
18 4 3 0.10167567567567568;
18 4 4 0.1333081081081081;
18 4 5 0.12652972972972976;
18 4 6 0.1287891891891892;
18 4 7 0.12427027027027028;
18 4 8 0.09941621621621621;
19 1 1 0.18380985691573923;
19 1 2 0.14019395866454687;
19 1 3 0.18692527821939584;
19 1 4 0.16511732909379967;
19 1 5 0.17757901430842604;
19 1 6 0.18380985691573923;
19 1 7 0.16200190779014306;
19 1 8 0.15888648648648646;
19 2 1 0.1008899841017488;
19 2 2 0.1107329093799682;
19 2 3 0.13287949125596185;
19 2 4 0.10335071542130365;
19 2 5 0.1008899841017488;
19 2 6 0.1402616852146264;
19 2 7 0.12303656597774246;
19 2 8 0.10335071542130365;
19 3 1 0.08757607313195548;
19 3 2 0.06827965023847377;
19 3 3 0.07867003179650238;
19 3 4 0.08163871224165342;
19 3 5 0.06827965023847377;
19 3 6 0.07421701112877582;
19 3 7 0.06827965023847377;
19 3 8 0.06827965023847377;
19 4 1 0.12031621621621622;
19 4 2 0.1368302066772655;
19 4 3 0.11087965023847375;
19 4 4 0.12975278219395867;
19 4 5 0.12503449920508744;
19 4 6 0.11559793322734499;
19 4 7 0.10852050874403817;
19 4 8 0.09436565977742449;
20 1 1 0.1611243243243243;
20 1 2 0.14532782193958665;
20 1 3 0.14848712241653414;
20 1 4 0.16744292527821938;
20 1 5 0.13900922098569155;
20 1 6 0.15480572337042922;
20 1 7 0.18639872813990457;
20 1 8 0.14216852146263909;
20 2 1 0.11229252782193959;
20 2 2 0.13475103338632752;
20 2 3 0.14223720190779016;
20 2 4 0.14972337042925277;
20 2 5 0.11478791732909381;
20 2 6 0.10480635930047695;
20 2 7 0.10231096979332273;
20 2 8 0.11229252782193959;
20 3 1 0.09031478537360889;
20 3 2 0.0737570747217806;
20 3 3 0.07827281399046103;
20 3 4 0.07526232114467407;
20 3 5 0.07526232114467407;
20 3 6 0.07074658187599363;
20 3 7 0.06322034976152623;
20 3 8 0.07074658187599363;
20 4 1 0.11004896661367251;
20 4 2 0.1220108108108108;
20 4 3 0.10765659777424483;
20 4 4 0.1220108108108108;
20 4 5 0.14354213036565977;
20 4 6 0.10765659777424483;
20 4 7 0.10047949125596184;
20 4 8 0.14354213036565977;
]

global d = [
1 1 1 268;
1 1 2 144;
1 1 3 144;
1 1 4 300;
1 1 5 139;
1 1 6 0;
1 1 7 225;
1 1 8 140;
1 2 1 273;
1 2 2 208;
1 2 3 115;
1 2 4 254;
1 2 5 216;
1 2 6 152;
1 2 7 62;
1 2 8 78;
1 3 1 134;
1 3 2 0;
1 3 3 151;
1 3 4 97;
1 3 5 0;
1 3 6 58;
1 3 7 0;
1 3 8 248;
1 4 1 66;
1 4 2 292;
1 4 3 78;
1 4 4 216;
1 4 5 0;
1 4 6 128;
1 4 7 231;
1 4 8 0;
2 1 1 270;
2 1 2 255;
2 1 3 60;
2 1 4 187;
2 1 5 0;
2 1 6 147;
2 1 7 0;
2 1 8 70;
2 2 1 184;
2 2 2 263;
2 2 3 114;
2 2 4 105;
2 2 5 83;
2 2 6 87;
2 2 7 290;
2 2 8 276;
2 3 1 184;
2 3 2 78;
2 3 3 173;
2 3 4 140;
2 3 5 176;
2 3 6 300;
2 3 7 110;
2 3 8 0;
2 4 1 79;
2 4 2 0;
2 4 3 50;
2 4 4 141;
2 4 5 116;
2 4 6 62;
2 4 7 263;
2 4 8 137;
3 1 1 223;
3 1 2 237;
3 1 3 178;
3 1 4 120;
3 1 5 265;
3 1 6 144;
3 1 7 100;
3 1 8 190;
3 2 1 201;
3 2 2 168;
3 2 3 273;
3 2 4 88;
3 2 5 280;
3 2 6 238;
3 2 7 127;
3 2 8 296;
3 3 1 299;
3 3 2 55;
3 3 3 195;
3 3 4 268;
3 3 5 87;
3 3 6 62;
3 3 7 127;
3 3 8 124;
3 4 1 0;
3 4 2 288;
3 4 3 95;
3 4 4 206;
3 4 5 250;
3 4 6 228;
3 4 7 91;
3 4 8 203;
4 1 1 237;
4 1 2 217;
4 1 3 71;
4 1 4 0;
4 1 5 83;
4 1 6 70;
4 1 7 128;
4 1 8 0;
4 2 1 0;
4 2 2 299;
4 2 3 176;
4 2 4 273;
4 2 5 88;
4 2 6 136;
4 2 7 227;
4 2 8 264;
4 3 1 122;
4 3 2 152;
4 3 3 233;
4 3 4 154;
4 3 5 58;
4 3 6 244;
4 3 7 254;
4 3 8 234;
4 4 1 136;
4 4 2 149;
4 4 3 194;
4 4 4 200;
4 4 5 243;
4 4 6 290;
4 4 7 75;
4 4 8 154;
5 1 1 83;
5 1 2 281;
5 1 3 0;
5 1 4 267;
5 1 5 116;
5 1 6 251;
5 1 7 152;
5 1 8 96;
5 2 1 107;
5 2 2 298;
5 2 3 0;
5 2 4 110;
5 2 5 103;
5 2 6 0;
5 2 7 230;
5 2 8 267;
5 3 1 0;
5 3 2 0;
5 3 3 284;
5 3 4 53;
5 3 5 147;
5 3 6 55;
5 3 7 81;
5 3 8 153;
5 4 1 54;
5 4 2 193;
5 4 3 0;
5 4 4 0;
5 4 5 164;
5 4 6 73;
5 4 7 211;
5 4 8 95;
6 1 1 104;
6 1 2 86;
6 1 3 0;
6 1 4 160;
6 1 5 242;
6 1 6 101;
6 1 7 119;
6 1 8 204;
6 2 1 99;
6 2 2 299;
6 2 3 212;
6 2 4 278;
6 2 5 163;
6 2 6 179;
6 2 7 0;
6 2 8 250;
6 3 1 79;
6 3 2 285;
6 3 3 281;
6 3 4 91;
6 3 5 196;
6 3 6 219;
6 3 7 124;
6 3 8 75;
6 4 1 113;
6 4 2 151;
6 4 3 0;
6 4 4 50;
6 4 5 176;
6 4 6 288;
6 4 7 98;
6 4 8 276;
7 1 1 146;
7 1 2 169;
7 1 3 0;
7 1 4 76;
7 1 5 169;
7 1 6 194;
7 1 7 153;
7 1 8 0;
7 2 1 295;
7 2 2 57;
7 2 3 63;
7 2 4 215;
7 2 5 291;
7 2 6 0;
7 2 7 95;
7 2 8 192;
7 3 1 186;
7 3 2 167;
7 3 3 169;
7 3 4 205;
7 3 5 299;
7 3 6 179;
7 3 7 210;
7 3 8 247;
7 4 1 0;
7 4 2 0;
7 4 3 134;
7 4 4 115;
7 4 5 231;
7 4 6 263;
7 4 7 70;
7 4 8 234;
8 1 1 227;
8 1 2 294;
8 1 3 262;
8 1 4 53;
8 1 5 125;
8 1 6 180;
8 1 7 52;
8 1 8 0;
8 2 1 87;
8 2 2 56;
8 2 3 97;
8 2 4 229;
8 2 5 199;
8 2 6 52;
8 2 7 0;
8 2 8 231;
8 3 1 95;
8 3 2 150;
8 3 3 198;
8 3 4 150;
8 3 5 264;
8 3 6 162;
8 3 7 291;
8 3 8 204;
8 4 1 158;
8 4 2 246;
8 4 3 265;
8 4 4 295;
8 4 5 0;
8 4 6 0;
8 4 7 222;
8 4 8 174;
9 1 1 262;
9 1 2 226;
9 1 3 0;
9 1 4 0;
9 1 5 0;
9 1 6 132;
9 1 7 193;
9 1 8 217;
9 2 1 170;
9 2 2 215;
9 2 3 100;
9 2 4 286;
9 2 5 0;
9 2 6 249;
9 2 7 111;
9 2 8 0;
9 3 1 232;
9 3 2 161;
9 3 3 169;
9 3 4 60;
9 3 5 144;
9 3 6 199;
9 3 7 74;
9 3 8 267;
9 4 1 208;
9 4 2 145;
9 4 3 0;
9 4 4 0;
9 4 5 0;
9 4 6 81;
9 4 7 144;
9 4 8 94;
10 1 1 218;
10 1 2 137;
10 1 3 180;
10 1 4 300;
10 1 5 275;
10 1 6 76;
10 1 7 262;
10 1 8 282;
10 2 1 0;
10 2 2 208;
10 2 3 0;
10 2 4 214;
10 2 5 0;
10 2 6 131;
10 2 7 73;
10 2 8 229;
10 3 1 195;
10 3 2 290;
10 3 3 225;
10 3 4 59;
10 3 5 0;
10 3 6 115;
10 3 7 106;
10 3 8 170;
10 4 1 290;
10 4 2 166;
10 4 3 155;
10 4 4 241;
10 4 5 272;
10 4 6 287;
10 4 7 287;
10 4 8 0;
11 1 1 273;
11 1 2 197;
11 1 3 216;
11 1 4 64;
11 1 5 168;
11 1 6 267;
11 1 7 160;
11 1 8 0;
11 2 1 81;
11 2 2 189;
11 2 3 179;
11 2 4 204;
11 2 5 96;
11 2 6 269;
11 2 7 245;
11 2 8 81;
11 3 1 113;
11 3 2 81;
11 3 3 104;
11 3 4 263;
11 3 5 293;
11 3 6 156;
11 3 7 0;
11 3 8 232;
11 4 1 184;
11 4 2 175;
11 4 3 0;
11 4 4 133;
11 4 5 220;
11 4 6 221;
11 4 7 0;
11 4 8 267;
12 1 1 274;
12 1 2 138;
12 1 3 254;
12 1 4 166;
12 1 5 156;
12 1 6 201;
12 1 7 278;
12 1 8 241;
12 2 1 106;
12 2 2 172;
12 2 3 297;
12 2 4 136;
12 2 5 270;
12 2 6 129;
12 2 7 196;
12 2 8 104;
12 3 1 190;
12 3 2 234;
12 3 3 292;
12 3 4 285;
12 3 5 56;
12 3 6 113;
12 3 7 141;
12 3 8 218;
12 4 1 55;
12 4 2 224;
12 4 3 0;
12 4 4 80;
12 4 5 113;
12 4 6 0;
12 4 7 198;
12 4 8 135;
13 1 1 84;
13 1 2 113;
13 1 3 204;
13 1 4 75;
13 1 5 171;
13 1 6 101;
13 1 7 86;
13 1 8 182;
13 2 1 187;
13 2 2 281;
13 2 3 0;
13 2 4 152;
13 2 5 0;
13 2 6 94;
13 2 7 63;
13 2 8 235;
13 3 1 0;
13 3 2 123;
13 3 3 216;
13 3 4 174;
13 3 5 0;
13 3 6 0;
13 3 7 187;
13 3 8 231;
13 4 1 255;
13 4 2 53;
13 4 3 84;
13 4 4 70;
13 4 5 137;
13 4 6 164;
13 4 7 170;
13 4 8 246;
14 1 1 0;
14 1 2 0;
14 1 3 149;
14 1 4 0;
14 1 5 156;
14 1 6 218;
14 1 7 255;
14 1 8 79;
14 2 1 179;
14 2 2 239;
14 2 3 0;
14 2 4 269;
14 2 5 51;
14 2 6 201;
14 2 7 219;
14 2 8 0;
14 3 1 0;
14 3 2 127;
14 3 3 91;
14 3 4 260;
14 3 5 266;
14 3 6 281;
14 3 7 87;
14 3 8 77;
14 4 1 121;
14 4 2 131;
14 4 3 54;
14 4 4 300;
14 4 5 135;
14 4 6 183;
14 4 7 51;
14 4 8 0;
15 1 1 177;
15 1 2 179;
15 1 3 270;
15 1 4 100;
15 1 5 155;
15 1 6 142;
15 1 7 122;
15 1 8 111;
15 2 1 94;
15 2 2 0;
15 2 3 117;
15 2 4 73;
15 2 5 0;
15 2 6 185;
15 2 7 0;
15 2 8 0;
15 3 1 167;
15 3 2 0;
15 3 3 263;
15 3 4 284;
15 3 5 277;
15 3 6 165;
15 3 7 0;
15 3 8 234;
15 4 1 289;
15 4 2 160;
15 4 3 125;
15 4 4 280;
15 4 5 0;
15 4 6 96;
15 4 7 88;
15 4 8 238;
16 1 1 264;
16 1 2 274;
16 1 3 156;
16 1 4 298;
16 1 5 300;
16 1 6 202;
16 1 7 141;
16 1 8 200;
16 2 1 165;
16 2 2 0;
16 2 3 266;
16 2 4 157;
16 2 5 263;
16 2 6 0;
16 2 7 50;
16 2 8 92;
16 3 1 83;
16 3 2 222;
16 3 3 238;
16 3 4 102;
16 3 5 77;
16 3 6 128;
16 3 7 263;
16 3 8 114;
16 4 1 235;
16 4 2 166;
16 4 3 109;
16 4 4 282;
16 4 5 100;
16 4 6 220;
16 4 7 76;
16 4 8 253;
17 1 1 81;
17 1 2 268;
17 1 3 233;
17 1 4 228;
17 1 5 127;
17 1 6 0;
17 1 7 205;
17 1 8 0;
17 2 1 58;
17 2 2 254;
17 2 3 287;
17 2 4 264;
17 2 5 280;
17 2 6 112;
17 2 7 99;
17 2 8 187;
17 3 1 0;
17 3 2 154;
17 3 3 0;
17 3 4 0;
17 3 5 78;
17 3 6 271;
17 3 7 70;
17 3 8 214;
17 4 1 215;
17 4 2 86;
17 4 3 54;
17 4 4 176;
17 4 5 210;
17 4 6 276;
17 4 7 282;
17 4 8 0;
18 1 1 151;
18 1 2 293;
18 1 3 100;
18 1 4 0;
18 1 5 158;
18 1 6 131;
18 1 7 0;
18 1 8 133;
18 2 1 0;
18 2 2 115;
18 2 3 83;
18 2 4 174;
18 2 5 275;
18 2 6 120;
18 2 7 195;
18 2 8 167;
18 3 1 0;
18 3 2 288;
18 3 3 157;
18 3 4 258;
18 3 5 262;
18 3 6 147;
18 3 7 79;
18 3 8 240;
18 4 1 147;
18 4 2 0;
18 4 3 295;
18 4 4 91;
18 4 5 141;
18 4 6 80;
18 4 7 233;
18 4 8 268;
19 1 1 0;
19 1 2 186;
19 1 3 51;
19 1 4 233;
19 1 5 0;
19 1 6 220;
19 1 7 0;
19 1 8 203;
19 2 1 298;
19 2 2 98;
19 2 3 255;
19 2 4 228;
19 2 5 241;
19 2 6 300;
19 2 7 126;
19 2 8 248;
19 3 1 138;
19 3 2 88;
19 3 3 132;
19 3 4 110;
19 3 5 0;
19 3 6 102;
19 3 7 75;
19 3 8 193;
19 4 1 220;
19 4 2 0;
19 4 3 223;
19 4 4 74;
19 4 5 0;
19 4 6 160;
19 4 7 85;
19 4 8 211;
20 1 1 149;
20 1 2 83;
20 1 3 0;
20 1 4 0;
20 1 5 239;
20 1 6 204;
20 1 7 69;
20 1 8 265;
20 2 1 242;
20 2 2 254;
20 2 3 0;
20 2 4 120;
20 2 5 290;
20 2 6 255;
20 2 7 262;
20 2 8 151;
20 3 1 188;
20 3 2 146;
20 3 3 224;
20 3 4 172;
20 3 5 0;
20 3 6 0;
20 3 7 0;
20 3 8 93;
20 4 1 86;
20 4 2 70;
20 4 3 93;
20 4 4 0;
20 4 5 84;
20 4 6 126;
20 4 7 152;
20 4 8 182;
]

global Cap_c = [
1 1 1 11223.0;
1 1 2 11223.0;
1 1 3 11223.0;
1 1 4 11223.0;
1 1 5 11223.0;
1 1 6 11223.0;
1 1 7 11223.0;
1 1 8 11223.0;
1 2 1 11223.0;
1 2 2 11223.0;
1 2 3 11223.0;
1 2 4 11223.0;
1 2 5 11223.0;
1 2 6 11223.0;
1 2 7 11223.0;
1 2 8 11223.0;
2 1 1 11223.0;
2 1 2 11223.0;
2 1 3 11223.0;
2 1 4 11223.0;
2 1 5 11223.0;
2 1 6 11223.0;
2 1 7 11223.0;
2 1 8 11223.0;
2 2 1 11223.0;
2 2 2 11223.0;
2 2 3 11223.0;
2 2 4 11223.0;
2 2 5 11223.0;
2 2 6 11223.0;
2 2 7 11223.0;
2 2 8 11223.0;
3 1 1 11223.0;
3 1 2 11223.0;
3 1 3 11223.0;
3 1 4 11223.0;
3 1 5 11223.0;
3 1 6 11223.0;
3 1 7 11223.0;
3 1 8 11223.0;
3 2 1 11223.0;
3 2 2 11223.0;
3 2 3 11223.0;
3 2 4 11223.0;
3 2 5 11223.0;
3 2 6 11223.0;
3 2 7 11223.0;
3 2 8 11223.0;
4 1 1 11223.0;
4 1 2 11223.0;
4 1 3 11223.0;
4 1 4 11223.0;
4 1 5 11223.0;
4 1 6 11223.0;
4 1 7 11223.0;
4 1 8 11223.0;
4 2 1 11223.0;
4 2 2 11223.0;
4 2 3 11223.0;
4 2 4 11223.0;
4 2 5 11223.0;
4 2 6 11223.0;
4 2 7 11223.0;
4 2 8 11223.0;
]

global Cap_p = [1.288884e6 1.288884e6 1.288884e6 1.288884e6 1.288884e6 1.288884e6 1.288884e6 1.288884e6; 1.097938e6 1.097938e6 1.097938e6 1.097938e6 1.097938e6 1.097938e6 1.097938e6 1.097938e6]
#-----------------------------------------