###################################################
# Classe 17 : K = 4, M = 2, T = 12, N = 10
# Exemplo: 1.   c17ex01.dat          Semente: 1000
#-----------------------Dados----------------------
global K = 4
global M = 2
global T = 12
global N = 10

global L = [540, 460]

global l = [70, 89, 100, 102, 105, 113, 114, 139, 142, 144]

global Q1 = 1e5
global Q2 = 1e5

global rho = [2.0, 2.0, 2.0, 2.0]

global b = [1080.0 920.0; 1080.0 920.0; 1080.0 920.0; 1080.0 920.0]

global f = [24.84 21.16; 24.84 21.16; 24.84 21.16; 24.84 21.16]

global c_km = [33.48 26.68; 21.6 45.08; 52.92 32.2; 21.6 27.6]

global p_km = [4.252 3.388; 2.743 5.725; 6.721 4.089; 2.743 3.505]

global c_x = [
1 1 1 20.952;
1 1 2 20.952;
1 1 3 20.952;
1 1 4 20.952;
1 1 5 20.952;
1 1 6 20.952;
1 1 7 20.952;
1 1 8 20.952;
1 1 9 20.952;
1 1 10 20.952;
1 1 11 20.952;
1 1 12 20.952;
1 2 1 14.812;
1 2 2 14.812;
1 2 3 14.812;
1 2 4 14.812;
1 2 5 14.812;
1 2 6 14.812;
1 2 7 14.812;
1 2 8 14.812;
1 2 9 14.812;
1 2 10 14.812;
1 2 11 14.812;
1 2 12 14.812;
2 1 1 23.22;
2 1 2 23.22;
2 1 3 23.22;
2 1 4 23.22;
2 1 5 23.22;
2 1 6 23.22;
2 1 7 23.22;
2 1 8 23.22;
2 1 9 23.22;
2 1 10 23.22;
2 1 11 23.22;
2 1 12 23.22;
2 2 1 15.547;
2 2 2 15.547;
2 2 3 15.547;
2 2 4 15.547;
2 2 5 15.547;
2 2 6 15.547;
2 2 7 15.547;
2 2 8 15.547;
2 2 9 15.547;
2 2 10 15.547;
2 2 11 15.547;
2 2 12 15.547;
3 1 1 18.684;
3 1 2 18.684;
3 1 3 18.684;
3 1 4 18.684;
3 1 5 18.684;
3 1 6 18.684;
3 1 7 18.684;
3 1 8 18.684;
3 1 9 18.684;
3 1 10 18.684;
3 1 11 18.684;
3 1 12 18.684;
3 2 1 19.688;
3 2 2 19.688;
3 2 3 19.688;
3 2 4 19.688;
3 2 5 19.688;
3 2 6 19.688;
3 2 7 19.688;
3 2 8 19.688;
3 2 9 19.688;
3 2 10 19.688;
3 2 11 19.688;
3 2 12 19.688;
4 1 1 20.52;
4 1 2 20.52;
4 1 3 20.52;
4 1 4 20.52;
4 1 5 20.52;
4 1 6 20.52;
4 1 7 20.52;
4 1 8 20.52;
4 1 9 20.52;
4 1 10 20.52;
4 1 11 20.52;
4 1 12 20.52;
4 2 1 22.355;
4 2 2 22.355;
4 2 3 22.355;
4 2 4 22.355;
4 2 5 22.355;
4 2 6 22.355;
4 2 7 22.355;
4 2 8 22.355;
4 2 9 22.355;
4 2 10 22.355;
4 2 11 22.355;
4 2 12 22.355;
]

global c_z = [
1 1 1 0.733;
1 1 2 0.733;
1 1 3 0.733;
1 1 4 0.733;
1 1 5 0.733;
1 1 6 0.733;
1 1 7 0.733;
1 1 8 0.733;
1 1 9 0.733;
1 1 10 0.733;
1 1 11 0.733;
1 1 12 0.733;
1 2 1 0.592;
1 2 2 0.592;
1 2 3 0.592;
1 2 4 0.592;
1 2 5 0.592;
1 2 6 0.592;
1 2 7 0.592;
1 2 8 0.592;
1 2 9 0.592;
1 2 10 0.592;
1 2 11 0.592;
1 2 12 0.592;
2 1 1 0.789;
2 1 2 0.789;
2 1 3 0.789;
2 1 4 0.789;
2 1 5 0.789;
2 1 6 0.789;
2 1 7 0.789;
2 1 8 0.789;
2 1 9 0.789;
2 1 10 0.789;
2 1 11 0.789;
2 1 12 0.789;
2 2 1 0.746;
2 2 2 0.746;
2 2 3 0.746;
2 2 4 0.746;
2 2 5 0.746;
2 2 6 0.746;
2 2 7 0.746;
2 2 8 0.746;
2 2 9 0.746;
2 2 10 0.746;
2 2 11 0.746;
2 2 12 0.746;
3 1 1 0.691;
3 1 2 0.691;
3 1 3 0.691;
3 1 4 0.691;
3 1 5 0.691;
3 1 6 0.691;
3 1 7 0.691;
3 1 8 0.691;
3 1 9 0.691;
3 1 10 0.691;
3 1 11 0.691;
3 1 12 0.691;
3 2 1 0.748;
3 2 2 0.748;
3 2 3 0.748;
3 2 4 0.748;
3 2 5 0.748;
3 2 6 0.748;
3 2 7 0.748;
3 2 8 0.748;
3 2 9 0.748;
3 2 10 0.748;
3 2 11 0.748;
3 2 12 0.748;
4 1 1 1.005;
4 1 2 1.005;
4 1 3 1.005;
4 1 4 1.005;
4 1 5 1.005;
4 1 6 1.005;
4 1 7 1.005;
4 1 8 1.005;
4 1 9 1.005;
4 1 10 1.005;
4 1 11 1.005;
4 1 12 1.005;
4 2 1 0.738;
4 2 2 0.738;
4 2 3 0.738;
4 2 4 0.738;
4 2 5 0.738;
4 2 6 0.738;
4 2 7 0.738;
4 2 8 0.738;
4 2 9 0.738;
4 2 10 0.738;
4 2 11 0.738;
4 2 12 0.738;
]

global c_y = [
1 1 1 2.724;
1 1 2 2.724;
1 1 3 2.724;
1 1 4 2.724;
1 1 5 2.724;
1 1 6 2.724;
1 1 7 2.724;
1 1 8 2.724;
1 1 9 2.724;
1 1 10 2.724;
1 1 11 2.724;
1 1 12 2.724;
1 2 1 2.074;
1 2 2 2.074;
1 2 3 2.074;
1 2 4 2.074;
1 2 5 2.074;
1 2 6 2.074;
1 2 7 2.074;
1 2 8 2.074;
1 2 9 2.074;
1 2 10 2.074;
1 2 11 2.074;
1 2 12 2.074;
2 1 1 3.019;
2 1 2 3.019;
2 1 3 3.019;
2 1 4 3.019;
2 1 5 3.019;
2 1 6 3.019;
2 1 7 3.019;
2 1 8 3.019;
2 1 9 3.019;
2 1 10 3.019;
2 1 11 3.019;
2 1 12 3.019;
2 2 1 2.177;
2 2 2 2.177;
2 2 3 2.177;
2 2 4 2.177;
2 2 5 2.177;
2 2 6 2.177;
2 2 7 2.177;
2 2 8 2.177;
2 2 9 2.177;
2 2 10 2.177;
2 2 11 2.177;
2 2 12 2.177;
3 1 1 2.616;
3 1 2 2.616;
3 1 3 2.616;
3 1 4 2.616;
3 1 5 2.616;
3 1 6 2.616;
3 1 7 2.616;
3 1 8 2.616;
3 1 9 2.616;
3 1 10 2.616;
3 1 11 2.616;
3 1 12 2.616;
3 2 1 2.559;
3 2 2 2.559;
3 2 3 2.559;
3 2 4 2.559;
3 2 5 2.559;
3 2 6 2.559;
3 2 7 2.559;
3 2 8 2.559;
3 2 9 2.559;
3 2 10 2.559;
3 2 11 2.559;
3 2 12 2.559;
4 1 1 2.462;
4 1 2 2.462;
4 1 3 2.462;
4 1 4 2.462;
4 1 5 2.462;
4 1 6 2.462;
4 1 7 2.462;
4 1 8 2.462;
4 1 9 2.462;
4 1 10 2.462;
4 1 11 2.462;
4 1 12 2.462;
4 2 1 2.236;
4 2 2 2.236;
4 2 3 2.236;
4 2 4 2.236;
4 2 5 2.236;
4 2 6 2.236;
4 2 7 2.236;
4 2 8 2.236;
4 2 9 2.236;
4 2 10 2.236;
4 2 11 2.236;
4 2 12 2.236;
]

global c_sc = [
1 1 1 0.392;
1 1 2 0.392;
1 1 3 0.392;
1 1 4 0.392;
1 1 5 0.392;
1 1 6 0.392;
1 1 7 0.392;
1 1 8 0.392;
1 1 9 0.392;
1 1 10 0.392;
1 1 11 0.392;
1 1 12 0.392;
1 2 1 0.162;
1 2 2 0.162;
1 2 3 0.162;
1 2 4 0.162;
1 2 5 0.162;
1 2 6 0.162;
1 2 7 0.162;
1 2 8 0.162;
1 2 9 0.162;
1 2 10 0.162;
1 2 11 0.162;
1 2 12 0.162;
2 1 1 0.281;
2 1 2 0.281;
2 1 3 0.281;
2 1 4 0.281;
2 1 5 0.281;
2 1 6 0.281;
2 1 7 0.281;
2 1 8 0.281;
2 1 9 0.281;
2 1 10 0.281;
2 1 11 0.281;
2 1 12 0.281;
2 2 1 0.235;
2 2 2 0.235;
2 2 3 0.235;
2 2 4 0.235;
2 2 5 0.235;
2 2 6 0.235;
2 2 7 0.235;
2 2 8 0.235;
2 2 9 0.235;
2 2 10 0.235;
2 2 11 0.235;
2 2 12 0.235;
3 1 1 0.298;
3 1 2 0.298;
3 1 3 0.298;
3 1 4 0.298;
3 1 5 0.298;
3 1 6 0.298;
3 1 7 0.298;
3 1 8 0.298;
3 1 9 0.298;
3 1 10 0.298;
3 1 11 0.298;
3 1 12 0.298;
3 2 1 0.299;
3 2 2 0.299;
3 2 3 0.299;
3 2 4 0.299;
3 2 5 0.299;
3 2 6 0.299;
3 2 7 0.299;
3 2 8 0.299;
3 2 9 0.299;
3 2 10 0.299;
3 2 11 0.299;
3 2 12 0.299;
4 1 1 0.308;
4 1 2 0.308;
4 1 3 0.308;
4 1 4 0.308;
4 1 5 0.308;
4 1 6 0.308;
4 1 7 0.308;
4 1 8 0.308;
4 1 9 0.308;
4 1 10 0.308;
4 1 11 0.308;
4 1 12 0.308;
4 2 1 0.168;
4 2 2 0.168;
4 2 3 0.168;
4 2 4 0.168;
4 2 5 0.168;
4 2 6 0.168;
4 2 7 0.168;
4 2 8 0.168;
4 2 9 0.168;
4 2 10 0.168;
4 2 11 0.168;
4 2 12 0.168;
]

global c_w = [
1 1 1 9.1e-6;
1 1 2 9.1e-6;
1 1 3 9.1e-6;
1 1 4 9.1e-6;
1 1 5 9.1e-6;
1 1 6 9.1e-6;
1 1 7 9.1e-6;
1 1 8 9.1e-6;
1 1 9 9.1e-6;
1 1 10 9.1e-6;
1 1 11 9.1e-6;
1 1 12 9.1e-6;
1 2 1 9.9e-6;
1 2 2 9.9e-6;
1 2 3 9.9e-6;
1 2 4 9.9e-6;
1 2 5 9.9e-6;
1 2 6 9.9e-6;
1 2 7 9.9e-6;
1 2 8 9.9e-6;
1 2 9 9.9e-6;
1 2 10 9.9e-6;
1 2 11 9.9e-6;
1 2 12 9.9e-6;
2 1 1 1.09e-5;
2 1 2 1.09e-5;
2 1 3 1.09e-5;
2 1 4 1.09e-5;
2 1 5 1.09e-5;
2 1 6 1.09e-5;
2 1 7 1.09e-5;
2 1 8 1.09e-5;
2 1 9 1.09e-5;
2 1 10 1.09e-5;
2 1 11 1.09e-5;
2 1 12 1.09e-5;
2 2 1 1.19e-5;
2 2 2 1.19e-5;
2 2 3 1.19e-5;
2 2 4 1.19e-5;
2 2 5 1.19e-5;
2 2 6 1.19e-5;
2 2 7 1.19e-5;
2 2 8 1.19e-5;
2 2 9 1.19e-5;
2 2 10 1.19e-5;
2 2 11 1.19e-5;
2 2 12 1.19e-5;
3 1 1 1.01e-5;
3 1 2 1.01e-5;
3 1 3 1.01e-5;
3 1 4 1.01e-5;
3 1 5 1.01e-5;
3 1 6 1.01e-5;
3 1 7 1.01e-5;
3 1 8 1.01e-5;
3 1 9 1.01e-5;
3 1 10 1.01e-5;
3 1 11 1.01e-5;
3 1 12 1.01e-5;
3 2 1 8.9e-6;
3 2 2 8.9e-6;
3 2 3 8.9e-6;
3 2 4 8.9e-6;
3 2 5 8.9e-6;
3 2 6 8.9e-6;
3 2 7 8.9e-6;
3 2 8 8.9e-6;
3 2 9 8.9e-6;
3 2 10 8.9e-6;
3 2 11 8.9e-6;
3 2 12 8.9e-6;
4 1 1 1.11e-5;
4 1 2 1.11e-5;
4 1 3 1.11e-5;
4 1 4 1.11e-5;
4 1 5 1.11e-5;
4 1 6 1.11e-5;
4 1 7 1.11e-5;
4 1 8 1.11e-5;
4 1 9 1.11e-5;
4 1 10 1.11e-5;
4 1 11 1.11e-5;
4 1 12 1.11e-5;
4 2 1 8.3e-6;
4 2 2 8.3e-6;
4 2 3 8.3e-6;
4 2 4 8.3e-6;
4 2 5 8.3e-6;
4 2 6 8.3e-6;
4 2 7 8.3e-6;
4 2 8 8.3e-6;
4 2 9 8.3e-6;
4 2 10 8.3e-6;
4 2 11 8.3e-6;
4 2 12 8.3e-6;
]

global c_e = [
1 1 1 4.55e-6;
1 1 2 4.55e-6;
1 1 3 4.55e-6;
1 1 4 4.55e-6;
1 1 5 4.55e-6;
1 1 6 4.55e-6;
1 1 7 4.55e-6;
1 1 8 4.55e-6;
1 1 9 4.55e-6;
1 1 10 4.55e-6;
1 1 11 4.55e-6;
1 1 12 4.55e-6;
1 2 1 5.45e-6;
1 2 2 5.45e-6;
1 2 3 5.45e-6;
1 2 4 5.45e-6;
1 2 5 5.45e-6;
1 2 6 5.45e-6;
1 2 7 5.45e-6;
1 2 8 5.45e-6;
1 2 9 5.45e-6;
1 2 10 5.45e-6;
1 2 11 5.45e-6;
1 2 12 5.45e-6;
1 3 1 5.05e-6;
1 3 2 5.05e-6;
1 3 3 5.05e-6;
1 3 4 5.05e-6;
1 3 5 5.05e-6;
1 3 6 5.05e-6;
1 3 7 5.05e-6;
1 3 8 5.05e-6;
1 3 9 5.05e-6;
1 3 10 5.05e-6;
1 3 11 5.05e-6;
1 3 12 5.05e-6;
1 4 1 5.55e-6;
1 4 2 5.55e-6;
1 4 3 5.55e-6;
1 4 4 5.55e-6;
1 4 5 5.55e-6;
1 4 6 5.55e-6;
1 4 7 5.55e-6;
1 4 8 5.55e-6;
1 4 9 5.55e-6;
1 4 10 5.55e-6;
1 4 11 5.55e-6;
1 4 12 5.55e-6;
2 1 1 4.55e-6;
2 1 2 4.55e-6;
2 1 3 4.55e-6;
2 1 4 4.55e-6;
2 1 5 4.55e-6;
2 1 6 4.55e-6;
2 1 7 4.55e-6;
2 1 8 4.55e-6;
2 1 9 4.55e-6;
2 1 10 4.55e-6;
2 1 11 4.55e-6;
2 1 12 4.55e-6;
2 2 1 5.45e-6;
2 2 2 5.45e-6;
2 2 3 5.45e-6;
2 2 4 5.45e-6;
2 2 5 5.45e-6;
2 2 6 5.45e-6;
2 2 7 5.45e-6;
2 2 8 5.45e-6;
2 2 9 5.45e-6;
2 2 10 5.45e-6;
2 2 11 5.45e-6;
2 2 12 5.45e-6;
2 3 1 5.05e-6;
2 3 2 5.05e-6;
2 3 3 5.05e-6;
2 3 4 5.05e-6;
2 3 5 5.05e-6;
2 3 6 5.05e-6;
2 3 7 5.05e-6;
2 3 8 5.05e-6;
2 3 9 5.05e-6;
2 3 10 5.05e-6;
2 3 11 5.05e-6;
2 3 12 5.05e-6;
2 4 1 5.55e-6;
2 4 2 5.55e-6;
2 4 3 5.55e-6;
2 4 4 5.55e-6;
2 4 5 5.55e-6;
2 4 6 5.55e-6;
2 4 7 5.55e-6;
2 4 8 5.55e-6;
2 4 9 5.55e-6;
2 4 10 5.55e-6;
2 4 11 5.55e-6;
2 4 12 5.55e-6;
3 1 1 4.55e-6;
3 1 2 4.55e-6;
3 1 3 4.55e-6;
3 1 4 4.55e-6;
3 1 5 4.55e-6;
3 1 6 4.55e-6;
3 1 7 4.55e-6;
3 1 8 4.55e-6;
3 1 9 4.55e-6;
3 1 10 4.55e-6;
3 1 11 4.55e-6;
3 1 12 4.55e-6;
3 2 1 5.45e-6;
3 2 2 5.45e-6;
3 2 3 5.45e-6;
3 2 4 5.45e-6;
3 2 5 5.45e-6;
3 2 6 5.45e-6;
3 2 7 5.45e-6;
3 2 8 5.45e-6;
3 2 9 5.45e-6;
3 2 10 5.45e-6;
3 2 11 5.45e-6;
3 2 12 5.45e-6;
3 3 1 5.05e-6;
3 3 2 5.05e-6;
3 3 3 5.05e-6;
3 3 4 5.05e-6;
3 3 5 5.05e-6;
3 3 6 5.05e-6;
3 3 7 5.05e-6;
3 3 8 5.05e-6;
3 3 9 5.05e-6;
3 3 10 5.05e-6;
3 3 11 5.05e-6;
3 3 12 5.05e-6;
3 4 1 5.55e-6;
3 4 2 5.55e-6;
3 4 3 5.55e-6;
3 4 4 5.55e-6;
3 4 5 5.55e-6;
3 4 6 5.55e-6;
3 4 7 5.55e-6;
3 4 8 5.55e-6;
3 4 9 5.55e-6;
3 4 10 5.55e-6;
3 4 11 5.55e-6;
3 4 12 5.55e-6;
4 1 1 4.55e-6;
4 1 2 4.55e-6;
4 1 3 4.55e-6;
4 1 4 4.55e-6;
4 1 5 4.55e-6;
4 1 6 4.55e-6;
4 1 7 4.55e-6;
4 1 8 4.55e-6;
4 1 9 4.55e-6;
4 1 10 4.55e-6;
4 1 11 4.55e-6;
4 1 12 4.55e-6;
4 2 1 5.45e-6;
4 2 2 5.45e-6;
4 2 3 5.45e-6;
4 2 4 5.45e-6;
4 2 5 5.45e-6;
4 2 6 5.45e-6;
4 2 7 5.45e-6;
4 2 8 5.45e-6;
4 2 9 5.45e-6;
4 2 10 5.45e-6;
4 2 11 5.45e-6;
4 2 12 5.45e-6;
4 3 1 5.05e-6;
4 3 2 5.05e-6;
4 3 3 5.05e-6;
4 3 4 5.05e-6;
4 3 5 5.05e-6;
4 3 6 5.05e-6;
4 3 7 5.05e-6;
4 3 8 5.05e-6;
4 3 9 5.05e-6;
4 3 10 5.05e-6;
4 3 11 5.05e-6;
4 3 12 5.05e-6;
4 4 1 5.55e-6;
4 4 2 5.55e-6;
4 4 3 5.55e-6;
4 4 4 5.55e-6;
4 4 5 5.55e-6;
4 4 6 5.55e-6;
4 4 7 5.55e-6;
4 4 8 5.55e-6;
4 4 9 5.55e-6;
4 4 10 5.55e-6;
4 4 11 5.55e-6;
4 4 12 5.55e-6;
5 1 1 4.55e-6;
5 1 2 4.55e-6;
5 1 3 4.55e-6;
5 1 4 4.55e-6;
5 1 5 4.55e-6;
5 1 6 4.55e-6;
5 1 7 4.55e-6;
5 1 8 4.55e-6;
5 1 9 4.55e-6;
5 1 10 4.55e-6;
5 1 11 4.55e-6;
5 1 12 4.55e-6;
5 2 1 5.45e-6;
5 2 2 5.45e-6;
5 2 3 5.45e-6;
5 2 4 5.45e-6;
5 2 5 5.45e-6;
5 2 6 5.45e-6;
5 2 7 5.45e-6;
5 2 8 5.45e-6;
5 2 9 5.45e-6;
5 2 10 5.45e-6;
5 2 11 5.45e-6;
5 2 12 5.45e-6;
5 3 1 5.05e-6;
5 3 2 5.05e-6;
5 3 3 5.05e-6;
5 3 4 5.05e-6;
5 3 5 5.05e-6;
5 3 6 5.05e-6;
5 3 7 5.05e-6;
5 3 8 5.05e-6;
5 3 9 5.05e-6;
5 3 10 5.05e-6;
5 3 11 5.05e-6;
5 3 12 5.05e-6;
5 4 1 5.55e-6;
5 4 2 5.55e-6;
5 4 3 5.55e-6;
5 4 4 5.55e-6;
5 4 5 5.55e-6;
5 4 6 5.55e-6;
5 4 7 5.55e-6;
5 4 8 5.55e-6;
5 4 9 5.55e-6;
5 4 10 5.55e-6;
5 4 11 5.55e-6;
5 4 12 5.55e-6;
6 1 1 4.55e-6;
6 1 2 4.55e-6;
6 1 3 4.55e-6;
6 1 4 4.55e-6;
6 1 5 4.55e-6;
6 1 6 4.55e-6;
6 1 7 4.55e-6;
6 1 8 4.55e-6;
6 1 9 4.55e-6;
6 1 10 4.55e-6;
6 1 11 4.55e-6;
6 1 12 4.55e-6;
6 2 1 5.45e-6;
6 2 2 5.45e-6;
6 2 3 5.45e-6;
6 2 4 5.45e-6;
6 2 5 5.45e-6;
6 2 6 5.45e-6;
6 2 7 5.45e-6;
6 2 8 5.45e-6;
6 2 9 5.45e-6;
6 2 10 5.45e-6;
6 2 11 5.45e-6;
6 2 12 5.45e-6;
6 3 1 5.05e-6;
6 3 2 5.05e-6;
6 3 3 5.05e-6;
6 3 4 5.05e-6;
6 3 5 5.05e-6;
6 3 6 5.05e-6;
6 3 7 5.05e-6;
6 3 8 5.05e-6;
6 3 9 5.05e-6;
6 3 10 5.05e-6;
6 3 11 5.05e-6;
6 3 12 5.05e-6;
6 4 1 5.55e-6;
6 4 2 5.55e-6;
6 4 3 5.55e-6;
6 4 4 5.55e-6;
6 4 5 5.55e-6;
6 4 6 5.55e-6;
6 4 7 5.55e-6;
6 4 8 5.55e-6;
6 4 9 5.55e-6;
6 4 10 5.55e-6;
6 4 11 5.55e-6;
6 4 12 5.55e-6;
7 1 1 4.55e-6;
7 1 2 4.55e-6;
7 1 3 4.55e-6;
7 1 4 4.55e-6;
7 1 5 4.55e-6;
7 1 6 4.55e-6;
7 1 7 4.55e-6;
7 1 8 4.55e-6;
7 1 9 4.55e-6;
7 1 10 4.55e-6;
7 1 11 4.55e-6;
7 1 12 4.55e-6;
7 2 1 5.45e-6;
7 2 2 5.45e-6;
7 2 3 5.45e-6;
7 2 4 5.45e-6;
7 2 5 5.45e-6;
7 2 6 5.45e-6;
7 2 7 5.45e-6;
7 2 8 5.45e-6;
7 2 9 5.45e-6;
7 2 10 5.45e-6;
7 2 11 5.45e-6;
7 2 12 5.45e-6;
7 3 1 5.05e-6;
7 3 2 5.05e-6;
7 3 3 5.05e-6;
7 3 4 5.05e-6;
7 3 5 5.05e-6;
7 3 6 5.05e-6;
7 3 7 5.05e-6;
7 3 8 5.05e-6;
7 3 9 5.05e-6;
7 3 10 5.05e-6;
7 3 11 5.05e-6;
7 3 12 5.05e-6;
7 4 1 5.55e-6;
7 4 2 5.55e-6;
7 4 3 5.55e-6;
7 4 4 5.55e-6;
7 4 5 5.55e-6;
7 4 6 5.55e-6;
7 4 7 5.55e-6;
7 4 8 5.55e-6;
7 4 9 5.55e-6;
7 4 10 5.55e-6;
7 4 11 5.55e-6;
7 4 12 5.55e-6;
8 1 1 4.55e-6;
8 1 2 4.55e-6;
8 1 3 4.55e-6;
8 1 4 4.55e-6;
8 1 5 4.55e-6;
8 1 6 4.55e-6;
8 1 7 4.55e-6;
8 1 8 4.55e-6;
8 1 9 4.55e-6;
8 1 10 4.55e-6;
8 1 11 4.55e-6;
8 1 12 4.55e-6;
8 2 1 5.45e-6;
8 2 2 5.45e-6;
8 2 3 5.45e-6;
8 2 4 5.45e-6;
8 2 5 5.45e-6;
8 2 6 5.45e-6;
8 2 7 5.45e-6;
8 2 8 5.45e-6;
8 2 9 5.45e-6;
8 2 10 5.45e-6;
8 2 11 5.45e-6;
8 2 12 5.45e-6;
8 3 1 5.05e-6;
8 3 2 5.05e-6;
8 3 3 5.05e-6;
8 3 4 5.05e-6;
8 3 5 5.05e-6;
8 3 6 5.05e-6;
8 3 7 5.05e-6;
8 3 8 5.05e-6;
8 3 9 5.05e-6;
8 3 10 5.05e-6;
8 3 11 5.05e-6;
8 3 12 5.05e-6;
8 4 1 5.55e-6;
8 4 2 5.55e-6;
8 4 3 5.55e-6;
8 4 4 5.55e-6;
8 4 5 5.55e-6;
8 4 6 5.55e-6;
8 4 7 5.55e-6;
8 4 8 5.55e-6;
8 4 9 5.55e-6;
8 4 10 5.55e-6;
8 4 11 5.55e-6;
8 4 12 5.55e-6;
9 1 1 4.55e-6;
9 1 2 4.55e-6;
9 1 3 4.55e-6;
9 1 4 4.55e-6;
9 1 5 4.55e-6;
9 1 6 4.55e-6;
9 1 7 4.55e-6;
9 1 8 4.55e-6;
9 1 9 4.55e-6;
9 1 10 4.55e-6;
9 1 11 4.55e-6;
9 1 12 4.55e-6;
9 2 1 5.45e-6;
9 2 2 5.45e-6;
9 2 3 5.45e-6;
9 2 4 5.45e-6;
9 2 5 5.45e-6;
9 2 6 5.45e-6;
9 2 7 5.45e-6;
9 2 8 5.45e-6;
9 2 9 5.45e-6;
9 2 10 5.45e-6;
9 2 11 5.45e-6;
9 2 12 5.45e-6;
9 3 1 5.05e-6;
9 3 2 5.05e-6;
9 3 3 5.05e-6;
9 3 4 5.05e-6;
9 3 5 5.05e-6;
9 3 6 5.05e-6;
9 3 7 5.05e-6;
9 3 8 5.05e-6;
9 3 9 5.05e-6;
9 3 10 5.05e-6;
9 3 11 5.05e-6;
9 3 12 5.05e-6;
9 4 1 5.55e-6;
9 4 2 5.55e-6;
9 4 3 5.55e-6;
9 4 4 5.55e-6;
9 4 5 5.55e-6;
9 4 6 5.55e-6;
9 4 7 5.55e-6;
9 4 8 5.55e-6;
9 4 9 5.55e-6;
9 4 10 5.55e-6;
9 4 11 5.55e-6;
9 4 12 5.55e-6;
10 1 1 4.55e-6;
10 1 2 4.55e-6;
10 1 3 4.55e-6;
10 1 4 4.55e-6;
10 1 5 4.55e-6;
10 1 6 4.55e-6;
10 1 7 4.55e-6;
10 1 8 4.55e-6;
10 1 9 4.55e-6;
10 1 10 4.55e-6;
10 1 11 4.55e-6;
10 1 12 4.55e-6;
10 2 1 5.45e-6;
10 2 2 5.45e-6;
10 2 3 5.45e-6;
10 2 4 5.45e-6;
10 2 5 5.45e-6;
10 2 6 5.45e-6;
10 2 7 5.45e-6;
10 2 8 5.45e-6;
10 2 9 5.45e-6;
10 2 10 5.45e-6;
10 2 11 5.45e-6;
10 2 12 5.45e-6;
10 3 1 5.05e-6;
10 3 2 5.05e-6;
10 3 3 5.05e-6;
10 3 4 5.05e-6;
10 3 5 5.05e-6;
10 3 6 5.05e-6;
10 3 7 5.05e-6;
10 3 8 5.05e-6;
10 3 9 5.05e-6;
10 3 10 5.05e-6;
10 3 11 5.05e-6;
10 3 12 5.05e-6;
10 4 1 5.55e-6;
10 4 2 5.55e-6;
10 4 3 5.55e-6;
10 4 4 5.55e-6;
10 4 5 5.55e-6;
10 4 6 5.55e-6;
10 4 7 5.55e-6;
10 4 8 5.55e-6;
10 4 9 5.55e-6;
10 4 10 5.55e-6;
10 4 11 5.55e-6;
10 4 12 5.55e-6;
]

global d = [
1 1 1 260;
1 1 2 0;
1 1 3 72;
1 1 4 234;
1 1 5 249;
1 1 6 0;
1 1 7 0;
1 1 8 106;
1 1 9 168;
1 1 10 118;
1 1 11 159;
1 1 12 125;
1 2 1 173;
1 2 2 120;
1 2 3 94;
1 2 4 195;
1 2 5 133;
1 2 6 297;
1 2 7 234;
1 2 8 116;
1 2 9 214;
1 2 10 110;
1 2 11 190;
1 2 12 179;
1 3 1 0;
1 3 2 67;
1 3 3 231;
1 3 4 0;
1 3 5 135;
1 3 6 224;
1 3 7 134;
1 3 8 186;
1 3 9 0;
1 3 10 162;
1 3 11 263;
1 3 12 0;
1 4 1 228;
1 4 2 109;
1 4 3 0;
1 4 4 170;
1 4 5 0;
1 4 6 96;
1 4 7 75;
1 4 8 0;
1 4 9 87;
1 4 10 143;
1 4 11 130;
1 4 12 87;
2 1 1 284;
2 1 2 115;
2 1 3 77;
2 1 4 169;
2 1 5 243;
2 1 6 180;
2 1 7 72;
2 1 8 194;
2 1 9 186;
2 1 10 165;
2 1 11 291;
2 1 12 119;
2 2 1 173;
2 2 2 178;
2 2 3 198;
2 2 4 89;
2 2 5 0;
2 2 6 194;
2 2 7 0;
2 2 8 213;
2 2 9 225;
2 2 10 124;
2 2 11 179;
2 2 12 151;
2 3 1 0;
2 3 2 68;
2 3 3 240;
2 3 4 271;
2 3 5 192;
2 3 6 233;
2 3 7 127;
2 3 8 56;
2 3 9 199;
2 3 10 234;
2 3 11 216;
2 3 12 262;
2 4 1 81;
2 4 2 185;
2 4 3 79;
2 4 4 59;
2 4 5 104;
2 4 6 190;
2 4 7 0;
2 4 8 211;
2 4 9 275;
2 4 10 59;
2 4 11 0;
2 4 12 116;
3 1 1 155;
3 1 2 106;
3 1 3 295;
3 1 4 61;
3 1 5 198;
3 1 6 103;
3 1 7 0;
3 1 8 97;
3 1 9 233;
3 1 10 243;
3 1 11 275;
3 1 12 216;
3 2 1 135;
3 2 2 174;
3 2 3 202;
3 2 4 0;
3 2 5 0;
3 2 6 177;
3 2 7 64;
3 2 8 73;
3 2 9 260;
3 2 10 99;
3 2 11 120;
3 2 12 0;
3 3 1 183;
3 3 2 192;
3 3 3 90;
3 3 4 280;
3 3 5 292;
3 3 6 204;
3 3 7 60;
3 3 8 234;
3 3 9 261;
3 3 10 0;
3 3 11 151;
3 3 12 112;
3 4 1 119;
3 4 2 94;
3 4 3 242;
3 4 4 0;
3 4 5 263;
3 4 6 69;
3 4 7 0;
3 4 8 240;
3 4 9 152;
3 4 10 138;
3 4 11 193;
3 4 12 144;
4 1 1 288;
4 1 2 274;
4 1 3 193;
4 1 4 289;
4 1 5 66;
4 1 6 225;
4 1 7 64;
4 1 8 235;
4 1 9 0;
4 1 10 154;
4 1 11 284;
4 1 12 167;
4 2 1 168;
4 2 2 253;
4 2 3 186;
4 2 4 73;
4 2 5 0;
4 2 6 271;
4 2 7 68;
4 2 8 232;
4 2 9 245;
4 2 10 111;
4 2 11 180;
4 2 12 292;
4 3 1 121;
4 3 2 114;
4 3 3 0;
4 3 4 138;
4 3 5 0;
4 3 6 59;
4 3 7 150;
4 3 8 52;
4 3 9 80;
4 3 10 274;
4 3 11 198;
4 3 12 0;
4 4 1 0;
4 4 2 289;
4 4 3 243;
4 4 4 174;
4 4 5 262;
4 4 6 289;
4 4 7 156;
4 4 8 0;
4 4 9 83;
4 4 10 0;
4 4 11 223;
4 4 12 183;
5 1 1 214;
5 1 2 241;
5 1 3 96;
5 1 4 0;
5 1 5 117;
5 1 6 192;
5 1 7 164;
5 1 8 118;
5 1 9 293;
5 1 10 126;
5 1 11 67;
5 1 12 0;
5 2 1 177;
5 2 2 0;
5 2 3 262;
5 2 4 111;
5 2 5 0;
5 2 6 0;
5 2 7 154;
5 2 8 51;
5 2 9 292;
5 2 10 68;
5 2 11 168;
5 2 12 0;
5 3 1 243;
5 3 2 77;
5 3 3 144;
5 3 4 138;
5 3 5 185;
5 3 6 144;
5 3 7 246;
5 3 8 171;
5 3 9 259;
5 3 10 0;
5 3 11 194;
5 3 12 215;
5 4 1 130;
5 4 2 100;
5 4 3 0;
5 4 4 0;
5 4 5 78;
5 4 6 0;
5 4 7 188;
5 4 8 273;
5 4 9 261;
5 4 10 130;
5 4 11 0;
5 4 12 172;
6 1 1 0;
6 1 2 59;
6 1 3 268;
6 1 4 80;
6 1 5 0;
6 1 6 0;
6 1 7 0;
6 1 8 0;
6 1 9 0;
6 1 10 253;
6 1 11 0;
6 1 12 0;
6 2 1 144;
6 2 2 151;
6 2 3 66;
6 2 4 94;
6 2 5 236;
6 2 6 103;
6 2 7 125;
6 2 8 77;
6 2 9 0;
6 2 10 141;
6 2 11 196;
6 2 12 184;
6 3 1 174;
6 3 2 238;
6 3 3 167;
6 3 4 300;
6 3 5 103;
6 3 6 182;
6 3 7 169;
6 3 8 128;
6 3 9 203;
6 3 10 0;
6 3 11 125;
6 3 12 50;
6 4 1 175;
6 4 2 241;
6 4 3 161;
6 4 4 280;
6 4 5 173;
6 4 6 0;
6 4 7 0;
6 4 8 160;
6 4 9 0;
6 4 10 66;
6 4 11 0;
6 4 12 83;
7 1 1 177;
7 1 2 153;
7 1 3 234;
7 1 4 177;
7 1 5 211;
7 1 6 262;
7 1 7 271;
7 1 8 151;
7 1 9 158;
7 1 10 150;
7 1 11 0;
7 1 12 267;
7 2 1 249;
7 2 2 127;
7 2 3 0;
7 2 4 188;
7 2 5 156;
7 2 6 0;
7 2 7 138;
7 2 8 112;
7 2 9 226;
7 2 10 127;
7 2 11 223;
7 2 12 284;
7 3 1 93;
7 3 2 159;
7 3 3 113;
7 3 4 160;
7 3 5 125;
7 3 6 287;
7 3 7 223;
7 3 8 193;
7 3 9 85;
7 3 10 193;
7 3 11 151;
7 3 12 257;
7 4 1 0;
7 4 2 249;
7 4 3 0;
7 4 4 185;
7 4 5 246;
7 4 6 0;
7 4 7 266;
7 4 8 111;
7 4 9 0;
7 4 10 132;
7 4 11 256;
7 4 12 0;
8 1 1 289;
8 1 2 254;
8 1 3 214;
8 1 4 0;
8 1 5 246;
8 1 6 60;
8 1 7 95;
8 1 8 62;
8 1 9 155;
8 1 10 181;
8 1 11 66;
8 1 12 121;
8 2 1 218;
8 2 2 0;
8 2 3 114;
8 2 4 162;
8 2 5 227;
8 2 6 183;
8 2 7 240;
8 2 8 0;
8 2 9 0;
8 2 10 0;
8 2 11 0;
8 2 12 257;
8 3 1 264;
8 3 2 294;
8 3 3 109;
8 3 4 215;
8 3 5 167;
8 3 6 0;
8 3 7 256;
8 3 8 117;
8 3 9 0;
8 3 10 139;
8 3 11 265;
8 3 12 71;
8 4 1 298;
8 4 2 128;
8 4 3 0;
8 4 4 296;
8 4 5 300;
8 4 6 278;
8 4 7 0;
8 4 8 224;
8 4 9 202;
8 4 10 204;
8 4 11 214;
8 4 12 274;
9 1 1 68;
9 1 2 181;
9 1 3 234;
9 1 4 118;
9 1 5 231;
9 1 6 51;
9 1 7 300;
9 1 8 289;
9 1 9 296;
9 1 10 292;
9 1 11 0;
9 1 12 78;
9 2 1 153;
9 2 2 0;
9 2 3 142;
9 2 4 181;
9 2 5 122;
9 2 6 91;
9 2 7 109;
9 2 8 199;
9 2 9 130;
9 2 10 283;
9 2 11 282;
9 2 12 274;
9 3 1 107;
9 3 2 0;
9 3 3 0;
9 3 4 0;
9 3 5 146;
9 3 6 0;
9 3 7 208;
9 3 8 152;
9 3 9 53;
9 3 10 53;
9 3 11 226;
9 3 12 240;
9 4 1 221;
9 4 2 198;
9 4 3 82;
9 4 4 238;
9 4 5 220;
9 4 6 273;
9 4 7 179;
9 4 8 295;
9 4 9 265;
9 4 10 267;
9 4 11 160;
9 4 12 150;
10 1 1 217;
10 1 2 164;
10 1 3 0;
10 1 4 222;
10 1 5 68;
10 1 6 83;
10 1 7 89;
10 1 8 176;
10 1 9 240;
10 1 10 0;
10 1 11 71;
10 1 12 0;
10 2 1 0;
10 2 2 191;
10 2 3 212;
10 2 4 216;
10 2 5 0;
10 2 6 193;
10 2 7 78;
10 2 8 151;
10 2 9 0;
10 2 10 0;
10 2 11 96;
10 2 12 239;
10 3 1 0;
10 3 2 246;
10 3 3 155;
10 3 4 190;
10 3 5 0;
10 3 6 53;
10 3 7 177;
10 3 8 261;
10 3 9 270;
10 3 10 297;
10 3 11 131;
10 3 12 114;
10 4 1 218;
10 4 2 228;
10 4 3 0;
10 4 4 102;
10 4 5 80;
10 4 6 0;
10 4 7 181;
10 4 8 106;
10 4 9 199;
10 4 10 289;
10 4 11 166;
10 4 12 264;
]

global Cap_c = [
1 1 1 8405.0;
1 1 2 8405.0;
1 1 3 8405.0;
1 1 4 8405.0;
1 1 5 8405.0;
1 1 6 8405.0;
1 1 7 8405.0;
1 1 8 8405.0;
1 1 9 8405.0;
1 1 10 8405.0;
1 1 11 8405.0;
1 1 12 8405.0;
1 2 1 8405.0;
1 2 2 8405.0;
1 2 3 8405.0;
1 2 4 8405.0;
1 2 5 8405.0;
1 2 6 8405.0;
1 2 7 8405.0;
1 2 8 8405.0;
1 2 9 8405.0;
1 2 10 8405.0;
1 2 11 8405.0;
1 2 12 8405.0;
2 1 1 8405.0;
2 1 2 8405.0;
2 1 3 8405.0;
2 1 4 8405.0;
2 1 5 8405.0;
2 1 6 8405.0;
2 1 7 8405.0;
2 1 8 8405.0;
2 1 9 8405.0;
2 1 10 8405.0;
2 1 11 8405.0;
2 1 12 8405.0;
2 2 1 8405.0;
2 2 2 8405.0;
2 2 3 8405.0;
2 2 4 8405.0;
2 2 5 8405.0;
2 2 6 8405.0;
2 2 7 8405.0;
2 2 8 8405.0;
2 2 9 8405.0;
2 2 10 8405.0;
2 2 11 8405.0;
2 2 12 8405.0;
3 1 1 8405.0;
3 1 2 8405.0;
3 1 3 8405.0;
3 1 4 8405.0;
3 1 5 8405.0;
3 1 6 8405.0;
3 1 7 8405.0;
3 1 8 8405.0;
3 1 9 8405.0;
3 1 10 8405.0;
3 1 11 8405.0;
3 1 12 8405.0;
3 2 1 8405.0;
3 2 2 8405.0;
3 2 3 8405.0;
3 2 4 8405.0;
3 2 5 8405.0;
3 2 6 8405.0;
3 2 7 8405.0;
3 2 8 8405.0;
3 2 9 8405.0;
3 2 10 8405.0;
3 2 11 8405.0;
3 2 12 8405.0;
4 1 1 8405.0;
4 1 2 8405.0;
4 1 3 8405.0;
4 1 4 8405.0;
4 1 5 8405.0;
4 1 6 8405.0;
4 1 7 8405.0;
4 1 8 8405.0;
4 1 9 8405.0;
4 1 10 8405.0;
4 1 11 8405.0;
4 1 12 8405.0;
4 2 1 8405.0;
4 2 2 8405.0;
4 2 3 8405.0;
4 2 4 8405.0;
4 2 5 8405.0;
4 2 6 8405.0;
4 2 7 8405.0;
4 2 8 8405.0;
4 2 9 8405.0;
4 2 10 8405.0;
4 2 11 8405.0;
4 2 12 8405.0;
]

global Cap_p = [344855.0 344855.0 344855.0 344855.0 344855.0 344855.0 344855.0 344855.0 344855.0 344855.0 344855.0 344855.0; 293765.0 293765.0 293765.0 293765.0 293765.0 293765.0 293765.0 293765.0 293765.0 293765.0 293765.0 293765.0]
#-----------------------------------------