###################################################
# Classe 17 : K = 4, M = 2, T = 12, N = 10
# Exemplo: 8.   c17ex08.dat          Semente: 6548
#-----------------------Dados----------------------
global K = 4
global M = 2
global T = 12
global N = 10

global L = [540, 460]

global l = [57, 74, 89, 90, 96, 113, 115, 124, 129, 143]

global Q1 = 1e5
global Q2 = 1e5

global rho = [2.0, 2.0, 2.0, 2.0]

global b = [1080.0 920.0; 1080.0 920.0; 1080.0 920.0; 1080.0 920.0]

global f = [35.64 30.36; 35.64 30.36; 35.64 30.36; 35.64 30.36]

global c_km = [22.68 18.4; 43.2 32.2; 34.56 36.8; 41.04 40.48]

global p_km = [3.175 2.576; 6.048 4.508; 4.838 5.152; 5.746 5.667]

global c_x = [
1 1 1 19.548;
1 1 2 19.548;
1 1 3 19.548;
1 1 4 19.548;
1 1 5 19.548;
1 1 6 19.548;
1 1 7 19.548;
1 1 8 19.548;
1 1 9 19.548;
1 1 10 19.548;
1 1 11 19.548;
1 1 12 19.548;
1 2 1 16.928;
1 2 2 16.928;
1 2 3 16.928;
1 2 4 16.928;
1 2 5 16.928;
1 2 6 16.928;
1 2 7 16.928;
1 2 8 16.928;
1 2 9 16.928;
1 2 10 16.928;
1 2 11 16.928;
1 2 12 16.928;
2 1 1 16.848;
2 1 2 16.848;
2 1 3 16.848;
2 1 4 16.848;
2 1 5 16.848;
2 1 6 16.848;
2 1 7 16.848;
2 1 8 16.848;
2 1 9 16.848;
2 1 10 16.848;
2 1 11 16.848;
2 1 12 16.848;
2 2 1 22.172;
2 2 2 22.172;
2 2 3 22.172;
2 2 4 22.172;
2 2 5 22.172;
2 2 6 22.172;
2 2 7 22.172;
2 2 8 22.172;
2 2 9 22.172;
2 2 10 22.172;
2 2 11 22.172;
2 2 12 22.172;
3 1 1 21.06;
3 1 2 21.06;
3 1 3 21.06;
3 1 4 21.06;
3 1 5 21.06;
3 1 6 21.06;
3 1 7 21.06;
3 1 8 21.06;
3 1 9 21.06;
3 1 10 21.06;
3 1 11 21.06;
3 1 12 21.06;
3 2 1 16.836;
3 2 2 16.836;
3 2 3 16.836;
3 2 4 16.836;
3 2 5 16.836;
3 2 6 16.836;
3 2 7 16.836;
3 2 8 16.836;
3 2 9 16.836;
3 2 10 16.836;
3 2 11 16.836;
3 2 12 16.836;
4 1 1 18.9;
4 1 2 18.9;
4 1 3 18.9;
4 1 4 18.9;
4 1 5 18.9;
4 1 6 18.9;
4 1 7 18.9;
4 1 8 18.9;
4 1 9 18.9;
4 1 10 18.9;
4 1 11 18.9;
4 1 12 18.9;
4 2 1 17.572;
4 2 2 17.572;
4 2 3 17.572;
4 2 4 17.572;
4 2 5 17.572;
4 2 6 17.572;
4 2 7 17.572;
4 2 8 17.572;
4 2 9 17.572;
4 2 10 17.572;
4 2 11 17.572;
4 2 12 17.572;
]

global c_z = [
1 1 1 0.626;
1 1 2 0.626;
1 1 3 0.626;
1 1 4 0.626;
1 1 5 0.626;
1 1 6 0.626;
1 1 7 0.626;
1 1 8 0.626;
1 1 9 0.626;
1 1 10 0.626;
1 1 11 0.626;
1 1 12 0.626;
1 2 1 0.846;
1 2 2 0.846;
1 2 3 0.846;
1 2 4 0.846;
1 2 5 0.846;
1 2 6 0.846;
1 2 7 0.846;
1 2 8 0.846;
1 2 9 0.846;
1 2 10 0.846;
1 2 11 0.846;
1 2 12 0.846;
2 1 1 0.809;
2 1 2 0.809;
2 1 3 0.809;
2 1 4 0.809;
2 1 5 0.809;
2 1 6 0.809;
2 1 7 0.809;
2 1 8 0.809;
2 1 9 0.809;
2 1 10 0.809;
2 1 11 0.809;
2 1 12 0.809;
2 2 1 0.732;
2 2 2 0.732;
2 2 3 0.732;
2 2 4 0.732;
2 2 5 0.732;
2 2 6 0.732;
2 2 7 0.732;
2 2 8 0.732;
2 2 9 0.732;
2 2 10 0.732;
2 2 11 0.732;
2 2 12 0.732;
3 1 1 0.779;
3 1 2 0.779;
3 1 3 0.779;
3 1 4 0.779;
3 1 5 0.779;
3 1 6 0.779;
3 1 7 0.779;
3 1 8 0.779;
3 1 9 0.779;
3 1 10 0.779;
3 1 11 0.779;
3 1 12 0.779;
3 2 1 0.724;
3 2 2 0.724;
3 2 3 0.724;
3 2 4 0.724;
3 2 5 0.724;
3 2 6 0.724;
3 2 7 0.724;
3 2 8 0.724;
3 2 9 0.724;
3 2 10 0.724;
3 2 11 0.724;
3 2 12 0.724;
4 1 1 0.662;
4 1 2 0.662;
4 1 3 0.662;
4 1 4 0.662;
4 1 5 0.662;
4 1 6 0.662;
4 1 7 0.662;
4 1 8 0.662;
4 1 9 0.662;
4 1 10 0.662;
4 1 11 0.662;
4 1 12 0.662;
4 2 1 0.65;
4 2 2 0.65;
4 2 3 0.65;
4 2 4 0.65;
4 2 5 0.65;
4 2 6 0.65;
4 2 7 0.65;
4 2 8 0.65;
4 2 9 0.65;
4 2 10 0.65;
4 2 11 0.65;
4 2 12 0.65;
]

global c_y = [
1 1 1 2.15;
1 1 2 2.15;
1 1 3 2.15;
1 1 4 2.15;
1 1 5 2.15;
1 1 6 2.15;
1 1 7 2.15;
1 1 8 2.15;
1 1 9 2.15;
1 1 10 2.15;
1 1 11 2.15;
1 1 12 2.15;
1 2 1 2.37;
1 2 2 2.37;
1 2 3 2.37;
1 2 4 2.37;
1 2 5 2.37;
1 2 6 2.37;
1 2 7 2.37;
1 2 8 2.37;
1 2 9 2.37;
1 2 10 2.37;
1 2 11 2.37;
1 2 12 2.37;
2 1 1 1.685;
2 1 2 1.685;
2 1 3 1.685;
2 1 4 1.685;
2 1 5 1.685;
2 1 6 1.685;
2 1 7 1.685;
2 1 8 1.685;
2 1 9 1.685;
2 1 10 1.685;
2 1 11 1.685;
2 1 12 1.685;
2 2 1 2.217;
2 2 2 2.217;
2 2 3 2.217;
2 2 4 2.217;
2 2 5 2.217;
2 2 6 2.217;
2 2 7 2.217;
2 2 8 2.217;
2 2 9 2.217;
2 2 10 2.217;
2 2 11 2.217;
2 2 12 2.217;
3 1 1 2.106;
3 1 2 2.106;
3 1 3 2.106;
3 1 4 2.106;
3 1 5 2.106;
3 1 6 2.106;
3 1 7 2.106;
3 1 8 2.106;
3 1 9 2.106;
3 1 10 2.106;
3 1 11 2.106;
3 1 12 2.106;
3 2 1 2.189;
3 2 2 2.189;
3 2 3 2.189;
3 2 4 2.189;
3 2 5 2.189;
3 2 6 2.189;
3 2 7 2.189;
3 2 8 2.189;
3 2 9 2.189;
3 2 10 2.189;
3 2 11 2.189;
3 2 12 2.189;
4 1 1 2.079;
4 1 2 2.079;
4 1 3 2.079;
4 1 4 2.079;
4 1 5 2.079;
4 1 6 2.079;
4 1 7 2.079;
4 1 8 2.079;
4 1 9 2.079;
4 1 10 2.079;
4 1 11 2.079;
4 1 12 2.079;
4 2 1 2.46;
4 2 2 2.46;
4 2 3 2.46;
4 2 4 2.46;
4 2 5 2.46;
4 2 6 2.46;
4 2 7 2.46;
4 2 8 2.46;
4 2 9 2.46;
4 2 10 2.46;
4 2 11 2.46;
4 2 12 2.46;
]

global c_sc = [
1 1 1 0.067;
1 1 2 0.067;
1 1 3 0.067;
1 1 4 0.067;
1 1 5 0.067;
1 1 6 0.067;
1 1 7 0.067;
1 1 8 0.067;
1 1 9 0.067;
1 1 10 0.067;
1 1 11 0.067;
1 1 12 0.067;
1 2 1 0.073;
1 2 2 0.073;
1 2 3 0.073;
1 2 4 0.073;
1 2 5 0.073;
1 2 6 0.073;
1 2 7 0.073;
1 2 8 0.073;
1 2 9 0.073;
1 2 10 0.073;
1 2 11 0.073;
1 2 12 0.073;
2 1 1 0.071;
2 1 2 0.071;
2 1 3 0.071;
2 1 4 0.071;
2 1 5 0.071;
2 1 6 0.071;
2 1 7 0.071;
2 1 8 0.071;
2 1 9 0.071;
2 1 10 0.071;
2 1 11 0.071;
2 1 12 0.071;
2 2 1 0.106;
2 2 2 0.106;
2 2 3 0.106;
2 2 4 0.106;
2 2 5 0.106;
2 2 6 0.106;
2 2 7 0.106;
2 2 8 0.106;
2 2 9 0.106;
2 2 10 0.106;
2 2 11 0.106;
2 2 12 0.106;
3 1 1 0.065;
3 1 2 0.065;
3 1 3 0.065;
3 1 4 0.065;
3 1 5 0.065;
3 1 6 0.065;
3 1 7 0.065;
3 1 8 0.065;
3 1 9 0.065;
3 1 10 0.065;
3 1 11 0.065;
3 1 12 0.065;
3 2 1 0.103;
3 2 2 0.103;
3 2 3 0.103;
3 2 4 0.103;
3 2 5 0.103;
3 2 6 0.103;
3 2 7 0.103;
3 2 8 0.103;
3 2 9 0.103;
3 2 10 0.103;
3 2 11 0.103;
3 2 12 0.103;
4 1 1 0.1;
4 1 2 0.1;
4 1 3 0.1;
4 1 4 0.1;
4 1 5 0.1;
4 1 6 0.1;
4 1 7 0.1;
4 1 8 0.1;
4 1 9 0.1;
4 1 10 0.1;
4 1 11 0.1;
4 1 12 0.1;
4 2 1 0.098;
4 2 2 0.098;
4 2 3 0.098;
4 2 4 0.098;
4 2 5 0.098;
4 2 6 0.098;
4 2 7 0.098;
4 2 8 0.098;
4 2 9 0.098;
4 2 10 0.098;
4 2 11 0.098;
4 2 12 0.098;
]

global c_w = [
1 1 1 0.547;
1 1 2 0.547;
1 1 3 0.547;
1 1 4 0.547;
1 1 5 0.547;
1 1 6 0.547;
1 1 7 0.547;
1 1 8 0.547;
1 1 9 0.547;
1 1 10 0.547;
1 1 11 0.547;
1 1 12 0.547;
1 2 1 0.254;
1 2 2 0.254;
1 2 3 0.254;
1 2 4 0.254;
1 2 5 0.254;
1 2 6 0.254;
1 2 7 0.254;
1 2 8 0.254;
1 2 9 0.254;
1 2 10 0.254;
1 2 11 0.254;
1 2 12 0.254;
2 1 1 0.185;
2 1 2 0.185;
2 1 3 0.185;
2 1 4 0.185;
2 1 5 0.185;
2 1 6 0.185;
2 1 7 0.185;
2 1 8 0.185;
2 1 9 0.185;
2 1 10 0.185;
2 1 11 0.185;
2 1 12 0.185;
2 2 1 0.665;
2 2 2 0.665;
2 2 3 0.665;
2 2 4 0.665;
2 2 5 0.665;
2 2 6 0.665;
2 2 7 0.665;
2 2 8 0.665;
2 2 9 0.665;
2 2 10 0.665;
2 2 11 0.665;
2 2 12 0.665;
3 1 1 0.442;
3 1 2 0.442;
3 1 3 0.442;
3 1 4 0.442;
3 1 5 0.442;
3 1 6 0.442;
3 1 7 0.442;
3 1 8 0.442;
3 1 9 0.442;
3 1 10 0.442;
3 1 11 0.442;
3 1 12 0.442;
3 2 1 0.236;
3 2 2 0.236;
3 2 3 0.236;
3 2 4 0.236;
3 2 5 0.236;
3 2 6 0.236;
3 2 7 0.236;
3 2 8 0.236;
3 2 9 0.236;
3 2 10 0.236;
3 2 11 0.236;
3 2 12 0.236;
4 1 1 0.416;
4 1 2 0.416;
4 1 3 0.416;
4 1 4 0.416;
4 1 5 0.416;
4 1 6 0.416;
4 1 7 0.416;
4 1 8 0.416;
4 1 9 0.416;
4 1 10 0.416;
4 1 11 0.416;
4 1 12 0.416;
4 2 1 0.334;
4 2 2 0.334;
4 2 3 0.334;
4 2 4 0.334;
4 2 5 0.334;
4 2 6 0.334;
4 2 7 0.334;
4 2 8 0.334;
4 2 9 0.334;
4 2 10 0.334;
4 2 11 0.334;
4 2 12 0.334;
]

global c_e = [
1 1 1 0.05171798489666136;
1 1 2 0.042644654213036565;
1 1 3 0.04899598569157393;
1 1 4 0.052625317965023836;
1 1 5 0.04445932034976152;
1 1 6 0.03720065580286168;
1 1 7 0.047181319554848965;
1 1 8 0.03992265500794913;
1 1 9 0.04355198728139904;
1 1 10 0.03629332273449921;
1 1 11 0.04082998807631161;
1 1 12 0.03810798887122416;
1 2 1 0.044290540540540546;
1 2 2 0.05488175675675675;
1 2 3 0.051993243243243246;
1 2 4 0.04717905405405406;
1 2 5 0.038513513513513516;
1 2 6 0.046216216216216216;
1 2 7 0.040439189189189186;
1 2 8 0.05391891891891892;
1 2 9 0.04140202702702703;
1 2 10 0.04140202702702703;
1 2 11 0.05777027027027026;
1 2 12 0.040439189189189186;
1 3 1 0.0399362480127186;
1 3 2 0.033024205087440375;
1 3 3 0.043008267090620035;
1 3 4 0.03072019077901431;
1 3 5 0.03225620031796502;
1 3 6 0.042240262321144674;
1 3 7 0.03148819554848966;
1 3 8 0.0399362480127186;
1 3 9 0.0399362480127186;
1 3 10 0.03379220985691574;
1 3 11 0.04070425278219396;
1 3 12 0.03686422893481717;
1 4 1 0.03653120031796502;
1 4 2 0.042478139904610496;
1 4 3 0.046725953895071545;
1 4 4 0.04927464228934817;
1 4 5 0.03653120031796502;
1 4 6 0.03992945151033386;
1 4 7 0.046725953895071545;
1 4 8 0.048425079491255955;
1 4 9 0.04417726550079492;
1 4 10 0.03653120031796502;
1 4 11 0.04502682829888713;
1 4 12 0.034832074721780605;
2 1 1 0.06125294117647059;
2 1 2 0.05300735294117648;
2 1 3 0.0694985294117647;
2 1 4 0.055363235294117644;
2 1 5 0.07067647058823529;
2 1 6 0.06596470588235295;
2 1 7 0.05182941176470588;
2 1 8 0.05771911764705882;
2 1 9 0.05300735294117648;
2 1 10 0.06714264705882353;
2 1 11 0.05182941176470588;
2 1 12 0.05065147058823529;
2 2 1 0.06375;
2 2 2 0.0625;
2 2 3 0.053750000000000006;
2 2 4 0.051250000000000004;
2 2 5 0.0525;
2 2 6 0.06875;
2 2 7 0.07125000000000001;
2 2 8 0.051250000000000004;
2 2 9 0.05500000000000001;
2 2 10 0.05;
2 2 11 0.06375;
2 2 12 0.075;
2 3 1 0.042873529411764706;
2 3 2 0.03988235294117647;
2 3 3 0.056832352941176466;
2 3 4 0.03988235294117647;
2 3 5 0.04187647058823529;
2 3 6 0.04387058823529412;
2 3 7 0.056832352941176466;
2 3 8 0.056832352941176466;
2 3 9 0.04885588235294117;
2 3 10 0.055835294117647066;
2 3 11 0.03988235294117647;
2 3 12 0.04586470588235294;
2 4 1 0.0573529411764706;
2 4 2 0.05955882352941177;
2 4 3 0.06286764705882353;
2 4 4 0.06066176470588236;
2 4 5 0.06176470588235295;
2 4 6 0.05073529411764706;
2 4 7 0.04411764705882353;
2 4 8 0.05073529411764706;
2 4 9 0.05845588235294118;
2 4 10 0.052941176470588235;
2 4 11 0.06507352941176471;
2 4 12 0.06176470588235295;
3 1 1 0.07225236486486486;
3 1 2 0.07933593004769475;
3 1 3 0.062335373608903025;
3 1 4 0.0694189387917329;
3 1 5 0.05808523449920508;
3 1 6 0.0765025039745628;
3 1 7 0.05950194753577106;
3 1 8 0.0765025039745628;
3 1 9 0.05950194753577106;
3 1 10 0.08358606915739268;
3 1 11 0.063752086645469;
3 1 12 0.06516879968203498;
3 2 1 0.07216216216216216;
3 2 2 0.06915540540540542;
3 2 3 0.07967905405405407;
3 2 4 0.06765202702702704;
3 2 5 0.08268581081081082;
3 2 6 0.06163851351351351;
3 2 7 0.06013513513513514;
3 2 8 0.07366554054054054;
3 2 9 0.07817567567567568;
3 2 10 0.08268581081081082;
3 2 11 0.06013513513513514;
3 2 12 0.06163851351351351;
3 3 1 0.05995826709062003;
3 3 2 0.053962440381558036;
3 3 3 0.05755993640699523;
3 3 4 0.055161605723370435;
3 3 5 0.06715325914149443;
3 3 6 0.06475492845786963;
3 3 7 0.06595409379968203;
3 3 8 0.055161605723370435;
3 3 9 0.06835242448330683;
3 3 10 0.05995826709062003;
3 3 11 0.05156410969793322;
3 3 12 0.06955158982511923;
3 4 1 0.06765202702702704;
3 4 2 0.07561108903020668;
3 4 3 0.07561108903020668;
3 4 4 0.06499900635930048;
3 4 5 0.06765202702702704;
3 4 6 0.07826410969793322;
3 4 7 0.06499900635930048;
3 4 8 0.06499900635930048;
3 4 9 0.07163155802861686;
3 4 10 0.07959062003179651;
3 4 11 0.05703994435612082;
3 4 12 0.07693759936406995;
4 1 1 0.06733366454689983;
4 1 2 0.05730524642289348;
4 1 3 0.06160313990461049;
4 1 4 0.05730524642289348;
4 1 5 0.08022734499205088;
4 1 6 0.0659010333863275;
4 1 7 0.08309260731319554;
4 1 8 0.0659010333863275;
4 1 9 0.0659010333863275;
4 1 10 0.07879471383147854;
4 1 11 0.05730524642289348;
4 1 12 0.07879471383147854;
4 2 1 0.08513513513513515;
4 2 2 0.08969594594594595;
4 2 3 0.08817567567567568;
4 2 4 0.07145270270270271;
4 2 5 0.06385135135135135;
4 2 6 0.06993243243243244;
4 2 7 0.06537162162162163;
4 2 8 0.060810810810810814;
4 2 9 0.08361486486486489;
4 2 10 0.07753378378378378;
4 2 11 0.07297297297297296;
4 2 12 0.06993243243243244;
4 3 1 0.048505564387917324;
4 3 2 0.06669515103338633;
4 3 3 0.048505564387917324;
4 3 4 0.06790779014308426;
4 3 5 0.06184459459459459;
4 3 6 0.056994038155802854;
4 3 7 0.048505564387917324;
4 3 8 0.06426987281399046;
4 3 9 0.059419316375198726;
4 3 10 0.0691204292527822;
4 3 11 0.072758346581876;
4 3 12 0.06184459459459459;
4 4 1 0.054998012718600955;
4 4 2 0.0643879173290938;
4 4 3 0.07511923688394279;
4 4 4 0.07511923688394279;
4 4 5 0.07109499205087441;
4 4 6 0.07646065182829889;
4 4 7 0.06572933227344993;
4 4 8 0.06036367249602544;
4 4 9 0.07377782193958667;
4 4 10 0.07377782193958667;
4 4 11 0.07109499205087441;
4 4 12 0.08048489666136725;
5 1 1 0.07182257551669316;
5 1 2 0.0641818759936407;
5 1 3 0.0641818759936407;
5 1 4 0.06112559618441972;
5 1 5 0.0626537360890302;
5 1 6 0.0855758346581876;
5 1 7 0.06112559618441972;
5 1 8 0.06571001589825119;
5 1 9 0.07946327503974562;
5 1 10 0.09168839427662956;
5 1 11 0.07029443561208268;
5 1 12 0.08404769475357711;
5 2 1 0.07459459459459461;
5 2 2 0.06972972972972974;
5 2 3 0.09567567567567568;
5 2 4 0.07945945945945947;
5 2 5 0.08918918918918921;
5 2 6 0.08432432432432434;
5 2 7 0.09729729729729729;
5 2 8 0.09729729729729729;
5 2 9 0.07621621621621621;
5 2 10 0.07135135135135136;
5 2 11 0.08432432432432434;
5 2 12 0.07783783783783783;
5 3 1 0.06467408585055644;
5 3 2 0.0582066772655008;
5 3 3 0.0763154213036566;
5 3 4 0.05432623211446741;
5 3 5 0.06984801271860096;
5 3 6 0.0763154213036566;
5 3 7 0.07760890302066771;
5 3 8 0.05691319554848967;
5 3 9 0.05173926868044516;
5 3 10 0.06467408585055644;
5 3 11 0.05432623211446741;
5 3 12 0.0582066772655008;
5 4 1 0.07583465818759938;
5 4 2 0.06438791732909381;
5 4 3 0.07297297297297298;
5 4 4 0.05723370429252783;
5 4 5 0.08441971383147855;
5 4 6 0.07583465818759938;
5 4 7 0.061526232114467415;
5 4 8 0.07726550079491257;
5 4 9 0.06295707472178061;
5 4 10 0.06009538950715422;
5 4 11 0.07011128775834659;
5 4 12 0.08585055643879173;
6 1 1 0.10792488076311604;
6 1 2 0.08094366057233704;
6 1 3 0.09713239268680446;
6 1 4 0.10072988871224166;
6 1 5 0.09353489666136726;
6 1 6 0.08813865262321144;
6 1 7 0.10432738473767884;
6 1 8 0.09353489666136726;
6 1 9 0.07554741653418123;
6 1 10 0.10612613275039745;
6 1 11 0.07194992050874403;
6 1 12 0.10432738473767884;
6 2 1 0.11070945945945945;
6 2 2 0.08589527027027027;
6 2 3 0.08780405405405406;
6 2 4 0.10689189189189191;
6 2 5 0.11452702702702702;
6 2 6 0.08589527027027027;
6 2 7 0.0935304054054054;
6 2 8 0.11261824324324325;
6 2 9 0.10689189189189191;
6 2 10 0.11070945945945945;
6 2 11 0.08398648648648649;
6 2 12 0.09925675675675677;
6 3 1 0.07003664546899842;
6 3 2 0.06242396661367249;
6 3 3 0.07764932432432432;
6 3 4 0.08373946740858507;
6 3 5 0.06546903815580285;
6 3 6 0.08982961049284578;
6 3 7 0.07764932432432432;
6 3 8 0.06394650238473767;
6 3 9 0.08069439586645469;
6 3 10 0.08982961049284578;
6 3 11 0.06546903815580285;
6 3 12 0.09135214626391096;
6 4 1 0.06736883942766296;
6 4 2 0.09600059618441971;
6 4 3 0.10105325914149443;
6 4 4 0.08926371224165343;
6 4 5 0.07915838632750398;
6 4 6 0.08926371224165343;
6 4 7 0.06736883942766296;
6 4 8 0.08252682829888712;
6 4 9 0.0842110492845787;
6 4 10 0.09768481717011128;
6 4 11 0.09936903815580288;
6 4 12 0.07915838632750398;
7 1 1 0.08786804451510333;
7 1 2 0.10800447138314784;
7 1 3 0.08420687599364071;
7 1 4 0.07871512321144673;
7 1 5 0.08054570747217805;
7 1 6 0.10800447138314784;
7 1 7 0.07505395468998409;
7 1 8 0.07688453895071541;
7 1 9 0.08420687599364071;
7 1 10 0.08237629173290938;
7 1 11 0.10617388712241652;
7 1 12 0.09519038155802861;
7 2 1 0.10684121621621623;
7 2 2 0.10684121621621623;
7 2 3 0.09907094594594595;
7 2 4 0.08158783783783784;
7 2 5 0.0835304054054054;
7 2 6 0.09324324324324323;
7 2 7 0.08935810810810813;
7 2 8 0.09907094594594595;
7 2 9 0.10295608108108109;
7 2 10 0.09130067567567568;
7 2 11 0.08158783783783784;
7 2 12 0.08547297297297297;
7 3 1 0.06507829888712241;
7 3 2 0.08212261526232115;
7 3 3 0.08212261526232115;
7 3 4 0.08832054848966613;
7 3 5 0.08832054848966613;
7 3 6 0.07127623211446742;
7 3 7 0.07282571542130364;
7 3 8 0.08832054848966613;
7 3 9 0.0743751987281399;
7 3 10 0.07592468203497615;
7 3 11 0.0867710651828299;
7 3 12 0.06197933227344992;
7 4 1 0.10112778219395867;
7 4 2 0.08741554054054054;
7 4 3 0.06856120826709063;
7 4 4 0.07884538950715422;
7 4 5 0.08398748012718601;
7 4 6 0.0754173290937997;
7 4 7 0.07370329888712242;
7 4 8 0.10284181240063593;
7 4 9 0.09769972178060414;
7 4 10 0.08227344992050874;
7 4 11 0.07027523847376789;
7 4 12 0.09084360095389508;
8 1 1 0.10264006359300477;
8 1 2 0.08092774244833068;
8 1 3 0.09869236883942765;
8 1 4 0.0888231319554849;
8 1 5 0.10658775834658188;
8 1 6 0.0848754372019078;
8 1 7 0.09474467408585055;
8 1 8 0.08290158982511923;
8 1 9 0.10264006359300477;
8 1 10 0.0848754372019078;
8 1 11 0.08684928457869634;
8 1 12 0.09474467408585055;
8 2 1 0.08587837837837838;
8 2 2 0.11729729729729732;
8 2 3 0.08587837837837838;
8 2 4 0.10472972972972974;
8 2 5 0.08378378378378379;
8 2 6 0.10054054054054054;
8 2 7 0.08797297297297298;
8 2 8 0.10891891891891893;
8 2 9 0.10891891891891893;
8 2 10 0.12567567567567567;
8 2 11 0.11939189189189188;
8 2 12 0.10682432432432433;
8 3 1 0.07017138314785373;
8 3 2 0.08353736089030206;
8 3 3 0.09857408585055644;
8 3 4 0.07852511923688393;
8 3 5 0.07351287758346582;
8 3 6 0.08520810810810811;
8 3 7 0.08854960254372019;
8 3 8 0.07351287758346582;
8 3 9 0.07852511923688393;
8 3 10 0.0768543720190779;
8 3 11 0.0969033386327504;
8 3 12 0.09189109697933227;
8 4 1 0.09980127186009541;
8 4 2 0.10719395866454691;
8 4 3 0.08501589825119238;
8 4 4 0.09610492845786965;
8 4 5 0.08316772655007951;
8 4 6 0.11089030206677265;
8 4 7 0.08686406995230525;
8 4 8 0.09980127186009541;
8 4 9 0.08316772655007951;
8 4 10 0.09980127186009541;
8 4 11 0.10349761526232117;
8 4 12 0.09056041335453101;
9 1 1 0.12115284181240063;
9 1 2 0.08419095786963433;
9 1 3 0.11293908982511924;
9 1 4 0.08419095786963433;
9 1 5 0.12320627980922097;
9 1 6 0.10061846184419714;
9 1 7 0.08829783386327504;
9 1 8 0.1149925278219396;
9 1 9 0.1149925278219396;
9 1 10 0.10677877583465818;
9 1 11 0.09035127186009538;
9 1 12 0.09240470985691575;
9 2 1 0.08716216216216217;
9 2 2 0.13074324324324324;
9 2 3 0.11766891891891894;
9 2 4 0.09369932432432433;
9 2 5 0.1002364864864865;
9 2 6 0.11984797297297299;
9 2 7 0.11548986486486489;
9 2 8 0.11984797297297299;
9 2 9 0.08934121621621621;
9 2 10 0.1002364864864865;
9 2 11 0.1002364864864865;
9 2 12 0.13074324324324324;
9 3 1 0.09212015103338633;
9 3 2 0.10081073131955484;
9 3 3 0.08690580286168521;
9 3 4 0.09907261526232113;
9 3 5 0.09907261526232113;
9 3 6 0.0799533386327504;
9 3 7 0.07300087440381557;
9 3 8 0.07821522257551669;
9 3 9 0.09733449920508745;
9 3 10 0.09038203497615262;
9 3 11 0.10428696343402225;
9 3 12 0.10254884737678854;
9 4 1 0.10190282193958666;
9 4 2 0.08267587440381559;
9 4 3 0.0845985691573927;
9 4 4 0.09421204292527822;
9 4 5 0.10959360095389506;
9 4 6 0.10959360095389506;
9 4 7 0.0845985691573927;
9 4 8 0.07883048489666136;
9 4 9 0.10959360095389506;
9 4 10 0.11343899046104929;
9 4 11 0.07883048489666136;
9 4 12 0.09998012718600954;
10 1 1 0.12291975357710651;
10 1 2 0.10698571144674085;
10 1 3 0.0910516693163752;
10 1 4 0.11153829491255961;
10 1 5 0.10698571144674085;
10 1 6 0.10470941971383148;
10 1 7 0.12064346184419715;
10 1 8 0.1024331279809221;
10 1 9 0.10015683624801272;
10 1 10 0.12974862877583465;
10 1 11 0.09560425278219395;
10 1 12 0.12974862877583465;
10 2 1 0.13285472972972975;
10 2 2 0.12077702702702703;
10 2 3 0.09903716216216216;
10 2 4 0.11836148648648648;
10 2 5 0.1256081081081081;
10 2 6 0.12077702702702703;
10 2 7 0.12319256756756758;
10 2 8 0.1352702702702703;
10 2 9 0.11594594594594596;
10 2 10 0.11836148648648648;
10 2 11 0.14251689189189187;
10 2 12 0.1256081081081081;
10 3 1 0.09055719395866453;
10 3 2 0.07899670111287757;
10 3 3 0.11560492845786963;
10 3 4 0.10597118441971384;
10 3 5 0.08477694753577107;
10 3 6 0.07706995230524642;
10 3 7 0.09441069157392686;
10 3 8 0.0982641891891892;
10 3 9 0.08285019872813991;
10 3 10 0.11367817965023846;
10 3 11 0.107897933227345;
10 3 12 0.07899670111287757;
10 4 1 0.11935612082670909;
10 4 2 0.0895170906200318;
10 4 3 0.09164844992050876;
10 4 4 0.09591116852146266;
10 4 5 0.11722476152623214;
10 4 6 0.11509340222575518;
10 4 7 0.10869932432432435;
10 4 8 0.09804252782193959;
10 4 9 0.10656796502384738;
10 4 10 0.09377980922098571;
10 4 11 0.10443660572337042;
10 4 12 0.10017388712241654;
]

global d = [
1 1 1 220;
1 1 2 270;
1 1 3 293;
1 1 4 211;
1 1 5 299;
1 1 6 207;
1 1 7 294;
1 1 8 186;
1 1 9 183;
1 1 10 0;
1 1 11 93;
1 1 12 214;
1 2 1 297;
1 2 2 50;
1 2 3 191;
1 2 4 279;
1 2 5 73;
1 2 6 278;
1 2 7 89;
1 2 8 214;
1 2 9 167;
1 2 10 227;
1 2 11 151;
1 2 12 287;
1 3 1 83;
1 3 2 0;
1 3 3 118;
1 3 4 142;
1 3 5 234;
1 3 6 299;
1 3 7 0;
1 3 8 56;
1 3 9 68;
1 3 10 202;
1 3 11 87;
1 3 12 285;
1 4 1 95;
1 4 2 103;
1 4 3 208;
1 4 4 162;
1 4 5 0;
1 4 6 139;
1 4 7 244;
1 4 8 288;
1 4 9 281;
1 4 10 296;
1 4 11 170;
1 4 12 105;
2 1 1 192;
2 1 2 0;
2 1 3 267;
2 1 4 83;
2 1 5 55;
2 1 6 0;
2 1 7 114;
2 1 8 0;
2 1 9 0;
2 1 10 268;
2 1 11 0;
2 1 12 65;
2 2 1 162;
2 2 2 117;
2 2 3 280;
2 2 4 145;
2 2 5 80;
2 2 6 88;
2 2 7 166;
2 2 8 0;
2 2 9 90;
2 2 10 54;
2 2 11 91;
2 2 12 217;
2 3 1 52;
2 3 2 290;
2 3 3 0;
2 3 4 148;
2 3 5 232;
2 3 6 65;
2 3 7 212;
2 3 8 292;
2 3 9 0;
2 3 10 234;
2 3 11 262;
2 3 12 148;
2 4 1 135;
2 4 2 300;
2 4 3 50;
2 4 4 102;
2 4 5 116;
2 4 6 247;
2 4 7 0;
2 4 8 121;
2 4 9 282;
2 4 10 286;
2 4 11 64;
2 4 12 264;
3 1 1 275;
3 1 2 283;
3 1 3 0;
3 1 4 267;
3 1 5 0;
3 1 6 238;
3 1 7 242;
3 1 8 260;
3 1 9 0;
3 1 10 90;
3 1 11 180;
3 1 12 0;
3 2 1 263;
3 2 2 58;
3 2 3 139;
3 2 4 127;
3 2 5 216;
3 2 6 108;
3 2 7 135;
3 2 8 143;
3 2 9 0;
3 2 10 145;
3 2 11 199;
3 2 12 234;
3 3 1 0;
3 3 2 0;
3 3 3 129;
3 3 4 167;
3 3 5 244;
3 3 6 142;
3 3 7 169;
3 3 8 184;
3 3 9 65;
3 3 10 0;
3 3 11 185;
3 3 12 272;
3 4 1 288;
3 4 2 186;
3 4 3 237;
3 4 4 121;
3 4 5 290;
3 4 6 0;
3 4 7 274;
3 4 8 180;
3 4 9 249;
3 4 10 171;
3 4 11 142;
3 4 12 103;
4 1 1 193;
4 1 2 250;
4 1 3 59;
4 1 4 103;
4 1 5 121;
4 1 6 126;
4 1 7 258;
4 1 8 171;
4 1 9 159;
4 1 10 293;
4 1 11 226;
4 1 12 226;
4 2 1 290;
4 2 2 0;
4 2 3 151;
4 2 4 204;
4 2 5 152;
4 2 6 206;
4 2 7 82;
4 2 8 132;
4 2 9 238;
4 2 10 250;
4 2 11 0;
4 2 12 253;
4 3 1 160;
4 3 2 143;
4 3 3 130;
4 3 4 145;
4 3 5 134;
4 3 6 141;
4 3 7 167;
4 3 8 0;
4 3 9 0;
4 3 10 64;
4 3 11 142;
4 3 12 121;
4 4 1 275;
4 4 2 255;
4 4 3 56;
4 4 4 243;
4 4 5 0;
4 4 6 188;
4 4 7 270;
4 4 8 202;
4 4 9 232;
4 4 10 218;
4 4 11 275;
4 4 12 62;
5 1 1 125;
5 1 2 57;
5 1 3 0;
5 1 4 175;
5 1 5 0;
5 1 6 255;
5 1 7 100;
5 1 8 221;
5 1 9 77;
5 1 10 251;
5 1 11 264;
5 1 12 259;
5 2 1 99;
5 2 2 259;
5 2 3 272;
5 2 4 208;
5 2 5 111;
5 2 6 221;
5 2 7 0;
5 2 8 252;
5 2 9 215;
5 2 10 150;
5 2 11 0;
5 2 12 119;
5 3 1 191;
5 3 2 212;
5 3 3 79;
5 3 4 208;
5 3 5 192;
5 3 6 84;
5 3 7 139;
5 3 8 55;
5 3 9 0;
5 3 10 155;
5 3 11 236;
5 3 12 0;
5 4 1 57;
5 4 2 0;
5 4 3 250;
5 4 4 0;
5 4 5 276;
5 4 6 0;
5 4 7 89;
5 4 8 265;
5 4 9 60;
5 4 10 64;
5 4 11 112;
5 4 12 133;
6 1 1 0;
6 1 2 207;
6 1 3 0;
6 1 4 117;
6 1 5 112;
6 1 6 194;
6 1 7 73;
6 1 8 130;
6 1 9 0;
6 1 10 111;
6 1 11 202;
6 1 12 292;
6 2 1 214;
6 2 2 234;
6 2 3 67;
6 2 4 153;
6 2 5 75;
6 2 6 0;
6 2 7 234;
6 2 8 63;
6 2 9 248;
6 2 10 0;
6 2 11 185;
6 2 12 67;
6 3 1 250;
6 3 2 252;
6 3 3 0;
6 3 4 276;
6 3 5 169;
6 3 6 238;
6 3 7 266;
6 3 8 0;
6 3 9 0;
6 3 10 233;
6 3 11 224;
6 3 12 0;
6 4 1 139;
6 4 2 63;
6 4 3 222;
6 4 4 198;
6 4 5 240;
6 4 6 65;
6 4 7 61;
6 4 8 141;
6 4 9 104;
6 4 10 150;
6 4 11 232;
6 4 12 122;
7 1 1 0;
7 1 2 94;
7 1 3 106;
7 1 4 50;
7 1 5 158;
7 1 6 161;
7 1 7 131;
7 1 8 240;
7 1 9 182;
7 1 10 0;
7 1 11 211;
7 1 12 247;
7 2 1 93;
7 2 2 51;
7 2 3 278;
7 2 4 159;
7 2 5 81;
7 2 6 202;
7 2 7 177;
7 2 8 153;
7 2 9 182;
7 2 10 282;
7 2 11 145;
7 2 12 117;
7 3 1 81;
7 3 2 96;
7 3 3 88;
7 3 4 108;
7 3 5 56;
7 3 6 112;
7 3 7 0;
7 3 8 131;
7 3 9 171;
7 3 10 82;
7 3 11 97;
7 3 12 105;
7 4 1 299;
7 4 2 0;
7 4 3 165;
7 4 4 0;
7 4 5 184;
7 4 6 85;
7 4 7 124;
7 4 8 263;
7 4 9 187;
7 4 10 267;
7 4 11 114;
7 4 12 157;
8 1 1 172;
8 1 2 73;
8 1 3 56;
8 1 4 264;
8 1 5 266;
8 1 6 272;
8 1 7 62;
8 1 8 296;
8 1 9 245;
8 1 10 204;
8 1 11 0;
8 1 12 238;
8 2 1 261;
8 2 2 257;
8 2 3 0;
8 2 4 226;
8 2 5 126;
8 2 6 200;
8 2 7 0;
8 2 8 212;
8 2 9 111;
8 2 10 178;
8 2 11 233;
8 2 12 0;
8 3 1 75;
8 3 2 94;
8 3 3 130;
8 3 4 0;
8 3 5 119;
8 3 6 236;
8 3 7 235;
8 3 8 0;
8 3 9 286;
8 3 10 74;
8 3 11 214;
8 3 12 280;
8 4 1 142;
8 4 2 198;
8 4 3 62;
8 4 4 263;
8 4 5 67;
8 4 6 58;
8 4 7 202;
8 4 8 154;
8 4 9 223;
8 4 10 77;
8 4 11 73;
8 4 12 165;
9 1 1 0;
9 1 2 300;
9 1 3 252;
9 1 4 149;
9 1 5 0;
9 1 6 269;
9 1 7 237;
9 1 8 271;
9 1 9 84;
9 1 10 200;
9 1 11 243;
9 1 12 126;
9 2 1 189;
9 2 2 122;
9 2 3 213;
9 2 4 0;
9 2 5 0;
9 2 6 165;
9 2 7 204;
9 2 8 190;
9 2 9 195;
9 2 10 0;
9 2 11 290;
9 2 12 146;
9 3 1 63;
9 3 2 147;
9 3 3 0;
9 3 4 229;
9 3 5 157;
9 3 6 167;
9 3 7 170;
9 3 8 295;
9 3 9 184;
9 3 10 194;
9 3 11 280;
9 3 12 177;
9 4 1 195;
9 4 2 213;
9 4 3 200;
9 4 4 110;
9 4 5 0;
9 4 6 158;
9 4 7 137;
9 4 8 75;
9 4 9 0;
9 4 10 169;
9 4 11 128;
9 4 12 279;
10 1 1 0;
10 1 2 187;
10 1 3 66;
10 1 4 0;
10 1 5 229;
10 1 6 271;
10 1 7 213;
10 1 8 169;
10 1 9 69;
10 1 10 293;
10 1 11 186;
10 1 12 266;
10 2 1 0;
10 2 2 124;
10 2 3 218;
10 2 4 65;
10 2 5 0;
10 2 6 207;
10 2 7 98;
10 2 8 0;
10 2 9 253;
10 2 10 113;
10 2 11 114;
10 2 12 173;
10 3 1 80;
10 3 2 117;
10 3 3 116;
10 3 4 0;
10 3 5 292;
10 3 6 0;
10 3 7 204;
10 3 8 184;
10 3 9 148;
10 3 10 92;
10 3 11 114;
10 3 12 267;
10 4 1 199;
10 4 2 103;
10 4 3 59;
10 4 4 101;
10 4 5 191;
10 4 6 266;
10 4 7 65;
10 4 8 237;
10 4 9 230;
10 4 10 86;
10 4 11 101;
10 4 12 0;
]

global Cap_c = [
1 1 1 8155.0;
1 1 2 8155.0;
1 1 3 8155.0;
1 1 4 8155.0;
1 1 5 8155.0;
1 1 6 8155.0;
1 1 7 8155.0;
1 1 8 8155.0;
1 1 9 8155.0;
1 1 10 8155.0;
1 1 11 8155.0;
1 1 12 8155.0;
1 2 1 8155.0;
1 2 2 8155.0;
1 2 3 8155.0;
1 2 4 8155.0;
1 2 5 8155.0;
1 2 6 8155.0;
1 2 7 8155.0;
1 2 8 8155.0;
1 2 9 8155.0;
1 2 10 8155.0;
1 2 11 8155.0;
1 2 12 8155.0;
2 1 1 8155.0;
2 1 2 8155.0;
2 1 3 8155.0;
2 1 4 8155.0;
2 1 5 8155.0;
2 1 6 8155.0;
2 1 7 8155.0;
2 1 8 8155.0;
2 1 9 8155.0;
2 1 10 8155.0;
2 1 11 8155.0;
2 1 12 8155.0;
2 2 1 8155.0;
2 2 2 8155.0;
2 2 3 8155.0;
2 2 4 8155.0;
2 2 5 8155.0;
2 2 6 8155.0;
2 2 7 8155.0;
2 2 8 8155.0;
2 2 9 8155.0;
2 2 10 8155.0;
2 2 11 8155.0;
2 2 12 8155.0;
3 1 1 8155.0;
3 1 2 8155.0;
3 1 3 8155.0;
3 1 4 8155.0;
3 1 5 8155.0;
3 1 6 8155.0;
3 1 7 8155.0;
3 1 8 8155.0;
3 1 9 8155.0;
3 1 10 8155.0;
3 1 11 8155.0;
3 1 12 8155.0;
3 2 1 8155.0;
3 2 2 8155.0;
3 2 3 8155.0;
3 2 4 8155.0;
3 2 5 8155.0;
3 2 6 8155.0;
3 2 7 8155.0;
3 2 8 8155.0;
3 2 9 8155.0;
3 2 10 8155.0;
3 2 11 8155.0;
3 2 12 8155.0;
4 1 1 8155.0;
4 1 2 8155.0;
4 1 3 8155.0;
4 1 4 8155.0;
4 1 5 8155.0;
4 1 6 8155.0;
4 1 7 8155.0;
4 1 8 8155.0;
4 1 9 8155.0;
4 1 10 8155.0;
4 1 11 8155.0;
4 1 12 8155.0;
4 2 1 8155.0;
4 2 2 8155.0;
4 2 3 8155.0;
4 2 4 8155.0;
4 2 5 8155.0;
4 2 6 8155.0;
4 2 7 8155.0;
4 2 8 8155.0;
4 2 9 8155.0;
4 2 10 8155.0;
4 2 11 8155.0;
4 2 12 8155.0;
]

global Cap_p = [654144.0 654144.0 654144.0 654144.0 654144.0 654144.0 654144.0 654144.0 654144.0 654144.0 654144.0 654144.0; 557233.0 557233.0 557233.0 557233.0 557233.0 557233.0 557233.0 557233.0 557233.0 557233.0 557233.0 557233.0]
#-----------------------------------------