###################################################
# Classe 17 : K = 4, M = 2, T = 12, N = 10
# Exemplo: 9.   c17ex09.dat          Semente: 8555
#-----------------------Dados----------------------
global K = 4
global M = 2
global T = 12
global N = 10

global L = [540, 460]

global l = [52, 73, 73, 88, 89, 90, 93, 93, 108, 118]

global Q1 = 1e5
global Q2 = 1e5

global rho = [2.0, 2.0, 2.0, 2.0]

global b = [1080.0 920.0; 1080.0 920.0; 1080.0 920.0; 1080.0 920.0]

global f = [45.36 38.64; 45.36 38.64; 45.36 38.64; 45.36 38.64]

global c_km = [46.44 43.24; 45.36 43.24; 48.6 42.32; 25.92 40.48]

global p_km = [6.223 5.794; 6.078 5.794; 6.512 5.671; 3.473 5.424]

global c_x = [
1 1 1 24.624;
1 1 2 24.624;
1 1 3 24.624;
1 1 4 24.624;
1 1 5 24.624;
1 1 6 24.624;
1 1 7 24.624;
1 1 8 24.624;
1 1 9 24.624;
1 1 10 24.624;
1 1 11 24.624;
1 1 12 24.624;
1 2 1 19.044;
1 2 2 19.044;
1 2 3 19.044;
1 2 4 19.044;
1 2 5 19.044;
1 2 6 19.044;
1 2 7 19.044;
1 2 8 19.044;
1 2 9 19.044;
1 2 10 19.044;
1 2 11 19.044;
1 2 12 19.044;
2 1 1 18.576;
2 1 2 18.576;
2 1 3 18.576;
2 1 4 18.576;
2 1 5 18.576;
2 1 6 18.576;
2 1 7 18.576;
2 1 8 18.576;
2 1 9 18.576;
2 1 10 18.576;
2 1 11 18.576;
2 1 12 18.576;
2 2 1 21.528;
2 2 2 21.528;
2 2 3 21.528;
2 2 4 21.528;
2 2 5 21.528;
2 2 6 21.528;
2 2 7 21.528;
2 2 8 21.528;
2 2 9 21.528;
2 2 10 21.528;
2 2 11 21.528;
2 2 12 21.528;
3 1 1 24.084;
3 1 2 24.084;
3 1 3 24.084;
3 1 4 24.084;
3 1 5 24.084;
3 1 6 24.084;
3 1 7 24.084;
3 1 8 24.084;
3 1 9 24.084;
3 1 10 24.084;
3 1 11 24.084;
3 1 12 24.084;
3 2 1 14.168;
3 2 2 14.168;
3 2 3 14.168;
3 2 4 14.168;
3 2 5 14.168;
3 2 6 14.168;
3 2 7 14.168;
3 2 8 14.168;
3 2 9 14.168;
3 2 10 14.168;
3 2 11 14.168;
3 2 12 14.168;
4 1 1 23.976;
4 1 2 23.976;
4 1 3 23.976;
4 1 4 23.976;
4 1 5 23.976;
4 1 6 23.976;
4 1 7 23.976;
4 1 8 23.976;
4 1 9 23.976;
4 1 10 23.976;
4 1 11 23.976;
4 1 12 23.976;
4 2 1 22.08;
4 2 2 22.08;
4 2 3 22.08;
4 2 4 22.08;
4 2 5 22.08;
4 2 6 22.08;
4 2 7 22.08;
4 2 8 22.08;
4 2 9 22.08;
4 2 10 22.08;
4 2 11 22.08;
4 2 12 22.08;
]

global c_z = [
1 1 1 0.763;
1 1 2 0.763;
1 1 3 0.763;
1 1 4 0.763;
1 1 5 0.763;
1 1 6 0.763;
1 1 7 0.763;
1 1 8 0.763;
1 1 9 0.763;
1 1 10 0.763;
1 1 11 0.763;
1 1 12 0.763;
1 2 1 0.628;
1 2 2 0.628;
1 2 3 0.628;
1 2 4 0.628;
1 2 5 0.628;
1 2 6 0.628;
1 2 7 0.628;
1 2 8 0.628;
1 2 9 0.628;
1 2 10 0.628;
1 2 11 0.628;
1 2 12 0.628;
2 1 1 0.91;
2 1 2 0.91;
2 1 3 0.91;
2 1 4 0.91;
2 1 5 0.91;
2 1 6 0.91;
2 1 7 0.91;
2 1 8 0.91;
2 1 9 0.91;
2 1 10 0.91;
2 1 11 0.91;
2 1 12 0.91;
2 2 1 1.076;
2 2 2 1.076;
2 2 3 1.076;
2 2 4 1.076;
2 2 5 1.076;
2 2 6 1.076;
2 2 7 1.076;
2 2 8 1.076;
2 2 9 1.076;
2 2 10 1.076;
2 2 11 1.076;
2 2 12 1.076;
3 1 1 0.723;
3 1 2 0.723;
3 1 3 0.723;
3 1 4 0.723;
3 1 5 0.723;
3 1 6 0.723;
3 1 7 0.723;
3 1 8 0.723;
3 1 9 0.723;
3 1 10 0.723;
3 1 11 0.723;
3 1 12 0.723;
3 2 1 0.439;
3 2 2 0.439;
3 2 3 0.439;
3 2 4 0.439;
3 2 5 0.439;
3 2 6 0.439;
3 2 7 0.439;
3 2 8 0.439;
3 2 9 0.439;
3 2 10 0.439;
3 2 11 0.439;
3 2 12 0.439;
4 1 1 0.887;
4 1 2 0.887;
4 1 3 0.887;
4 1 4 0.887;
4 1 5 0.887;
4 1 6 0.887;
4 1 7 0.887;
4 1 8 0.887;
4 1 9 0.887;
4 1 10 0.887;
4 1 11 0.887;
4 1 12 0.887;
4 2 1 0.883;
4 2 2 0.883;
4 2 3 0.883;
4 2 4 0.883;
4 2 5 0.883;
4 2 6 0.883;
4 2 7 0.883;
4 2 8 0.883;
4 2 9 0.883;
4 2 10 0.883;
4 2 11 0.883;
4 2 12 0.883;
]

global c_y = [
1 1 1 3.201;
1 1 2 3.201;
1 1 3 3.201;
1 1 4 3.201;
1 1 5 3.201;
1 1 6 3.201;
1 1 7 3.201;
1 1 8 3.201;
1 1 9 3.201;
1 1 10 3.201;
1 1 11 3.201;
1 1 12 3.201;
1 2 1 2.666;
1 2 2 2.666;
1 2 3 2.666;
1 2 4 2.666;
1 2 5 2.666;
1 2 6 2.666;
1 2 7 2.666;
1 2 8 2.666;
1 2 9 2.666;
1 2 10 2.666;
1 2 11 2.666;
1 2 12 2.666;
2 1 1 2.043;
2 1 2 2.043;
2 1 3 2.043;
2 1 4 2.043;
2 1 5 2.043;
2 1 6 2.043;
2 1 7 2.043;
2 1 8 2.043;
2 1 9 2.043;
2 1 10 2.043;
2 1 11 2.043;
2 1 12 2.043;
2 2 1 3.014;
2 2 2 3.014;
2 2 3 3.014;
2 2 4 3.014;
2 2 5 3.014;
2 2 6 3.014;
2 2 7 3.014;
2 2 8 3.014;
2 2 9 3.014;
2 2 10 3.014;
2 2 11 3.014;
2 2 12 3.014;
3 1 1 3.613;
3 1 2 3.613;
3 1 3 3.613;
3 1 4 3.613;
3 1 5 3.613;
3 1 6 3.613;
3 1 7 3.613;
3 1 8 3.613;
3 1 9 3.613;
3 1 10 3.613;
3 1 11 3.613;
3 1 12 3.613;
3 2 1 1.7;
3 2 2 1.7;
3 2 3 1.7;
3 2 4 1.7;
3 2 5 1.7;
3 2 6 1.7;
3 2 7 1.7;
3 2 8 1.7;
3 2 9 1.7;
3 2 10 1.7;
3 2 11 1.7;
3 2 12 1.7;
4 1 1 3.596;
4 1 2 3.596;
4 1 3 3.596;
4 1 4 3.596;
4 1 5 3.596;
4 1 6 3.596;
4 1 7 3.596;
4 1 8 3.596;
4 1 9 3.596;
4 1 10 3.596;
4 1 11 3.596;
4 1 12 3.596;
4 2 1 3.091;
4 2 2 3.091;
4 2 3 3.091;
4 2 4 3.091;
4 2 5 3.091;
4 2 6 3.091;
4 2 7 3.091;
4 2 8 3.091;
4 2 9 3.091;
4 2 10 3.091;
4 2 11 3.091;
4 2 12 3.091;
]

global c_sc = [
1 1 1 0.23;
1 1 2 0.23;
1 1 3 0.23;
1 1 4 0.23;
1 1 5 0.23;
1 1 6 0.23;
1 1 7 0.23;
1 1 8 0.23;
1 1 9 0.23;
1 1 10 0.23;
1 1 11 0.23;
1 1 12 0.23;
1 2 1 0.323;
1 2 2 0.323;
1 2 3 0.323;
1 2 4 0.323;
1 2 5 0.323;
1 2 6 0.323;
1 2 7 0.323;
1 2 8 0.323;
1 2 9 0.323;
1 2 10 0.323;
1 2 11 0.323;
1 2 12 0.323;
2 1 1 0.294;
2 1 2 0.294;
2 1 3 0.294;
2 1 4 0.294;
2 1 5 0.294;
2 1 6 0.294;
2 1 7 0.294;
2 1 8 0.294;
2 1 9 0.294;
2 1 10 0.294;
2 1 11 0.294;
2 1 12 0.294;
2 2 1 0.398;
2 2 2 0.398;
2 2 3 0.398;
2 2 4 0.398;
2 2 5 0.398;
2 2 6 0.398;
2 2 7 0.398;
2 2 8 0.398;
2 2 9 0.398;
2 2 10 0.398;
2 2 11 0.398;
2 2 12 0.398;
3 1 1 0.296;
3 1 2 0.296;
3 1 3 0.296;
3 1 4 0.296;
3 1 5 0.296;
3 1 6 0.296;
3 1 7 0.296;
3 1 8 0.296;
3 1 9 0.296;
3 1 10 0.296;
3 1 11 0.296;
3 1 12 0.296;
3 2 1 0.143;
3 2 2 0.143;
3 2 3 0.143;
3 2 4 0.143;
3 2 5 0.143;
3 2 6 0.143;
3 2 7 0.143;
3 2 8 0.143;
3 2 9 0.143;
3 2 10 0.143;
3 2 11 0.143;
3 2 12 0.143;
4 1 1 0.316;
4 1 2 0.316;
4 1 3 0.316;
4 1 4 0.316;
4 1 5 0.316;
4 1 6 0.316;
4 1 7 0.316;
4 1 8 0.316;
4 1 9 0.316;
4 1 10 0.316;
4 1 11 0.316;
4 1 12 0.316;
4 2 1 0.219;
4 2 2 0.219;
4 2 3 0.219;
4 2 4 0.219;
4 2 5 0.219;
4 2 6 0.219;
4 2 7 0.219;
4 2 8 0.219;
4 2 9 0.219;
4 2 10 0.219;
4 2 11 0.219;
4 2 12 0.219;
]

global c_w = [
1 1 1 8.5e-6;
1 1 2 8.5e-6;
1 1 3 8.5e-6;
1 1 4 8.5e-6;
1 1 5 8.5e-6;
1 1 6 8.5e-6;
1 1 7 8.5e-6;
1 1 8 8.5e-6;
1 1 9 8.5e-6;
1 1 10 8.5e-6;
1 1 11 8.5e-6;
1 1 12 8.5e-6;
1 2 1 1.24e-5;
1 2 2 1.24e-5;
1 2 3 1.24e-5;
1 2 4 1.24e-5;
1 2 5 1.24e-5;
1 2 6 1.24e-5;
1 2 7 1.24e-5;
1 2 8 1.24e-5;
1 2 9 1.24e-5;
1 2 10 1.24e-5;
1 2 11 1.24e-5;
1 2 12 1.24e-5;
2 1 1 7.8e-6;
2 1 2 7.8e-6;
2 1 3 7.8e-6;
2 1 4 7.8e-6;
2 1 5 7.8e-6;
2 1 6 7.8e-6;
2 1 7 7.8e-6;
2 1 8 7.8e-6;
2 1 9 7.8e-6;
2 1 10 7.8e-6;
2 1 11 7.8e-6;
2 1 12 7.8e-6;
2 2 1 1.24e-5;
2 2 2 1.24e-5;
2 2 3 1.24e-5;
2 2 4 1.24e-5;
2 2 5 1.24e-5;
2 2 6 1.24e-5;
2 2 7 1.24e-5;
2 2 8 1.24e-5;
2 2 9 1.24e-5;
2 2 10 1.24e-5;
2 2 11 1.24e-5;
2 2 12 1.24e-5;
3 1 1 9.9e-6;
3 1 2 9.9e-6;
3 1 3 9.9e-6;
3 1 4 9.9e-6;
3 1 5 9.9e-6;
3 1 6 9.9e-6;
3 1 7 9.9e-6;
3 1 8 9.9e-6;
3 1 9 9.9e-6;
3 1 10 9.9e-6;
3 1 11 9.9e-6;
3 1 12 9.9e-6;
3 2 1 9.1e-6;
3 2 2 9.1e-6;
3 2 3 9.1e-6;
3 2 4 9.1e-6;
3 2 5 9.1e-6;
3 2 6 9.1e-6;
3 2 7 9.1e-6;
3 2 8 9.1e-6;
3 2 9 9.1e-6;
3 2 10 9.1e-6;
3 2 11 9.1e-6;
3 2 12 9.1e-6;
4 1 1 7.9e-6;
4 1 2 7.9e-6;
4 1 3 7.9e-6;
4 1 4 7.9e-6;
4 1 5 7.9e-6;
4 1 6 7.9e-6;
4 1 7 7.9e-6;
4 1 8 7.9e-6;
4 1 9 7.9e-6;
4 1 10 7.9e-6;
4 1 11 7.9e-6;
4 1 12 7.9e-6;
4 2 1 9.6e-6;
4 2 2 9.6e-6;
4 2 3 9.6e-6;
4 2 4 9.6e-6;
4 2 5 9.6e-6;
4 2 6 9.6e-6;
4 2 7 9.6e-6;
4 2 8 9.6e-6;
4 2 9 9.6e-6;
4 2 10 9.6e-6;
4 2 11 9.6e-6;
4 2 12 9.6e-6;
]

global c_e = [
1 1 1 4.25e-6;
1 1 2 4.25e-6;
1 1 3 4.25e-6;
1 1 4 4.25e-6;
1 1 5 4.25e-6;
1 1 6 4.25e-6;
1 1 7 4.25e-6;
1 1 8 4.25e-6;
1 1 9 4.25e-6;
1 1 10 4.25e-6;
1 1 11 4.25e-6;
1 1 12 4.25e-6;
1 2 1 3.9e-6;
1 2 2 3.9e-6;
1 2 3 3.9e-6;
1 2 4 3.9e-6;
1 2 5 3.9e-6;
1 2 6 3.9e-6;
1 2 7 3.9e-6;
1 2 8 3.9e-6;
1 2 9 3.9e-6;
1 2 10 3.9e-6;
1 2 11 3.9e-6;
1 2 12 3.9e-6;
1 3 1 4.95e-6;
1 3 2 4.95e-6;
1 3 3 4.95e-6;
1 3 4 4.95e-6;
1 3 5 4.95e-6;
1 3 6 4.95e-6;
1 3 7 4.95e-6;
1 3 8 4.95e-6;
1 3 9 4.95e-6;
1 3 10 4.95e-6;
1 3 11 4.95e-6;
1 3 12 4.95e-6;
1 4 1 3.95e-6;
1 4 2 3.95e-6;
1 4 3 3.95e-6;
1 4 4 3.95e-6;
1 4 5 3.95e-6;
1 4 6 3.95e-6;
1 4 7 3.95e-6;
1 4 8 3.95e-6;
1 4 9 3.95e-6;
1 4 10 3.95e-6;
1 4 11 3.95e-6;
1 4 12 3.95e-6;
2 1 1 4.25e-6;
2 1 2 4.25e-6;
2 1 3 4.25e-6;
2 1 4 4.25e-6;
2 1 5 4.25e-6;
2 1 6 4.25e-6;
2 1 7 4.25e-6;
2 1 8 4.25e-6;
2 1 9 4.25e-6;
2 1 10 4.25e-6;
2 1 11 4.25e-6;
2 1 12 4.25e-6;
2 2 1 3.9e-6;
2 2 2 3.9e-6;
2 2 3 3.9e-6;
2 2 4 3.9e-6;
2 2 5 3.9e-6;
2 2 6 3.9e-6;
2 2 7 3.9e-6;
2 2 8 3.9e-6;
2 2 9 3.9e-6;
2 2 10 3.9e-6;
2 2 11 3.9e-6;
2 2 12 3.9e-6;
2 3 1 4.95e-6;
2 3 2 4.95e-6;
2 3 3 4.95e-6;
2 3 4 4.95e-6;
2 3 5 4.95e-6;
2 3 6 4.95e-6;
2 3 7 4.95e-6;
2 3 8 4.95e-6;
2 3 9 4.95e-6;
2 3 10 4.95e-6;
2 3 11 4.95e-6;
2 3 12 4.95e-6;
2 4 1 3.95e-6;
2 4 2 3.95e-6;
2 4 3 3.95e-6;
2 4 4 3.95e-6;
2 4 5 3.95e-6;
2 4 6 3.95e-6;
2 4 7 3.95e-6;
2 4 8 3.95e-6;
2 4 9 3.95e-6;
2 4 10 3.95e-6;
2 4 11 3.95e-6;
2 4 12 3.95e-6;
3 1 1 4.25e-6;
3 1 2 4.25e-6;
3 1 3 4.25e-6;
3 1 4 4.25e-6;
3 1 5 4.25e-6;
3 1 6 4.25e-6;
3 1 7 4.25e-6;
3 1 8 4.25e-6;
3 1 9 4.25e-6;
3 1 10 4.25e-6;
3 1 11 4.25e-6;
3 1 12 4.25e-6;
3 2 1 3.9e-6;
3 2 2 3.9e-6;
3 2 3 3.9e-6;
3 2 4 3.9e-6;
3 2 5 3.9e-6;
3 2 6 3.9e-6;
3 2 7 3.9e-6;
3 2 8 3.9e-6;
3 2 9 3.9e-6;
3 2 10 3.9e-6;
3 2 11 3.9e-6;
3 2 12 3.9e-6;
3 3 1 4.95e-6;
3 3 2 4.95e-6;
3 3 3 4.95e-6;
3 3 4 4.95e-6;
3 3 5 4.95e-6;
3 3 6 4.95e-6;
3 3 7 4.95e-6;
3 3 8 4.95e-6;
3 3 9 4.95e-6;
3 3 10 4.95e-6;
3 3 11 4.95e-6;
3 3 12 4.95e-6;
3 4 1 3.95e-6;
3 4 2 3.95e-6;
3 4 3 3.95e-6;
3 4 4 3.95e-6;
3 4 5 3.95e-6;
3 4 6 3.95e-6;
3 4 7 3.95e-6;
3 4 8 3.95e-6;
3 4 9 3.95e-6;
3 4 10 3.95e-6;
3 4 11 3.95e-6;
3 4 12 3.95e-6;
4 1 1 4.25e-6;
4 1 2 4.25e-6;
4 1 3 4.25e-6;
4 1 4 4.25e-6;
4 1 5 4.25e-6;
4 1 6 4.25e-6;
4 1 7 4.25e-6;
4 1 8 4.25e-6;
4 1 9 4.25e-6;
4 1 10 4.25e-6;
4 1 11 4.25e-6;
4 1 12 4.25e-6;
4 2 1 3.9e-6;
4 2 2 3.9e-6;
4 2 3 3.9e-6;
4 2 4 3.9e-6;
4 2 5 3.9e-6;
4 2 6 3.9e-6;
4 2 7 3.9e-6;
4 2 8 3.9e-6;
4 2 9 3.9e-6;
4 2 10 3.9e-6;
4 2 11 3.9e-6;
4 2 12 3.9e-6;
4 3 1 4.95e-6;
4 3 2 4.95e-6;
4 3 3 4.95e-6;
4 3 4 4.95e-6;
4 3 5 4.95e-6;
4 3 6 4.95e-6;
4 3 7 4.95e-6;
4 3 8 4.95e-6;
4 3 9 4.95e-6;
4 3 10 4.95e-6;
4 3 11 4.95e-6;
4 3 12 4.95e-6;
4 4 1 3.95e-6;
4 4 2 3.95e-6;
4 4 3 3.95e-6;
4 4 4 3.95e-6;
4 4 5 3.95e-6;
4 4 6 3.95e-6;
4 4 7 3.95e-6;
4 4 8 3.95e-6;
4 4 9 3.95e-6;
4 4 10 3.95e-6;
4 4 11 3.95e-6;
4 4 12 3.95e-6;
5 1 1 4.25e-6;
5 1 2 4.25e-6;
5 1 3 4.25e-6;
5 1 4 4.25e-6;
5 1 5 4.25e-6;
5 1 6 4.25e-6;
5 1 7 4.25e-6;
5 1 8 4.25e-6;
5 1 9 4.25e-6;
5 1 10 4.25e-6;
5 1 11 4.25e-6;
5 1 12 4.25e-6;
5 2 1 3.9e-6;
5 2 2 3.9e-6;
5 2 3 3.9e-6;
5 2 4 3.9e-6;
5 2 5 3.9e-6;
5 2 6 3.9e-6;
5 2 7 3.9e-6;
5 2 8 3.9e-6;
5 2 9 3.9e-6;
5 2 10 3.9e-6;
5 2 11 3.9e-6;
5 2 12 3.9e-6;
5 3 1 4.95e-6;
5 3 2 4.95e-6;
5 3 3 4.95e-6;
5 3 4 4.95e-6;
5 3 5 4.95e-6;
5 3 6 4.95e-6;
5 3 7 4.95e-6;
5 3 8 4.95e-6;
5 3 9 4.95e-6;
5 3 10 4.95e-6;
5 3 11 4.95e-6;
5 3 12 4.95e-6;
5 4 1 3.95e-6;
5 4 2 3.95e-6;
5 4 3 3.95e-6;
5 4 4 3.95e-6;
5 4 5 3.95e-6;
5 4 6 3.95e-6;
5 4 7 3.95e-6;
5 4 8 3.95e-6;
5 4 9 3.95e-6;
5 4 10 3.95e-6;
5 4 11 3.95e-6;
5 4 12 3.95e-6;
6 1 1 4.25e-6;
6 1 2 4.25e-6;
6 1 3 4.25e-6;
6 1 4 4.25e-6;
6 1 5 4.25e-6;
6 1 6 4.25e-6;
6 1 7 4.25e-6;
6 1 8 4.25e-6;
6 1 9 4.25e-6;
6 1 10 4.25e-6;
6 1 11 4.25e-6;
6 1 12 4.25e-6;
6 2 1 3.9e-6;
6 2 2 3.9e-6;
6 2 3 3.9e-6;
6 2 4 3.9e-6;
6 2 5 3.9e-6;
6 2 6 3.9e-6;
6 2 7 3.9e-6;
6 2 8 3.9e-6;
6 2 9 3.9e-6;
6 2 10 3.9e-6;
6 2 11 3.9e-6;
6 2 12 3.9e-6;
6 3 1 4.95e-6;
6 3 2 4.95e-6;
6 3 3 4.95e-6;
6 3 4 4.95e-6;
6 3 5 4.95e-6;
6 3 6 4.95e-6;
6 3 7 4.95e-6;
6 3 8 4.95e-6;
6 3 9 4.95e-6;
6 3 10 4.95e-6;
6 3 11 4.95e-6;
6 3 12 4.95e-6;
6 4 1 3.95e-6;
6 4 2 3.95e-6;
6 4 3 3.95e-6;
6 4 4 3.95e-6;
6 4 5 3.95e-6;
6 4 6 3.95e-6;
6 4 7 3.95e-6;
6 4 8 3.95e-6;
6 4 9 3.95e-6;
6 4 10 3.95e-6;
6 4 11 3.95e-6;
6 4 12 3.95e-6;
7 1 1 4.25e-6;
7 1 2 4.25e-6;
7 1 3 4.25e-6;
7 1 4 4.25e-6;
7 1 5 4.25e-6;
7 1 6 4.25e-6;
7 1 7 4.25e-6;
7 1 8 4.25e-6;
7 1 9 4.25e-6;
7 1 10 4.25e-6;
7 1 11 4.25e-6;
7 1 12 4.25e-6;
7 2 1 3.9e-6;
7 2 2 3.9e-6;
7 2 3 3.9e-6;
7 2 4 3.9e-6;
7 2 5 3.9e-6;
7 2 6 3.9e-6;
7 2 7 3.9e-6;
7 2 8 3.9e-6;
7 2 9 3.9e-6;
7 2 10 3.9e-6;
7 2 11 3.9e-6;
7 2 12 3.9e-6;
7 3 1 4.95e-6;
7 3 2 4.95e-6;
7 3 3 4.95e-6;
7 3 4 4.95e-6;
7 3 5 4.95e-6;
7 3 6 4.95e-6;
7 3 7 4.95e-6;
7 3 8 4.95e-6;
7 3 9 4.95e-6;
7 3 10 4.95e-6;
7 3 11 4.95e-6;
7 3 12 4.95e-6;
7 4 1 3.95e-6;
7 4 2 3.95e-6;
7 4 3 3.95e-6;
7 4 4 3.95e-6;
7 4 5 3.95e-6;
7 4 6 3.95e-6;
7 4 7 3.95e-6;
7 4 8 3.95e-6;
7 4 9 3.95e-6;
7 4 10 3.95e-6;
7 4 11 3.95e-6;
7 4 12 3.95e-6;
8 1 1 4.25e-6;
8 1 2 4.25e-6;
8 1 3 4.25e-6;
8 1 4 4.25e-6;
8 1 5 4.25e-6;
8 1 6 4.25e-6;
8 1 7 4.25e-6;
8 1 8 4.25e-6;
8 1 9 4.25e-6;
8 1 10 4.25e-6;
8 1 11 4.25e-6;
8 1 12 4.25e-6;
8 2 1 3.9e-6;
8 2 2 3.9e-6;
8 2 3 3.9e-6;
8 2 4 3.9e-6;
8 2 5 3.9e-6;
8 2 6 3.9e-6;
8 2 7 3.9e-6;
8 2 8 3.9e-6;
8 2 9 3.9e-6;
8 2 10 3.9e-6;
8 2 11 3.9e-6;
8 2 12 3.9e-6;
8 3 1 4.95e-6;
8 3 2 4.95e-6;
8 3 3 4.95e-6;
8 3 4 4.95e-6;
8 3 5 4.95e-6;
8 3 6 4.95e-6;
8 3 7 4.95e-6;
8 3 8 4.95e-6;
8 3 9 4.95e-6;
8 3 10 4.95e-6;
8 3 11 4.95e-6;
8 3 12 4.95e-6;
8 4 1 3.95e-6;
8 4 2 3.95e-6;
8 4 3 3.95e-6;
8 4 4 3.95e-6;
8 4 5 3.95e-6;
8 4 6 3.95e-6;
8 4 7 3.95e-6;
8 4 8 3.95e-6;
8 4 9 3.95e-6;
8 4 10 3.95e-6;
8 4 11 3.95e-6;
8 4 12 3.95e-6;
9 1 1 4.25e-6;
9 1 2 4.25e-6;
9 1 3 4.25e-6;
9 1 4 4.25e-6;
9 1 5 4.25e-6;
9 1 6 4.25e-6;
9 1 7 4.25e-6;
9 1 8 4.25e-6;
9 1 9 4.25e-6;
9 1 10 4.25e-6;
9 1 11 4.25e-6;
9 1 12 4.25e-6;
9 2 1 3.9e-6;
9 2 2 3.9e-6;
9 2 3 3.9e-6;
9 2 4 3.9e-6;
9 2 5 3.9e-6;
9 2 6 3.9e-6;
9 2 7 3.9e-6;
9 2 8 3.9e-6;
9 2 9 3.9e-6;
9 2 10 3.9e-6;
9 2 11 3.9e-6;
9 2 12 3.9e-6;
9 3 1 4.95e-6;
9 3 2 4.95e-6;
9 3 3 4.95e-6;
9 3 4 4.95e-6;
9 3 5 4.95e-6;
9 3 6 4.95e-6;
9 3 7 4.95e-6;
9 3 8 4.95e-6;
9 3 9 4.95e-6;
9 3 10 4.95e-6;
9 3 11 4.95e-6;
9 3 12 4.95e-6;
9 4 1 3.95e-6;
9 4 2 3.95e-6;
9 4 3 3.95e-6;
9 4 4 3.95e-6;
9 4 5 3.95e-6;
9 4 6 3.95e-6;
9 4 7 3.95e-6;
9 4 8 3.95e-6;
9 4 9 3.95e-6;
9 4 10 3.95e-6;
9 4 11 3.95e-6;
9 4 12 3.95e-6;
10 1 1 4.25e-6;
10 1 2 4.25e-6;
10 1 3 4.25e-6;
10 1 4 4.25e-6;
10 1 5 4.25e-6;
10 1 6 4.25e-6;
10 1 7 4.25e-6;
10 1 8 4.25e-6;
10 1 9 4.25e-6;
10 1 10 4.25e-6;
10 1 11 4.25e-6;
10 1 12 4.25e-6;
10 2 1 3.9e-6;
10 2 2 3.9e-6;
10 2 3 3.9e-6;
10 2 4 3.9e-6;
10 2 5 3.9e-6;
10 2 6 3.9e-6;
10 2 7 3.9e-6;
10 2 8 3.9e-6;
10 2 9 3.9e-6;
10 2 10 3.9e-6;
10 2 11 3.9e-6;
10 2 12 3.9e-6;
10 3 1 4.95e-6;
10 3 2 4.95e-6;
10 3 3 4.95e-6;
10 3 4 4.95e-6;
10 3 5 4.95e-6;
10 3 6 4.95e-6;
10 3 7 4.95e-6;
10 3 8 4.95e-6;
10 3 9 4.95e-6;
10 3 10 4.95e-6;
10 3 11 4.95e-6;
10 3 12 4.95e-6;
10 4 1 3.95e-6;
10 4 2 3.95e-6;
10 4 3 3.95e-6;
10 4 4 3.95e-6;
10 4 5 3.95e-6;
10 4 6 3.95e-6;
10 4 7 3.95e-6;
10 4 8 3.95e-6;
10 4 9 3.95e-6;
10 4 10 3.95e-6;
10 4 11 3.95e-6;
10 4 12 3.95e-6;
]

global d = [
1 1 1 277;
1 1 2 69;
1 1 3 0;
1 1 4 61;
1 1 5 253;
1 1 6 58;
1 1 7 213;
1 1 8 296;
1 1 9 0;
1 1 10 253;
1 1 11 0;
1 1 12 248;
1 2 1 88;
1 2 2 290;
1 2 3 123;
1 2 4 216;
1 2 5 68;
1 2 6 67;
1 2 7 101;
1 2 8 292;
1 2 9 174;
1 2 10 233;
1 2 11 173;
1 2 12 209;
1 3 1 152;
1 3 2 195;
1 3 3 53;
1 3 4 280;
1 3 5 215;
1 3 6 167;
1 3 7 0;
1 3 8 136;
1 3 9 139;
1 3 10 0;
1 3 11 0;
1 3 12 157;
1 4 1 134;
1 4 2 136;
1 4 3 146;
1 4 4 84;
1 4 5 208;
1 4 6 218;
1 4 7 144;
1 4 8 80;
1 4 9 104;
1 4 10 178;
1 4 11 160;
1 4 12 160;
2 1 1 0;
2 1 2 254;
2 1 3 0;
2 1 4 281;
2 1 5 240;
2 1 6 133;
2 1 7 227;
2 1 8 293;
2 1 9 124;
2 1 10 240;
2 1 11 265;
2 1 12 261;
2 2 1 249;
2 2 2 130;
2 2 3 80;
2 2 4 131;
2 2 5 263;
2 2 6 76;
2 2 7 236;
2 2 8 81;
2 2 9 57;
2 2 10 214;
2 2 11 0;
2 2 12 69;
2 3 1 181;
2 3 2 274;
2 3 3 123;
2 3 4 56;
2 3 5 150;
2 3 6 0;
2 3 7 117;
2 3 8 0;
2 3 9 70;
2 3 10 0;
2 3 11 112;
2 3 12 109;
2 4 1 204;
2 4 2 193;
2 4 3 223;
2 4 4 229;
2 4 5 158;
2 4 6 135;
2 4 7 116;
2 4 8 138;
2 4 9 0;
2 4 10 162;
2 4 11 230;
2 4 12 0;
3 1 1 124;
3 1 2 0;
3 1 3 278;
3 1 4 281;
3 1 5 193;
3 1 6 228;
3 1 7 122;
3 1 8 300;
3 1 9 121;
3 1 10 216;
3 1 11 247;
3 1 12 193;
3 2 1 94;
3 2 2 0;
3 2 3 0;
3 2 4 0;
3 2 5 0;
3 2 6 0;
3 2 7 148;
3 2 8 156;
3 2 9 267;
3 2 10 239;
3 2 11 106;
3 2 12 138;
3 3 1 211;
3 3 2 0;
3 3 3 244;
3 3 4 96;
3 3 5 120;
3 3 6 50;
3 3 7 142;
3 3 8 182;
3 3 9 274;
3 3 10 0;
3 3 11 0;
3 3 12 83;
3 4 1 222;
3 4 2 70;
3 4 3 223;
3 4 4 0;
3 4 5 217;
3 4 6 279;
3 4 7 300;
3 4 8 94;
3 4 9 267;
3 4 10 0;
3 4 11 89;
3 4 12 201;
4 1 1 104;
4 1 2 186;
4 1 3 246;
4 1 4 87;
4 1 5 153;
4 1 6 130;
4 1 7 62;
4 1 8 244;
4 1 9 231;
4 1 10 200;
4 1 11 126;
4 1 12 296;
4 2 1 70;
4 2 2 214;
4 2 3 0;
4 2 4 0;
4 2 5 0;
4 2 6 0;
4 2 7 296;
4 2 8 234;
4 2 9 190;
4 2 10 182;
4 2 11 0;
4 2 12 284;
4 3 1 0;
4 3 2 140;
4 3 3 276;
4 3 4 152;
4 3 5 147;
4 3 6 71;
4 3 7 201;
4 3 8 53;
4 3 9 61;
4 3 10 300;
4 3 11 0;
4 3 12 107;
4 4 1 180;
4 4 2 0;
4 4 3 80;
4 4 4 106;
4 4 5 0;
4 4 6 224;
4 4 7 138;
4 4 8 93;
4 4 9 0;
4 4 10 0;
4 4 11 103;
4 4 12 235;
5 1 1 51;
5 1 2 202;
5 1 3 0;
5 1 4 280;
5 1 5 265;
5 1 6 288;
5 1 7 197;
5 1 8 136;
5 1 9 269;
5 1 10 222;
5 1 11 146;
5 1 12 169;
5 2 1 0;
5 2 2 135;
5 2 3 124;
5 2 4 203;
5 2 5 112;
5 2 6 0;
5 2 7 116;
5 2 8 272;
5 2 9 292;
5 2 10 83;
5 2 11 162;
5 2 12 122;
5 3 1 233;
5 3 2 0;
5 3 3 0;
5 3 4 128;
5 3 5 254;
5 3 6 0;
5 3 7 133;
5 3 8 229;
5 3 9 0;
5 3 10 248;
5 3 11 202;
5 3 12 238;
5 4 1 108;
5 4 2 180;
5 4 3 119;
5 4 4 57;
5 4 5 212;
5 4 6 0;
5 4 7 0;
5 4 8 272;
5 4 9 105;
5 4 10 171;
5 4 11 72;
5 4 12 270;
6 1 1 216;
6 1 2 126;
6 1 3 159;
6 1 4 0;
6 1 5 251;
6 1 6 173;
6 1 7 186;
6 1 8 0;
6 1 9 0;
6 1 10 164;
6 1 11 0;
6 1 12 115;
6 2 1 190;
6 2 2 118;
6 2 3 227;
6 2 4 133;
6 2 5 50;
6 2 6 270;
6 2 7 69;
6 2 8 75;
6 2 9 0;
6 2 10 225;
6 2 11 243;
6 2 12 0;
6 3 1 296;
6 3 2 147;
6 3 3 90;
6 3 4 115;
6 3 5 0;
6 3 6 235;
6 3 7 0;
6 3 8 148;
6 3 9 275;
6 3 10 265;
6 3 11 0;
6 3 12 131;
6 4 1 0;
6 4 2 0;
6 4 3 69;
6 4 4 221;
6 4 5 140;
6 4 6 64;
6 4 7 267;
6 4 8 55;
6 4 9 139;
6 4 10 245;
6 4 11 90;
6 4 12 51;
7 1 1 182;
7 1 2 253;
7 1 3 108;
7 1 4 0;
7 1 5 53;
7 1 6 287;
7 1 7 174;
7 1 8 74;
7 1 9 140;
7 1 10 166;
7 1 11 100;
7 1 12 239;
7 2 1 104;
7 2 2 114;
7 2 3 285;
7 2 4 207;
7 2 5 220;
7 2 6 255;
7 2 7 165;
7 2 8 0;
7 2 9 246;
7 2 10 62;
7 2 11 293;
7 2 12 249;
7 3 1 226;
7 3 2 229;
7 3 3 77;
7 3 4 255;
7 3 5 207;
7 3 6 0;
7 3 7 297;
7 3 8 78;
7 3 9 164;
7 3 10 0;
7 3 11 283;
7 3 12 199;
7 4 1 300;
7 4 2 0;
7 4 3 81;
7 4 4 0;
7 4 5 54;
7 4 6 0;
7 4 7 201;
7 4 8 157;
7 4 9 0;
7 4 10 191;
7 4 11 74;
7 4 12 65;
8 1 1 291;
8 1 2 69;
8 1 3 244;
8 1 4 0;
8 1 5 0;
8 1 6 225;
8 1 7 197;
8 1 8 73;
8 1 9 282;
8 1 10 218;
8 1 11 60;
8 1 12 267;
8 2 1 161;
8 2 2 123;
8 2 3 210;
8 2 4 53;
8 2 5 69;
8 2 6 277;
8 2 7 0;
8 2 8 285;
8 2 9 208;
8 2 10 227;
8 2 11 107;
8 2 12 77;
8 3 1 241;
8 3 2 0;
8 3 3 294;
8 3 4 97;
8 3 5 289;
8 3 6 236;
8 3 7 218;
8 3 8 87;
8 3 9 155;
8 3 10 0;
8 3 11 0;
8 3 12 124;
8 4 1 270;
8 4 2 224;
8 4 3 198;
8 4 4 231;
8 4 5 146;
8 4 6 0;
8 4 7 271;
8 4 8 0;
8 4 9 188;
8 4 10 78;
8 4 11 260;
8 4 12 184;
9 1 1 82;
9 1 2 225;
9 1 3 62;
9 1 4 295;
9 1 5 265;
9 1 6 255;
9 1 7 107;
9 1 8 259;
9 1 9 0;
9 1 10 200;
9 1 11 128;
9 1 12 142;
9 2 1 62;
9 2 2 178;
9 2 3 101;
9 2 4 131;
9 2 5 62;
9 2 6 238;
9 2 7 185;
9 2 8 0;
9 2 9 77;
9 2 10 188;
9 2 11 93;
9 2 12 0;
9 3 1 298;
9 3 2 287;
9 3 3 0;
9 3 4 103;
9 3 5 245;
9 3 6 291;
9 3 7 0;
9 3 8 131;
9 3 9 175;
9 3 10 0;
9 3 11 223;
9 3 12 0;
9 4 1 63;
9 4 2 271;
9 4 3 217;
9 4 4 0;
9 4 5 190;
9 4 6 292;
9 4 7 227;
9 4 8 0;
9 4 9 213;
9 4 10 234;
9 4 11 137;
9 4 12 249;
10 1 1 245;
10 1 2 66;
10 1 3 108;
10 1 4 0;
10 1 5 188;
10 1 6 253;
10 1 7 177;
10 1 8 77;
10 1 9 264;
10 1 10 95;
10 1 11 81;
10 1 12 77;
10 2 1 188;
10 2 2 232;
10 2 3 0;
10 2 4 266;
10 2 5 70;
10 2 6 0;
10 2 7 0;
10 2 8 142;
10 2 9 75;
10 2 10 0;
10 2 11 117;
10 2 12 0;
10 3 1 227;
10 3 2 215;
10 3 3 192;
10 3 4 182;
10 3 5 74;
10 3 6 0;
10 3 7 229;
10 3 8 147;
10 3 9 133;
10 3 10 183;
10 3 11 0;
10 3 12 137;
10 4 1 225;
10 4 2 84;
10 4 3 105;
10 4 4 297;
10 4 5 0;
10 4 6 0;
10 4 7 138;
10 4 8 213;
10 4 9 147;
10 4 10 126;
10 4 11 242;
10 4 12 167;
]

global Cap_c = [
1 1 1 8318.0;
1 1 2 8318.0;
1 1 3 8318.0;
1 1 4 8318.0;
1 1 5 8318.0;
1 1 6 8318.0;
1 1 7 8318.0;
1 1 8 8318.0;
1 1 9 8318.0;
1 1 10 8318.0;
1 1 11 8318.0;
1 1 12 8318.0;
1 2 1 8318.0;
1 2 2 8318.0;
1 2 3 8318.0;
1 2 4 8318.0;
1 2 5 8318.0;
1 2 6 8318.0;
1 2 7 8318.0;
1 2 8 8318.0;
1 2 9 8318.0;
1 2 10 8318.0;
1 2 11 8318.0;
1 2 12 8318.0;
2 1 1 8318.0;
2 1 2 8318.0;
2 1 3 8318.0;
2 1 4 8318.0;
2 1 5 8318.0;
2 1 6 8318.0;
2 1 7 8318.0;
2 1 8 8318.0;
2 1 9 8318.0;
2 1 10 8318.0;
2 1 11 8318.0;
2 1 12 8318.0;
2 2 1 8318.0;
2 2 2 8318.0;
2 2 3 8318.0;
2 2 4 8318.0;
2 2 5 8318.0;
2 2 6 8318.0;
2 2 7 8318.0;
2 2 8 8318.0;
2 2 9 8318.0;
2 2 10 8318.0;
2 2 11 8318.0;
2 2 12 8318.0;
3 1 1 8318.0;
3 1 2 8318.0;
3 1 3 8318.0;
3 1 4 8318.0;
3 1 5 8318.0;
3 1 6 8318.0;
3 1 7 8318.0;
3 1 8 8318.0;
3 1 9 8318.0;
3 1 10 8318.0;
3 1 11 8318.0;
3 1 12 8318.0;
3 2 1 8318.0;
3 2 2 8318.0;
3 2 3 8318.0;
3 2 4 8318.0;
3 2 5 8318.0;
3 2 6 8318.0;
3 2 7 8318.0;
3 2 8 8318.0;
3 2 9 8318.0;
3 2 10 8318.0;
3 2 11 8318.0;
3 2 12 8318.0;
4 1 1 8318.0;
4 1 2 8318.0;
4 1 3 8318.0;
4 1 4 8318.0;
4 1 5 8318.0;
4 1 6 8318.0;
4 1 7 8318.0;
4 1 8 8318.0;
4 1 9 8318.0;
4 1 10 8318.0;
4 1 11 8318.0;
4 1 12 8318.0;
4 2 1 8318.0;
4 2 2 8318.0;
4 2 3 8318.0;
4 2 4 8318.0;
4 2 5 8318.0;
4 2 6 8318.0;
4 2 7 8318.0;
4 2 8 8318.0;
4 2 9 8318.0;
4 2 10 8318.0;
4 2 11 8318.0;
4 2 12 8318.0;
]

global Cap_p = [265640.0 265640.0 265640.0 265640.0 265640.0 265640.0 265640.0 265640.0 265640.0 265640.0 265640.0 265640.0; 226286.0 226286.0 226286.0 226286.0 226286.0 226286.0 226286.0 226286.0 226286.0 226286.0 226286.0 226286.0]
#-----------------------------------------