###################################################
# Classe 1 : K = 2, M = 2, T = 8, N = 5
# Exemplo: 3.   c1ex03.dat          Semente: 4203
#-----------------------Dados----------------------
global K = 2
global M = 2
global T = 8
global N = 5

global L = [540, 460]

global l = [64, 118, 124, 130, 148]

global Q1 = 1e5
global Q2 = 1e5

global rho = [2.0, 2.0]

global b = [1080.0 920.0; 1080.0 920.0]

global f = [21.6 18.4; 21.6 18.4]

global c_km = [29.16 28.52; 23.76 45.08]

global p_km = [4.316 4.221; 3.516 6.672]

global c_x = [
1 1 1 17.712;
1 1 2 17.712;
1 1 3 17.712;
1 1 4 17.712;
1 1 5 17.712;
1 1 6 17.712;
1 1 7 17.712;
1 1 8 17.712;
1 2 1 17.296;
1 2 2 17.296;
1 2 3 17.296;
1 2 4 17.296;
1 2 5 17.296;
1 2 6 17.296;
1 2 7 17.296;
1 2 8 17.296;
2 1 1 23.003;
2 1 2 23.003;
2 1 3 23.003;
2 1 4 23.003;
2 1 5 23.003;
2 1 6 23.003;
2 1 7 23.003;
2 1 8 23.003;
2 2 1 22.632;
2 2 2 22.632;
2 2 3 22.632;
2 2 4 22.632;
2 2 5 22.632;
2 2 6 22.632;
2 2 7 22.632;
2 2 8 22.632;
]

global c_z = [
1 1 1 0.868;
1 1 2 0.868;
1 1 3 0.868;
1 1 4 0.868;
1 1 5 0.868;
1 1 6 0.868;
1 1 7 0.868;
1 1 8 0.868;
1 2 1 0.536;
1 2 2 0.536;
1 2 3 0.536;
1 2 4 0.536;
1 2 5 0.536;
1 2 6 0.536;
1 2 7 0.536;
1 2 8 0.536;
2 1 1 1.15;
2 1 2 1.15;
2 1 3 1.15;
2 1 4 1.15;
2 1 5 1.15;
2 1 6 1.15;
2 1 7 1.15;
2 1 8 1.15;
2 2 1 1.132;
2 2 2 1.132;
2 2 3 1.132;
2 2 4 1.132;
2 2 5 1.132;
2 2 6 1.132;
2 2 7 1.132;
2 2 8 1.132;
]

global c_y = [
1 1 1 2.303;
1 1 2 2.303;
1 1 3 2.303;
1 1 4 2.303;
1 1 5 2.303;
1 1 6 2.303;
1 1 7 2.303;
1 1 8 2.303;
1 2 1 2.076;
1 2 2 2.076;
1 2 3 2.076;
1 2 4 2.076;
1 2 5 2.076;
1 2 6 2.076;
1 2 7 2.076;
1 2 8 2.076;
2 1 1 3.45;
2 1 2 3.45;
2 1 3 3.45;
2 1 4 3.45;
2 1 5 3.45;
2 1 6 3.45;
2 1 7 3.45;
2 1 8 3.45;
2 2 1 3.395;
2 2 2 3.395;
2 2 3 3.395;
2 2 4 3.395;
2 2 5 3.395;
2 2 6 3.395;
2 2 7 3.395;
2 2 8 3.395;
]

global c_sc = [
1 1 1 0.184;
1 1 2 0.184;
1 1 3 0.184;
1 1 4 0.184;
1 1 5 0.184;
1 1 6 0.184;
1 1 7 0.184;
1 1 8 0.184;
1 2 1 0.183;
1 2 2 0.183;
1 2 3 0.183;
1 2 4 0.183;
1 2 5 0.183;
1 2 6 0.183;
1 2 7 0.183;
1 2 8 0.183;
2 1 1 0.386;
2 1 2 0.386;
2 1 3 0.386;
2 1 4 0.386;
2 1 5 0.386;
2 1 6 0.386;
2 1 7 0.386;
2 1 8 0.386;
2 2 1 0.295;
2 2 2 0.295;
2 2 3 0.295;
2 2 4 0.295;
2 2 5 0.295;
2 2 6 0.295;
2 2 7 0.295;
2 2 8 0.295;
]

global c_w = [
1 1 1 7.9e-6;
1 1 2 7.9e-6;
1 1 3 7.9e-6;
1 1 4 7.9e-6;
1 1 5 7.9e-6;
1 1 6 7.9e-6;
1 1 7 7.9e-6;
1 1 8 7.9e-6;
1 2 1 1.06e-5;
1 2 2 1.06e-5;
1 2 3 1.06e-5;
1 2 4 1.06e-5;
1 2 5 1.06e-5;
1 2 6 1.06e-5;
1 2 7 1.06e-5;
1 2 8 1.06e-5;
2 1 1 8.5e-6;
2 1 2 8.5e-6;
2 1 3 8.5e-6;
2 1 4 8.5e-6;
2 1 5 8.5e-6;
2 1 6 8.5e-6;
2 1 7 8.5e-6;
2 1 8 8.5e-6;
2 2 1 1.25e-5;
2 2 2 1.25e-5;
2 2 3 1.25e-5;
2 2 4 1.25e-5;
2 2 5 1.25e-5;
2 2 6 1.25e-5;
2 2 7 1.25e-5;
2 2 8 1.25e-5;
]

global c_e = [
1 1 1 3.95e-6;
1 1 2 3.95e-6;
1 1 3 3.95e-6;
1 1 4 3.95e-6;
1 1 5 3.95e-6;
1 1 6 3.95e-6;
1 1 7 3.95e-6;
1 1 8 3.95e-6;
1 2 1 4.25e-6;
1 2 2 4.25e-6;
1 2 3 4.25e-6;
1 2 4 4.25e-6;
1 2 5 4.25e-6;
1 2 6 4.25e-6;
1 2 7 4.25e-6;
1 2 8 4.25e-6;
2 1 1 3.95e-6;
2 1 2 3.95e-6;
2 1 3 3.95e-6;
2 1 4 3.95e-6;
2 1 5 3.95e-6;
2 1 6 3.95e-6;
2 1 7 3.95e-6;
2 1 8 3.95e-6;
2 2 1 4.25e-6;
2 2 2 4.25e-6;
2 2 3 4.25e-6;
2 2 4 4.25e-6;
2 2 5 4.25e-6;
2 2 6 4.25e-6;
2 2 7 4.25e-6;
2 2 8 4.25e-6;
3 1 1 3.95e-6;
3 1 2 3.95e-6;
3 1 3 3.95e-6;
3 1 4 3.95e-6;
3 1 5 3.95e-6;
3 1 6 3.95e-6;
3 1 7 3.95e-6;
3 1 8 3.95e-6;
3 2 1 4.25e-6;
3 2 2 4.25e-6;
3 2 3 4.25e-6;
3 2 4 4.25e-6;
3 2 5 4.25e-6;
3 2 6 4.25e-6;
3 2 7 4.25e-6;
3 2 8 4.25e-6;
4 1 1 3.95e-6;
4 1 2 3.95e-6;
4 1 3 3.95e-6;
4 1 4 3.95e-6;
4 1 5 3.95e-6;
4 1 6 3.95e-6;
4 1 7 3.95e-6;
4 1 8 3.95e-6;
4 2 1 4.25e-6;
4 2 2 4.25e-6;
4 2 3 4.25e-6;
4 2 4 4.25e-6;
4 2 5 4.25e-6;
4 2 6 4.25e-6;
4 2 7 4.25e-6;
4 2 8 4.25e-6;
5 1 1 3.95e-6;
5 1 2 3.95e-6;
5 1 3 3.95e-6;
5 1 4 3.95e-6;
5 1 5 3.95e-6;
5 1 6 3.95e-6;
5 1 7 3.95e-6;
5 1 8 3.95e-6;
5 2 1 4.25e-6;
5 2 2 4.25e-6;
5 2 3 4.25e-6;
5 2 4 4.25e-6;
5 2 5 4.25e-6;
5 2 6 4.25e-6;
5 2 7 4.25e-6;
5 2 8 4.25e-6;
]

global d = [
1 1 1 204;
1 1 2 223;
1 1 3 0;
1 1 4 276;
1 1 5 177;
1 1 6 126;
1 1 7 270;
1 1 8 133;
1 2 1 158;
1 2 2 192;
1 2 3 98;
1 2 4 0;
1 2 5 140;
1 2 6 271;
1 2 7 157;
1 2 8 165;
2 1 1 0;
2 1 2 252;
2 1 3 0;
2 1 4 218;
2 1 5 199;
2 1 6 0;
2 1 7 0;
2 1 8 0;
2 2 1 72;
2 2 2 111;
2 2 3 174;
2 2 4 0;
2 2 5 265;
2 2 6 245;
2 2 7 0;
2 2 8 80;
3 1 1 273;
3 1 2 249;
3 1 3 180;
3 1 4 237;
3 1 5 66;
3 1 6 202;
3 1 7 167;
3 1 8 164;
3 2 1 262;
3 2 2 0;
3 2 3 88;
3 2 4 85;
3 2 5 145;
3 2 6 66;
3 2 7 235;
3 2 8 287;
4 1 1 215;
4 1 2 117;
4 1 3 90;
4 1 4 194;
4 1 5 93;
4 1 6 71;
4 1 7 207;
4 1 8 252;
4 2 1 95;
4 2 2 192;
4 2 3 225;
4 2 4 201;
4 2 5 286;
4 2 6 143;
4 2 7 0;
4 2 8 179;
5 1 1 0;
5 1 2 62;
5 1 3 283;
5 1 4 0;
5 1 5 81;
5 1 6 209;
5 1 7 224;
5 1 8 66;
5 2 1 282;
5 2 2 272;
5 2 3 193;
5 2 4 109;
5 2 5 144;
5 2 6 105;
5 2 7 0;
5 2 8 104;
]

global Cap_c = [
1 1 1 1413.0;
1 1 2 1413.0;
1 1 3 1413.0;
1 1 4 1413.0;
1 1 5 1413.0;
1 1 6 1413.0;
1 1 7 1413.0;
1 1 8 1413.0;
1 2 1 1413.0;
1 2 2 1413.0;
1 2 3 1413.0;
1 2 4 1413.0;
1 2 5 1413.0;
1 2 6 1413.0;
1 2 7 1413.0;
1 2 8 1413.0;
2 1 1 1413.0;
2 1 2 1413.0;
2 1 3 1413.0;
2 1 4 1413.0;
2 1 5 1413.0;
2 1 6 1413.0;
2 1 7 1413.0;
2 1 8 1413.0;
2 2 1 1413.0;
2 2 2 1413.0;
2 2 3 1413.0;
2 2 4 1413.0;
2 2 5 1413.0;
2 2 6 1413.0;
2 2 7 1413.0;
2 2 8 1413.0;
]

global Cap_p = [89789.0 89789.0 89789.0 89789.0 89789.0 89789.0 89789.0 89789.0; 76487.0 76487.0 76487.0 76487.0 76487.0 76487.0 76487.0 76487.0]
#-----------------------------------------