###################################################
# Classe 21 : K = 6, M = 2, T = 8, N = 20
# Exemplo: 7.   c21ex07.dat          Semente: 5000
#-----------------------Dados----------------------
global K = 6
global M = 2
global T = 8
global N = 20

global L = [540, 460]

global l = [56, 56, 58, 66, 72, 80, 80, 84, 88, 90, 90, 92, 93, 101, 115, 116, 127, 136, 138, 148]

global Q1 = 1e5
global Q2 = 1e5

global rho = [2.0, 2.0, 2.0, 2.0, 2.0, 2.0]

global b = [1080.0 920.0; 1080.0 920.0; 1080.0 920.0; 1080.0 920.0; 1080.0 920.0; 1080.0 920.0]

global f = [46.44 39.56; 46.44 39.56; 46.44 39.56; 46.44 39.56; 46.44 39.56; 46.44 39.56]

global c_km = [45.36 27.6; 36.72 42.32; 54.0 41.4; 41.04 40.48; 31.32 34.04; 46.44 23.92]

global p_km = [5.352 3.257; 4.333 4.994; 6.372 4.885; 4.843 4.777; 3.696 4.017; 5.48 2.823]

global c_x = [
1 1 1 25.164;
1 1 2 25.164;
1 1 3 25.164;
1 1 4 25.164;
1 1 5 25.164;
1 1 6 25.164;
1 1 7 25.164;
1 1 8 25.164;
1 2 1 20.148;
1 2 2 20.148;
1 2 3 20.148;
1 2 4 20.148;
1 2 5 20.148;
1 2 6 20.148;
1 2 7 20.148;
1 2 8 20.148;
2 1 1 20.844;
2 1 2 20.844;
2 1 3 20.844;
2 1 4 20.844;
2 1 5 20.844;
2 1 6 20.844;
2 1 7 20.844;
2 1 8 20.844;
2 2 1 16.192;
2 2 2 16.192;
2 2 3 16.192;
2 2 4 16.192;
2 2 5 16.192;
2 2 6 16.192;
2 2 7 16.192;
2 2 8 16.192;
3 1 1 19.656;
3 1 2 19.656;
3 1 3 19.656;
3 1 4 19.656;
3 1 5 19.656;
3 1 6 19.656;
3 1 7 19.656;
3 1 8 19.656;
3 2 1 22.632;
3 2 2 22.632;
3 2 3 22.632;
3 2 4 22.632;
3 2 5 22.632;
3 2 6 22.632;
3 2 7 22.632;
3 2 8 22.632;
4 1 1 25.92;
4 1 2 25.92;
4 1 3 25.92;
4 1 4 25.92;
4 1 5 25.92;
4 1 6 25.92;
4 1 7 25.92;
4 1 8 25.92;
4 2 1 20.791;
4 2 2 20.791;
4 2 3 20.791;
4 2 4 20.791;
4 2 5 20.791;
4 2 6 20.791;
4 2 7 20.791;
4 2 8 20.791;
5 1 1 16.416;
5 1 2 16.416;
5 1 3 16.416;
5 1 4 16.416;
5 1 5 16.416;
5 1 6 16.416;
5 1 7 16.416;
5 1 8 16.416;
5 2 1 16.008;
5 2 2 16.008;
5 2 3 16.008;
5 2 4 16.008;
5 2 5 16.008;
5 2 6 16.008;
5 2 7 16.008;
5 2 8 16.008;
6 1 1 24.624;
6 1 2 24.624;
6 1 3 24.624;
6 1 4 24.624;
6 1 5 24.624;
6 1 6 24.624;
6 1 7 24.624;
6 1 8 24.624;
6 2 1 13.984;
6 2 2 13.984;
6 2 3 13.984;
6 2 4 13.984;
6 2 5 13.984;
6 2 6 13.984;
6 2 7 13.984;
6 2 8 13.984;
]

global c_z = [
1 1 1 1.158;
1 1 2 1.158;
1 1 3 1.158;
1 1 4 1.158;
1 1 5 1.158;
1 1 6 1.158;
1 1 7 1.158;
1 1 8 1.158;
1 2 1 0.866;
1 2 2 0.866;
1 2 3 0.866;
1 2 4 0.866;
1 2 5 0.866;
1 2 6 0.866;
1 2 7 0.866;
1 2 8 0.866;
2 1 1 0.917;
2 1 2 0.917;
2 1 3 0.917;
2 1 4 0.917;
2 1 5 0.917;
2 1 6 0.917;
2 1 7 0.917;
2 1 8 0.917;
2 2 1 0.648;
2 2 2 0.648;
2 2 3 0.648;
2 2 4 0.648;
2 2 5 0.648;
2 2 6 0.648;
2 2 7 0.648;
2 2 8 0.648;
3 1 1 0.747;
3 1 2 0.747;
3 1 3 0.747;
3 1 4 0.747;
3 1 5 0.747;
3 1 6 0.747;
3 1 7 0.747;
3 1 8 0.747;
3 2 1 0.747;
3 2 2 0.747;
3 2 3 0.747;
3 2 4 0.747;
3 2 5 0.747;
3 2 6 0.747;
3 2 7 0.747;
3 2 8 0.747;
4 1 1 1.192;
4 1 2 1.192;
4 1 3 1.192;
4 1 4 1.192;
4 1 5 1.192;
4 1 6 1.192;
4 1 7 1.192;
4 1 8 1.192;
4 2 1 0.728;
4 2 2 0.728;
4 2 3 0.728;
4 2 4 0.728;
4 2 5 0.728;
4 2 6 0.728;
4 2 7 0.728;
4 2 8 0.728;
5 1 1 0.706;
5 1 2 0.706;
5 1 3 0.706;
5 1 4 0.706;
5 1 5 0.706;
5 1 6 0.706;
5 1 7 0.706;
5 1 8 0.706;
5 2 1 0.512;
5 2 2 0.512;
5 2 3 0.512;
5 2 4 0.512;
5 2 5 0.512;
5 2 6 0.512;
5 2 7 0.512;
5 2 8 0.512;
6 1 1 0.739;
6 1 2 0.739;
6 1 3 0.739;
6 1 4 0.739;
6 1 5 0.739;
6 1 6 0.739;
6 1 7 0.739;
6 1 8 0.739;
6 2 1 0.643;
6 2 2 0.643;
6 2 3 0.643;
6 2 4 0.643;
6 2 5 0.643;
6 2 6 0.643;
6 2 7 0.643;
6 2 8 0.643;
]

global c_y = [
1 1 1 3.523;
1 1 2 3.523;
1 1 3 3.523;
1 1 4 3.523;
1 1 5 3.523;
1 1 6 3.523;
1 1 7 3.523;
1 1 8 3.523;
1 2 1 2.418;
1 2 2 2.418;
1 2 3 2.418;
1 2 4 2.418;
1 2 5 2.418;
1 2 6 2.418;
1 2 7 2.418;
1 2 8 2.418;
2 1 1 2.501;
2 1 2 2.501;
2 1 3 2.501;
2 1 4 2.501;
2 1 5 2.501;
2 1 6 2.501;
2 1 7 2.501;
2 1 8 2.501;
2 2 1 2.105;
2 2 2 2.105;
2 2 3 2.105;
2 2 4 2.105;
2 2 5 2.105;
2 2 6 2.105;
2 2 7 2.105;
2 2 8 2.105;
3 1 1 1.966;
3 1 2 1.966;
3 1 3 1.966;
3 1 4 1.966;
3 1 5 1.966;
3 1 6 1.966;
3 1 7 1.966;
3 1 8 1.966;
3 2 1 2.942;
3 2 2 2.942;
3 2 3 2.942;
3 2 4 2.942;
3 2 5 2.942;
3 2 6 2.942;
3 2 7 2.942;
3 2 8 2.942;
4 1 1 3.888;
4 1 2 3.888;
4 1 3 3.888;
4 1 4 3.888;
4 1 5 3.888;
4 1 6 3.888;
4 1 7 3.888;
4 1 8 3.888;
4 2 1 2.495;
4 2 2 2.495;
4 2 3 2.495;
4 2 4 2.495;
4 2 5 2.495;
4 2 6 2.495;
4 2 7 2.495;
4 2 8 2.495;
5 1 1 1.642;
5 1 2 1.642;
5 1 3 1.642;
5 1 4 1.642;
5 1 5 1.642;
5 1 6 1.642;
5 1 7 1.642;
5 1 8 1.642;
5 2 1 2.241;
5 2 2 2.241;
5 2 3 2.241;
5 2 4 2.241;
5 2 5 2.241;
5 2 6 2.241;
5 2 7 2.241;
5 2 8 2.241;
6 1 1 2.462;
6 1 2 2.462;
6 1 3 2.462;
6 1 4 2.462;
6 1 5 2.462;
6 1 6 2.462;
6 1 7 2.462;
6 1 8 2.462;
6 2 1 1.398;
6 2 2 1.398;
6 2 3 1.398;
6 2 4 1.398;
6 2 5 1.398;
6 2 6 1.398;
6 2 7 1.398;
6 2 8 1.398;
]

global c_sc = [
1 1 1 0.151;
1 1 2 0.151;
1 1 3 0.151;
1 1 4 0.151;
1 1 5 0.151;
1 1 6 0.151;
1 1 7 0.151;
1 1 8 0.151;
1 2 1 0.089;
1 2 2 0.089;
1 2 3 0.089;
1 2 4 0.089;
1 2 5 0.089;
1 2 6 0.089;
1 2 7 0.089;
1 2 8 0.089;
2 1 1 0.08;
2 1 2 0.08;
2 1 3 0.08;
2 1 4 0.08;
2 1 5 0.08;
2 1 6 0.08;
2 1 7 0.08;
2 1 8 0.08;
2 2 1 0.088;
2 2 2 0.088;
2 2 3 0.088;
2 2 4 0.088;
2 2 5 0.088;
2 2 6 0.088;
2 2 7 0.088;
2 2 8 0.088;
3 1 1 0.071;
3 1 2 0.071;
3 1 3 0.071;
3 1 4 0.071;
3 1 5 0.071;
3 1 6 0.071;
3 1 7 0.071;
3 1 8 0.071;
3 2 1 0.097;
3 2 2 0.097;
3 2 3 0.097;
3 2 4 0.097;
3 2 5 0.097;
3 2 6 0.097;
3 2 7 0.097;
3 2 8 0.097;
4 1 1 0.175;
4 1 2 0.175;
4 1 3 0.175;
4 1 4 0.175;
4 1 5 0.175;
4 1 6 0.175;
4 1 7 0.175;
4 1 8 0.175;
4 2 1 0.087;
4 2 2 0.087;
4 2 3 0.087;
4 2 4 0.087;
4 2 5 0.087;
4 2 6 0.087;
4 2 7 0.087;
4 2 8 0.087;
5 1 1 0.076;
5 1 2 0.076;
5 1 3 0.076;
5 1 4 0.076;
5 1 5 0.076;
5 1 6 0.076;
5 1 7 0.076;
5 1 8 0.076;
5 2 1 0.105;
5 2 2 0.105;
5 2 3 0.105;
5 2 4 0.105;
5 2 5 0.105;
5 2 6 0.105;
5 2 7 0.105;
5 2 8 0.105;
6 1 1 0.121;
6 1 2 0.121;
6 1 3 0.121;
6 1 4 0.121;
6 1 5 0.121;
6 1 6 0.121;
6 1 7 0.121;
6 1 8 0.121;
6 2 1 0.06;
6 2 2 0.06;
6 2 3 0.06;
6 2 4 0.06;
6 2 5 0.06;
6 2 6 0.06;
6 2 7 0.06;
6 2 8 0.06;
]

global c_w = [
1 1 1 0.428;
1 1 2 0.428;
1 1 3 0.428;
1 1 4 0.428;
1 1 5 0.428;
1 1 6 0.428;
1 1 7 0.428;
1 1 8 0.428;
1 2 1 0.484;
1 2 2 0.484;
1 2 3 0.484;
1 2 4 0.484;
1 2 5 0.484;
1 2 6 0.484;
1 2 7 0.484;
1 2 8 0.484;
2 1 1 0.479;
2 1 2 0.479;
2 1 3 0.479;
2 1 4 0.479;
2 1 5 0.479;
2 1 6 0.479;
2 1 7 0.479;
2 1 8 0.479;
2 2 1 0.405;
2 2 2 0.405;
2 2 3 0.405;
2 2 4 0.405;
2 2 5 0.405;
2 2 6 0.405;
2 2 7 0.405;
2 2 8 0.405;
3 1 1 0.393;
3 1 2 0.393;
3 1 3 0.393;
3 1 4 0.393;
3 1 5 0.393;
3 1 6 0.393;
3 1 7 0.393;
3 1 8 0.393;
3 2 1 0.679;
3 2 2 0.679;
3 2 3 0.679;
3 2 4 0.679;
3 2 5 0.679;
3 2 6 0.679;
3 2 7 0.679;
3 2 8 0.679;
4 1 1 0.441;
4 1 2 0.441;
4 1 3 0.441;
4 1 4 0.441;
4 1 5 0.441;
4 1 6 0.441;
4 1 7 0.441;
4 1 8 0.441;
4 2 1 0.457;
4 2 2 0.457;
4 2 3 0.457;
4 2 4 0.457;
4 2 5 0.457;
4 2 6 0.457;
4 2 7 0.457;
4 2 8 0.457;
5 1 1 0.312;
5 1 2 0.312;
5 1 3 0.312;
5 1 4 0.312;
5 1 5 0.312;
5 1 6 0.312;
5 1 7 0.312;
5 1 8 0.312;
5 2 1 0.272;
5 2 2 0.272;
5 2 3 0.272;
5 2 4 0.272;
5 2 5 0.272;
5 2 6 0.272;
5 2 7 0.272;
5 2 8 0.272;
6 1 1 0.591;
6 1 2 0.591;
6 1 3 0.591;
6 1 4 0.591;
6 1 5 0.591;
6 1 6 0.591;
6 1 7 0.591;
6 1 8 0.591;
6 2 1 0.322;
6 2 2 0.322;
6 2 3 0.322;
6 2 4 0.322;
6 2 5 0.322;
6 2 6 0.322;
6 2 7 0.322;
6 2 8 0.322;
]

global c_e = [
1 1 1 0.05074721780604134;
1 1 2 0.051762162162162166;
1 1 3 0.051762162162162166;
1 1 4 0.0456724960254372;
1 1 5 0.04465755166931638;
1 1 6 0.04465755166931638;
1 1 7 0.04668744038155803;
1 1 8 0.047702384737678856;
1 2 1 0.056075675675675674;
1 2 2 0.05214054054054054;
1 2 3 0.048205405405405403;
1 2 4 0.054108108108108115;
1 2 5 0.04328648648648649;
1 2 6 0.04328648648648649;
1 2 7 0.05214054054054054;
1 2 8 0.0423027027027027;
1 3 1 0.06561526232114469;
1 3 2 0.06800127186009539;
1 3 3 0.06919427662957074;
1 3 4 0.06919427662957074;
1 3 5 0.05726422893481717;
1 3 6 0.06322925278219396;
1 3 7 0.053685214626391094;
1 3 8 0.06322925278219396;
1 4 1 0.05196693163751987;
1 4 2 0.049968203497615264;
1 4 3 0.05996184419713832;
1 4 4 0.05196693163751987;
1 4 5 0.04397201907790143;
1 4 6 0.04697011128775835;
1 4 7 0.049968203497615264;
1 4 8 0.052966295707472175;
1 5 1 0.029246422893481713;
1 5 2 0.032496025437201904;
1 5 3 0.03314594594594594;
1 5 4 0.03054626391096979;
1 5 5 0.031196184419713828;
1 5 6 0.03379586645468998;
1 5 7 0.03834531001589825;
1 5 8 0.0357456279809221;
1 6 1 0.05893131955484896;
1 6 2 0.049786804451510326;
1 6 3 0.042674403815580284;
1 6 4 0.053851033386327504;
1 6 5 0.043690461049284576;
1 6 6 0.05181891891891892;
1 6 7 0.05283497615262321;
1 6 8 0.060963434022257554;
2 1 1 0.052777106518283;
2 1 2 0.04973227344992051;
2 1 3 0.0456724960254372;
2 1 4 0.04161271860095389;
2 1 5 0.04973227344992051;
2 1 6 0.05886677265500795;
2 1 7 0.05886677265500795;
2 1 8 0.0456724960254372;
2 2 1 0.045254054054054055;
2 2 2 0.056075675675675674;
2 2 3 0.054108108108108115;
2 2 4 0.05902702702702703;
2 2 5 0.050172972972972976;
2 2 6 0.050172972972972976;
2 2 7 0.048205405405405403;
2 2 8 0.04033513513513513;
2 3 1 0.06680826709062004;
2 3 2 0.05965023847376789;
2 3 3 0.05726422893481717;
2 3 4 0.06084324324324325;
2 3 5 0.05487821939586646;
2 3 6 0.05607122416534181;
2 3 7 0.047720190779014314;
2 3 8 0.06800127186009539;
2 4 1 0.053965659777424485;
2 4 2 0.0559643879173291;
2 4 3 0.052966295707472175;
2 4 4 0.048968839427662954;
2 4 5 0.04796947535771065;
2 4 6 0.0579631160572337;
2 4 7 0.0559643879173291;
2 4 8 0.04597074721780604;
2 5 1 0.028596502384737675;
2 5 2 0.03704546899841017;
2 5 3 0.03704546899841017;
2 5 4 0.03314594594594594;
2 5 5 0.036395548489666134;
2 5 6 0.031196184419713828;
2 5 7 0.031196184419713828;
2 5 8 0.025996820349761526;
2 6 1 0.04572257551669316;
2 6 2 0.04572257551669316;
2 6 3 0.04877074721780604;
2 6 4 0.05689920508744038;
2 6 5 0.053851033386327504;
2 6 6 0.04775468998410175;
2 6 7 0.040642289348171705;
2 6 8 0.05689920508744038;
3 1 1 0.05571319554848967;
3 1 2 0.04625246422893482;
3 1 3 0.06096915739268681;
3 1 4 0.0494060413354531;
3 1 5 0.05466200317965024;
3 1 6 0.04309888712241653;
3 1 7 0.04520127186009539;
3 1 8 0.05886677265500796;
3 2 1 0.04075675675675676;
3 2 2 0.0590972972972973;
3 2 3 0.04177567567567567;
3 2 4 0.05807837837837837;
3 2 5 0.049927027027027025;
3 2 6 0.043813513513513515;
3 2 7 0.05604054054054054;
3 2 8 0.047889189189189184;
3 3 1 0.06178060413354531;
3 3 2 0.05560254372019078;
3 3 3 0.05560254372019078;
3 3 4 0.0605449920508744;
3 3 5 0.049424483306836256;
3 3 6 0.0605449920508744;
3 3 7 0.05313131955484897;
3 3 8 0.05313131955484897;
3 4 1 0.062103338632750395;
3 4 2 0.05071772655007949;
3 4 3 0.05382289348171701;
3 4 4 0.05485794912559619;
3 4 5 0.062103338632750395;
3 4 6 0.0424372813990461;
3 4 7 0.04761255961844197;
3 4 8 0.04864761526232114;
3 5 1 0.035675993640699524;
3 5 2 0.026925278219395866;
3 5 3 0.03029093799682035;
3 5 4 0.03231033386327504;
3 5 5 0.03432972972972973;
3 5 6 0.028944674085850556;
3 5 7 0.028944674085850556;
3 5 8 0.03769538950715422;
3 6 1 0.054721939586645466;
3 6 2 0.05682662957074722;
3 6 3 0.05577428457869635;
3 6 4 0.058931319554848975;
3 6 5 0.06208835453100159;
3 6 6 0.04840786963434022;
3 6 7 0.05156490461049284;
3 6 8 0.04840786963434022;
4 1 1 0.04784737678855327;
4 1 2 0.051435930047694756;
4 1 3 0.06937869634340221;
4 1 4 0.06818251192368839;
4 1 5 0.06339777424483307;
4 1 6 0.05622066772655008;
4 1 7 0.06937869634340221;
4 1 8 0.06220158982511924;
4 2 1 0.0486972972972973;
4 2 2 0.054494594594594596;
4 2 3 0.054494594594594596;
4 2 4 0.04753783783783784;
4 2 5 0.06377027027027028;
4 2 6 0.04985675675675676;
4 2 7 0.06608918918918918;
4 2 8 0.051016216216216215;
4 3 1 0.08295643879173291;
4 3 2 0.0632718600953895;
4 3 3 0.0815503974562798;
4 3 4 0.05624165341812401;
4 3 5 0.0674899841017488;
4 3 6 0.06467790143084261;
4 3 7 0.07452019077901431;
4 3 8 0.0660839427662957;
4 4 1 0.060068918918918926;
4 4 2 0.05300198728139904;
4 4 3 0.06360238473767886;
4 4 4 0.060068918918918926;
4 4 5 0.06595802861685214;
4 4 6 0.05889109697933227;
4 4 7 0.0541798092209857;
4 4 8 0.05535763116057234;
4 5 1 0.039064864864864865;
4 5 2 0.035234976152623214;
4 5 3 0.030639109697933226;
4 5 4 0.042894753577106516;
4 5 5 0.03370302066772655;
4 5 6 0.039064864864864865;
4 5 7 0.04366073131955484;
4 5 8 0.03753290937996819;
4 6 1 0.05149232909379968;
4 6 2 0.05628231319554849;
4 6 3 0.05029483306836248;
4 6 4 0.06705977742448331;
4 6 5 0.05268982511923688;
4 6 6 0.07065226550079491;
4 6 7 0.05268982511923688;
4 6 8 0.0646647853736089;
5 1 1 0.06002670906200319;
5 1 2 0.07438092209856915;
5 1 3 0.06785627980922099;
5 1 4 0.06133163751987281;
5 1 5 0.07307599364069954;
5 1 6 0.07307599364069954;
5 1 7 0.0756858505564388;
5 1 8 0.054806995230524645;
5 2 1 0.07083243243243245;
5 2 2 0.06830270270270271;
5 2 3 0.05691891891891892;
5 2 4 0.05438918918918919;
5 2 5 0.07336216216216217;
5 2 6 0.05438918918918919;
5 2 7 0.07083243243243245;
5 2 8 0.061978378378378385;
5 3 1 0.08436248012718602;
5 3 2 0.07822702702702702;
5 3 3 0.08589634340222577;
5 3 4 0.08896406995230524;
5 3 5 0.07669316375198729;
5 3 6 0.08282861685214626;
5 3 7 0.07209157392686803;
5 3 8 0.08896406995230524;
5 4 1 0.05653545310015898;
5 4 2 0.06424483306836248;
5 4 3 0.07066931637519873;
5 4 4 0.051395866454689985;
5 4 5 0.05396565977742448;
5 4 6 0.05525055643879173;
5 4 7 0.05396565977742448;
5 4 8 0.06809952305246424;
5 5 1 0.04930111287758346;
5 5 2 0.0401093799682035;
5 5 3 0.03843815580286169;
5 5 4 0.04595866454689984;
5 5 5 0.04930111287758346;
5 5 6 0.044287440381558026;
5 5 7 0.041780604133545306;
5 5 8 0.03760254372019077;
5 6 1 0.07315612082670907;
5 6 2 0.07184976152623211;
5 6 3 0.07054340222575517;
5 6 4 0.0770751987281399;
5 6 5 0.05356073131955485;
5 6 6 0.0770751987281399;
5 6 7 0.06531796502384737;
5 6 8 0.056173449920508746;
6 1 1 0.06959618441971384;
6 1 2 0.07684578696343404;
6 1 3 0.05799682034976153;
6 1 4 0.07394594594594595;
6 1 5 0.06959618441971384;
6 1 6 0.06959618441971384;
6 1 7 0.07684578696343404;
6 1 8 0.07539586645468999;
6 2 1 0.06464864864864865;
6 2 2 0.0801081081081081;
6 2 3 0.07027027027027027;
6 2 4 0.05621621621621622;
6 2 5 0.06183783783783785;
6 2 6 0.07308108108108109;
6 2 7 0.05621621621621622;
6 2 8 0.06745945945945946;
6 3 1 0.09032750397456281;
6 3 2 0.08691891891891891;
6 3 3 0.09203179650238474;
6 3 4 0.08180604133545309;
6 3 5 0.06817170111287758;
6 3 6 0.09032750397456281;
6 3 7 0.08351033386327504;
6 3 8 0.09714467408585055;
6 4 1 0.07709379968203497;
6 4 2 0.06424483306836248;
6 4 3 0.06710015898251191;
6 4 4 0.07138314785373609;
6 4 5 0.0656724960254372;
6 4 6 0.07138314785373609;
6 4 7 0.06852782193958665;
6 4 8 0.06995548489666137;
6 5 1 0.04920826709062003;
6 5 2 0.04549443561208267;
6 5 3 0.05199364069952305;
6 5 4 0.039923688394276624;
6 5 5 0.03899523052464229;
6 5 6 0.05106518282988871;
6 5 7 0.047351351351351344;
6 5 8 0.04549443561208267;
6 6 1 0.060963434022257554;
6 6 2 0.07257551669316376;
6 6 3 0.06822098569157392;
6 6 4 0.06822098569157392;
6 6 5 0.08128457869634341;
6 6 6 0.06822098569157392;
6 6 7 0.059511923688394266;
6 6 8 0.07838155802861685;
7 1 1 0.08554531001589825;
7 1 2 0.07684578696343404;
7 1 3 0.06379650238473769;
7 1 4 0.08409538950715421;
7 1 5 0.08119554848966615;
7 1 6 0.06089666136724961;
7 1 7 0.05944674085850556;
7 1 8 0.06524642289348172;
7 2 1 0.07167567567567568;
7 2 2 0.0772972972972973;
7 2 3 0.06043243243243243;
7 2 4 0.06886486486486487;
7 2 5 0.0744864864864865;
7 2 6 0.07167567567567568;
7 2 7 0.07870270270270271;
7 2 8 0.06183783783783785;
7 3 1 0.09544038155802863;
7 3 2 0.09373608903020668;
7 3 3 0.06987599364069952;
7 3 4 0.07158028616852147;
7 3 5 0.08010174880763114;
7 3 6 0.09032750397456281;
7 3 7 0.09373608903020668;
7 3 8 0.07839745627980924;
7 4 1 0.07994912559618443;
7 4 2 0.058534181240063585;
7 4 3 0.061389507154213034;
7 4 4 0.061389507154213034;
7 4 5 0.08137678855325912;
7 4 6 0.06281717011128776;
7 4 7 0.07709379968203497;
7 4 8 0.06995548489666137;
7 5 1 0.05570747217806041;
7 5 2 0.05477901430842606;
7 5 3 0.037138314785373605;
7 5 4 0.037138314785373605;
7 5 5 0.047351351351351344;
7 5 6 0.039923688394276624;
7 5 7 0.05013672496025437;
7 5 8 0.046422893481717006;
7 6 1 0.06822098569157392;
7 6 2 0.060963434022257554;
7 6 3 0.08418759936406994;
7 6 4 0.06676947535771066;
7 6 5 0.06822098569157392;
7 6 6 0.08563910969793322;
7 6 7 0.059511923688394266;
7 6 8 0.07838155802861685;
8 1 1 0.07307599364069953;
8 1 2 0.06089666136724961;
8 1 3 0.08677774244833068;
8 1 4 0.06089666136724961;
8 1 5 0.08068807631160574;
8 1 6 0.08068807631160574;
8 1 7 0.08982257551669316;
8 1 8 0.0913449920508744;
8 2 1 0.07525945945945947;
8 2 2 0.07968648648648649;
8 2 3 0.06935675675675676;
8 2 4 0.08706486486486487;
8 2 5 0.0605027027027027;
8 2 6 0.0605027027027027;
8 2 7 0.08854054054054054;
8 2 8 0.08116216216216217;
8 3 1 0.10021240063593007;
8 3 2 0.0733697933227345;
8 3 3 0.08231732909379968;
8 3 4 0.08052782193958666;
8 3 5 0.09663338632750397;
8 3 6 0.09484387917329094;
8 3 7 0.09126486486486488;
8 3 8 0.10379141494435612;
8 4 1 0.07195421303656598;
8 4 2 0.08694467408585055;
8 4 3 0.06445898251192368;
8 4 4 0.07795039745627981;
8 4 5 0.06595802861685214;
8 4 6 0.07795039745627981;
8 4 7 0.06595802861685214;
8 4 8 0.05996184419713832;
8 5 1 0.04971891891891892;
8 5 2 0.04776915739268679;
8 5 3 0.05069379968203497;
8 5 4 0.05166868044515103;
8 5 5 0.0409449920508744;
8 5 6 0.046794276629570745;
8 5 7 0.03997011128775834;
8 5 8 0.04971891891891892;
8 6 1 0.060963434022257554;
8 6 2 0.08992106518282987;
8 6 3 0.086872893481717;
8 6 4 0.07925246422893481;
8 6 5 0.08382472178060414;
8 6 6 0.06553569157392686;
8 6 7 0.060963434022257554;
8 6 8 0.08534880763116058;
9 1 1 0.09409984101748807;
9 1 2 0.0717710651828299;
9 1 3 0.06698632750397457;
9 1 4 0.08612527821939588;
9 1 5 0.082935453100159;
9 1 6 0.07655580286168522;
9 1 7 0.07017615262321145;
9 1 8 0.07815071542130365;
9 2 1 0.06492972972972973;
9 2 2 0.0803891891891892;
9 2 3 0.07265945945945947;
9 2 4 0.06183783783783785;
9 2 5 0.06956756756756757;
9 2 6 0.07884324324324325;
9 2 7 0.07111351351351353;
9 2 8 0.06647567567567567;
9 3 1 0.09373608903020668;
9 3 2 0.0899866454689984;
9 3 3 0.09561081081081081;
9 3 4 0.08248775834658187;
9 3 5 0.112483306836248;
9 3 6 0.11060858505564387;
9 3 7 0.07873831478537362;
9 3 8 0.112483306836248;
9 4 1 0.06281717011128776;
9 4 2 0.08166232114467409;
9 4 3 0.09265532591414943;
9 4 4 0.07381017488076311;
9 4 5 0.0785214626391097;
9 4 6 0.06752845786963434;
9 4 7 0.0753806041335453;
9 4 8 0.07381017488076311;
9 5 1 0.0592356120826709;
9 5 2 0.04902257551669315;
9 5 3 0.04085214626391097;
9 5 4 0.044937360890302064;
9 5 5 0.05310779014308426;
9 5 6 0.05310779014308426;
9 5 7 0.04902257551669315;
9 5 8 0.04697996820349762;
9 6 1 0.0702531001589825;
9 6 2 0.0686564387917329;
9 6 3 0.07983306836248012;
9 6 4 0.0654631160572337;
9 6 5 0.08781637519872815;
9 6 6 0.07663974562798091;
9 6 7 0.09420302066772654;
9 6 8 0.08621971383147854;
10 1 1 0.09460731319554849;
10 1 2 0.08155802861685216;
10 1 3 0.08645151033386328;
10 1 4 0.08482034976152625;
10 1 5 0.09786963434022258;
10 1 6 0.08482034976152625;
10 1 7 0.09134499205087442;
10 1 8 0.08318918918918919;
10 2 1 0.0837972972972973;
10 2 2 0.07431081081081081;
10 2 3 0.08221621621621622;
10 2 4 0.08063513513513514;
10 2 5 0.08063513513513514;
10 2 6 0.06798648648648649;
10 2 7 0.09328378378378378;
10 2 8 0.07905405405405405;
10 3 1 0.09970111287758347;
10 3 2 0.09778378378378379;
10 3 3 0.09778378378378379;
10 3 4 0.08627980922098569;
10 3 5 0.09778378378378379;
10 3 6 0.10545310015898253;
10 3 7 0.10161844197138316;
10 3 8 0.09394912559618443;
10 4 1 0.09154888712241653;
10 4 2 0.08512440381558029;
10 4 3 0.08673052464228935;
10 4 4 0.09476112877583465;
10 4 5 0.07388155802861684;
10 4 6 0.07548767885532591;
10 4 7 0.08512440381558029;
10 4 8 0.0722754372019078;
10 5 1 0.0574483306836248;
10 5 2 0.0574483306836248;
10 5 3 0.061626391096979316;
10 5 4 0.061626391096979316;
10 5 5 0.05640381558028616;
10 5 6 0.047003179650238466;
10 5 7 0.053270270270270266;
10 5 8 0.05013672496025436;
10 6 1 0.0930781001589825;
10 6 2 0.08164745627980922;
10 6 3 0.09144515103338634;
10 6 4 0.07184976152623211;
10 6 5 0.08817925278219396;
10 6 6 0.0832804054054054;
10 6 7 0.07184976152623211;
10 6 8 0.08817925278219396;
11 1 1 0.06524642289348172;
11 1 2 0.06524642289348172;
11 1 3 0.0717710651828299;
11 1 4 0.09297615262321145;
11 1 5 0.08645151033386328;
11 1 6 0.07666454689984102;
11 1 7 0.07666454689984102;
11 1 8 0.08155802861685216;
11 2 1 0.08854054054054056;
11 2 2 0.06324324324324325;
11 2 3 0.06482432432432432;
11 2 4 0.09012162162162161;
11 2 5 0.0917027027027027;
11 2 6 0.08695945945945947;
11 2 7 0.06482432432432432;
11 2 8 0.08695945945945947;
11 3 1 0.09011446740858504;
11 3 2 0.07669316375198729;
11 3 3 0.08244515103338633;
11 3 4 0.1073704292527822;
11 3 5 0.09011446740858504;
11 3 6 0.1073704292527822;
11 3 7 0.10545310015898253;
11 3 8 0.10161844197138316;
11 4 1 0.07388155802861684;
11 4 2 0.07388155802861684;
11 4 3 0.07709379968203496;
11 4 4 0.0803060413354531;
11 4 5 0.07869992050874404;
11 4 6 0.08994276629570748;
11 4 7 0.07066931637519873;
11 4 8 0.06424483306836248;
11 5 1 0.04491414944356121;
11 5 2 0.06267090620031796;
11 5 3 0.058492845786963434;
11 5 4 0.04595866454689984;
11 5 5 0.047003179650238466;
11 5 6 0.058492845786963434;
11 5 7 0.06058187599364069;
11 5 8 0.04909220985691573;
11 6 1 0.06531796502384737;
11 6 2 0.08654630365659778;
11 6 3 0.09144515103338634;
11 6 4 0.09144515103338634;
11 6 5 0.07021681240063593;
11 6 6 0.06858386327503974;
11 6 7 0.08164745627980922;
11 6 8 0.06858386327503974;
12 1 1 0.0683637519872814;
12 1 2 0.07836820349761525;
12 1 3 0.07003116057233705;
12 1 4 0.0683637519872814;
12 1 5 0.0867052464228935;
12 1 6 0.0833704292527822;
12 1 7 0.07336597774244832;
12 1 8 0.08503783783783785;
12 2 1 0.0694972972972973;
12 2 2 0.0694972972972973;
12 2 3 0.06788108108108108;
12 2 4 0.09212432432432432;
12 2 5 0.06464864864864865;
12 2 6 0.06626486486486487;
12 2 7 0.08727567567567569;
12 2 8 0.09374054054054054;
12 3 1 0.07839745627980924;
12 3 2 0.08819713831478537;
12 3 3 0.10583656597774246;
12 3 4 0.09799682034976152;
12 3 5 0.10387662957074723;
12 3 6 0.08427726550079492;
12 3 7 0.0960368839427663;
12 3 8 0.08231732909379968;
12 4 1 0.06895612082670906;
12 4 2 0.09029968203497615;
12 4 3 0.0985087440381558;
12 4 4 0.06895612082670906;
12 4 5 0.09029968203497615;
12 4 6 0.08373243243243243;
12 4 7 0.07880699523052463;
12 4 8 0.0771651828298887;
12 5 1 0.06086041335453099;
12 5 2 0.05765723370429253;
12 5 3 0.05125087440381557;
12 5 4 0.06086041335453099;
12 5 5 0.06406359300476946;
12 5 6 0.04484451510333863;
12 5 7 0.05979268680445151;
12 5 8 0.053386327503974554;
12 6 1 0.09681573926868044;
12 6 2 0.07845413354531;
12 6 3 0.08179260731319554;
12 6 4 0.07678489666136724;
12 6 5 0.07010794912559619;
12 6 6 0.07511565977742447;
12 6 7 0.0984849761526232;
12 6 8 0.09514650238473767;
13 1 1 0.09101875993640701;
13 1 2 0.07922003179650239;
13 1 3 0.06910683624801271;
13 1 4 0.09776089030206678;
13 1 5 0.08427662957074722;
13 1 6 0.08596216216216217;
13 1 7 0.09607535771065183;
13 1 8 0.07247790143084261;
13 2 1 0.07188648648648649;
13 2 2 0.06861891891891891;
13 2 3 0.09312567567567567;
13 2 4 0.07515405405405406;
13 2 5 0.06698513513513513;
13 2 6 0.08005540540540541;
13 2 7 0.08332297297297298;
13 2 8 0.06535135135135135;
13 3 1 0.10500572337042925;
13 3 2 0.10302448330683625;
13 3 3 0.10104324324324324;
13 3 4 0.11094944356120828;
13 3 5 0.0792496025437202;
13 3 6 0.11491192368839427;
13 3 7 0.09708076311605723;
13 3 8 0.10302448330683625;
13 4 1 0.09957949125596184;
13 4 2 0.0780039348171701;
13 4 3 0.08962154213036568;
13 4 4 0.06638632750397457;
13 4 5 0.08796188394276629;
13 4 6 0.07966359300476948;
13 4 7 0.09128120031796504;
13 4 8 0.06970564387917329;
13 5 1 0.04856995230524642;
13 5 2 0.04856995230524642;
13 5 3 0.058283942766295706;
13 5 4 0.0636806041335453;
13 5 5 0.0474906200317965;
13 5 6 0.05612527821939586;
13 5 7 0.05936327503974563;
13 5 8 0.04641128775834658;
13 6 1 0.08605641891891892;
13 6 2 0.09955546502384736;
13 6 3 0.09786808426073132;
13 6 4 0.0826816573926868;
13 6 5 0.09618070349761526;
13 6 6 0.08943118044515103;
13 6 7 0.06749523052464229;
13 6 8 0.06918261128775834;
14 1 1 0.1025093799682035;
14 1 2 0.08786518282988871;
14 1 3 0.07322098569157394;
14 1 4 0.09701780604133546;
14 1 5 0.07322098569157394;
14 1 6 0.10067885532591417;
14 1 7 0.08969570747217807;
14 1 8 0.1025093799682035;
14 2 1 0.10291081081081081;
14 2 2 0.07097297297297299;
14 2 3 0.07629594594594595;
14 2 4 0.10645945945945945;
14 2 5 0.0869418918918919;
14 2 6 0.08516756756756756;
14 2 7 0.09403918918918919;
14 2 8 0.08871621621621621;
14 3 1 0.09682511923688394;
14 3 2 0.10973513513513514;
14 3 3 0.10973513513513514;
14 3 4 0.12479682034976153;
14 3 5 0.10973513513513514;
14 3 6 0.09037011128775835;
14 3 7 0.12694848966613673;
14 3 8 0.11403847376788553;
14 4 1 0.1045406200317965;
14 4 2 0.09192364864864865;
14 4 3 0.10634304451510333;
14 4 4 0.0937260731319555;
14 4 5 0.09192364864864865;
14 4 6 0.1045406200317965;
14 4 7 0.09733092209856917;
14 4 8 0.10634304451510333;
14 5 1 0.05274801271860095;
14 5 2 0.05274801271860095;
14 5 3 0.07033068362480126;
14 5 4 0.056264546899841006;
14 5 5 0.05743672496025437;
14 5 6 0.05040365659777424;
14 5 7 0.05040365659777424;
14 5 8 0.056264546899841006;
14 6 1 0.09712418521462639;
14 6 2 0.10995190779014308;
14 6 3 0.07696633545310017;
14 6 4 0.10262178060413354;
14 6 5 0.10445431240063592;
14 6 6 0.09529165341812401;
14 6 7 0.0842964626391097;
14 6 8 0.10078924880763117;
15 1 1 0.1021287758346582;
15 1 2 0.1062972972972973;
15 1 3 0.11463434022257554;
15 1 4 0.11463434022257554;
15 1 5 0.1250556438791733;
15 1 6 0.1167186009538951;
15 1 7 0.11255007949125598;
15 1 8 0.09587599364069954;
15 2 1 0.09293243243243245;
15 2 2 0.08687162162162161;
15 2 3 0.11313513513513515;
15 2 4 0.09899324324324325;
15 2 5 0.09293243243243245;
15 2 6 0.12121621621621621;
15 2 7 0.09293243243243245;
15 2 8 0.1151554054054054;
15 3 1 0.11269634340222577;
15 3 2 0.11514626391096978;
15 3 3 0.10779650238473769;
15 3 4 0.13229570747217806;
15 3 5 0.10289666136724959;
15 3 6 0.1347456279809221;
15 3 7 0.10044674085850556;
15 3 8 0.11269634340222577;
15 4 1 0.11492686804451512;
15 4 2 0.11492686804451512;
15 4 3 0.08414288553259142;
15 4 4 0.10056100953895071;
15 4 5 0.09029968203497615;
15 4 6 0.09235194753577107;
15 4 7 0.0820906200317965;
15 4 8 0.08619515103338632;
15 5 1 0.07607551669316374;
15 5 2 0.06806756756756756;
15 5 3 0.07207154213036565;
15 5 4 0.07340620031796502;
15 5 5 0.07874483306836247;
15 5 6 0.0627289348171701;
15 5 7 0.06139427662957075;
15 5 8 0.058724960254372016;
15 6 1 0.1189331279809221;
15 6 2 0.09598112082670907;
15 6 3 0.11058694356120827;
15 6 4 0.09598112082670907;
15 6 5 0.123106220190779;
15 6 6 0.1189331279809221;
15 6 7 0.08346184419713831;
15 6 8 0.08554839030206676;
16 1 1 0.08409538950715423;
16 1 2 0.11773354531001592;
16 1 3 0.1135287758346582;
16 1 4 0.0946073131955485;
16 1 5 0.11983593004769474;
16 1 6 0.12614308426073131;
16 1 7 0.0946073131955485;
16 1 8 0.08830015898251192;
16 2 1 0.08966486486486487;
16 2 2 0.08762702702702703;
16 2 3 0.11004324324324324;
16 2 4 0.11208108108108109;
16 2 5 0.09781621621621622;
16 2 6 0.11615675675675674;
16 2 7 0.08558918918918919;
16 2 8 0.09374054054054054;
16 3 1 0.10626263910969794;
16 3 2 0.12356120826709062;
16 3 3 0.12603243243243245;
16 3 4 0.13344610492845788;
16 3 5 0.11614753577106518;
16 3 6 0.14085977742448327;
16 3 7 0.10626263910969794;
16 3 8 0.1359173290937997;
16 4 1 0.10557567567567568;
16 4 2 0.09108489666136725;
16 4 3 0.08694467408585055;
16 4 4 0.10143545310015897;
16 4 5 0.0890147853736089;
16 4 6 0.08280445151033387;
16 4 7 0.11592623211446743;
16 4 8 0.11592623211446743;
16 5 1 0.07539077901430843;
16 5 2 0.05654308426073131;
16 5 3 0.0592356120826709;
16 5 4 0.08077583465818758;
16 5 5 0.05519682034976151;
16 5 6 0.07269825119236883;
16 5 7 0.07269825119236883;
16 5 8 0.06865945945945946;
16 6 1 0.12207201907790143;
16 6 2 0.09892042925278219;
16 6 3 0.10312980922098568;
16 6 4 0.09260635930047695;
16 6 5 0.10312980922098568;
16 6 6 0.12207201907790143;
16 6 7 0.10102511923688394;
16 6 8 0.10944387917329093;
17 1 1 0.11048394276629571;
17 1 2 0.10818219395866455;
17 1 3 0.1058804451510334;
17 1 4 0.11278569157392687;
17 1 5 0.12429443561208267;
17 1 6 0.09437170111287758;
17 1 7 0.13350143084260732;
17 1 8 0.13119968203497617;
17 2 1 0.12494054054054055;
17 2 2 0.11601621621621623;
17 2 3 0.13163378378378376;
17 2 4 0.11155405405405405;
17 2 5 0.1182472972972973;
17 2 6 0.08924324324324326;
17 2 7 0.13386486486486487;
17 2 8 0.10932297297297297;
17 3 1 0.10822257551669318;
17 3 2 0.11633926868044515;
17 3 3 0.14610047694753578;
17 3 4 0.15421717011128777;
17 3 5 0.14610047694753578;
17 3 6 0.1298670906200318;
17 3 7 0.11633926868044515;
17 3 8 0.15421717011128777;
17 4 1 0.09745584260731319;
17 4 2 0.12691923688394277;
17 4 3 0.1291856518282989;
17 4 4 0.11332074721780604;
17 4 5 0.09972225755166932;
17 4 6 0.11558716216216215;
17 4 7 0.1178535771065183;
17 4 8 0.12011999205087441;
17 5 1 0.06632670906200318;
17 5 2 0.08696168521462637;
17 5 3 0.06780063593004769;
17 5 4 0.08696168521462637;
17 5 5 0.06190492845786962;
17 5 6 0.06632670906200318;
17 5 7 0.07664419713831479;
17 5 8 0.08106597774244834;
17 6 1 0.11521363275039745;
17 6 2 0.09217090620031797;
17 6 3 0.12673499602543722;
17 6 4 0.10138799682034977;
17 6 5 0.12673499602543722;
17 6 6 0.13364781399046105;
17 6 7 0.10830081478537361;
17 6 8 0.10830081478537361;
18 1 1 0.1478918918918919;
18 1 2 0.11584864864864865;
18 1 3 0.13310270270270272;
18 1 4 0.11091891891891893;
18 1 5 0.11338378378378379;
18 1 6 0.12324324324324325;
18 1 7 0.11091891891891893;
18 1 8 0.10598918918918919;
18 2 1 0.09556756756756758;
18 2 2 0.1337945945945946;
18 2 3 0.13857297297297297;
18 2 4 0.14335135135135135;
18 2 5 0.11229189189189188;
18 2 6 0.12901621621621623;
18 2 7 0.09795675675675676;
18 2 8 0.1099027027027027;
18 3 1 0.17383783783783782;
18 3 2 0.14776216216216215;
18 3 3 0.1332756756756757;
18 3 4 0.15065945945945947;
18 3 5 0.14196756756756757;
18 3 6 0.11878918918918918;
18 3 7 0.15065945945945947;
18 3 8 0.17094054054054053;
18 4 1 0.14076756756756756;
18 4 2 0.14562162162162162;
18 4 3 0.11407027027027027;
18 4 4 0.0995081081081081;
18 4 5 0.13105945945945946;
18 4 6 0.11164324324324325;
18 4 7 0.10436216216216215;
18 4 8 0.09708108108108109;
18 5 1 0.06629189189189189;
18 5 2 0.0883891891891892;
18 5 3 0.08523243243243242;
18 5 4 0.06787027027027026;
18 5 5 0.08996756756756755;
18 5 6 0.06471351351351351;
18 5 7 0.0726054054054054;
18 5 8 0.0726054054054054;
18 6 1 0.14065135135135134;
18 6 2 0.14558648648648648;
18 6 3 0.11597567567567567;
18 6 4 0.10857297297297297;
18 6 5 0.11597567567567567;
18 6 6 0.13078108108108108;
18 6 7 0.1381837837837838;
18 6 8 0.1061054054054054;
19 1 1 0.14256343402225755;
19 1 2 0.11505119236883944;
19 1 3 0.14256343402225755;
19 1 4 0.13005786963434024;
19 1 5 0.13506009538950717;
19 1 6 0.1100489666136725;
19 1 7 0.12755675675675676;
19 1 8 0.11505119236883944;
19 2 1 0.1090945945945946;
19 2 2 0.1187918918918919;
19 2 3 0.10424594594594594;
19 2 4 0.13091351351351355;
19 2 5 0.12121621621621621;
19 2 6 0.14303513513513513;
19 2 7 0.13091351351351355;
19 2 8 0.12364054054054054;
19 3 1 0.16463465818759937;
19 3 2 0.1352356120826709;
19 3 3 0.13229570747217806;
19 3 4 0.16463465818759937;
19 3 5 0.1411154213036566;
19 3 6 0.1352356120826709;
19 3 7 0.1352356120826709;
19 3 8 0.13817551669316375;
19 4 1 0.10589689984101748;
19 4 2 0.12559864864864864;
19 4 3 0.1034341812400636;
19 4 4 0.1009714626391097;
19 4 5 0.14530039745627982;
19 4 6 0.10589689984101748;
19 4 7 0.12313593004769476;
19 4 8 0.1428376788553259;
19 5 1 0.06406359300476948;
19 5 2 0.08968903020667726;
19 5 3 0.08488426073131955;
19 5 4 0.0960953895071542;
19 5 5 0.0960953895071542;
19 5 6 0.07527472178060413;
19 5 7 0.07687631160572336;
19 5 8 0.08488426073131955;
19 6 1 0.1327043322734499;
19 6 2 0.14522360890302066;
19 6 3 0.13020047694753578;
19 6 4 0.15023131955484895;
19 6 5 0.12018505564387916;
19 6 6 0.14021589825119238;
19 6 7 0.10766577901430842;
19 6 8 0.10015421303656598;
20 1 1 0.11802352941176472;
20 1 2 0.12875294117647057;
20 1 3 0.13411764705882354;
20 1 4 0.1555764705882353;
20 1 5 0.1448470588235294;
20 1 6 0.13411764705882354;
20 1 7 0.12875294117647057;
20 1 8 0.1368;
20 2 1 0.156;
20 2 2 0.11440000000000002;
20 2 3 0.1404;
20 2 4 0.10400000000000001;
20 2 5 0.14560000000000003;
20 2 6 0.14300000000000002;
20 2 7 0.10919999999999999;
20 2 8 0.12739999999999999;
20 3 1 0.14818823529411765;
20 3 2 0.17656470588235296;
20 3 3 0.1639529411764706;
20 3 4 0.14503529411764707;
20 3 5 0.1418823529411765;
20 3 6 0.1544941176470588;
20 3 7 0.17971764705882354;
20 3 8 0.15134117647058823;
20 4 1 0.1505470588235294;
20 4 2 0.11621176470588236;
20 4 3 0.10564705882352941;
20 4 4 0.1188529411764706;
20 4 5 0.13205882352941176;
20 4 6 0.10828823529411764;
20 4 7 0.15582941176470586;
20 4 8 0.11092941176470587;
20 5 1 0.08072941176470588;
20 5 2 0.09275294117647058;
20 5 3 0.09790588235294116;
20 5 4 0.10305882352941174;
20 5 5 0.09275294117647058;
20 5 6 0.0876;
20 5 7 0.0876;
20 5 8 0.07901176470588234;
20 6 1 0.11009705882352941;
20 6 2 0.15306176470588234;
20 6 3 0.12083823529411766;
20 6 4 0.12620882352941176;
20 6 5 0.12083823529411766;
20 6 6 0.14232058823529412;
20 6 7 0.14500588235294118;
20 6 8 0.14769117647058824;
]

global d = [
1 1 1 178;
1 1 2 298;
1 1 3 63;
1 1 4 178;
1 1 5 161;
1 1 6 104;
1 1 7 95;
1 1 8 135;
1 2 1 97;
1 2 2 178;
1 2 3 98;
1 2 4 104;
1 2 5 0;
1 2 6 277;
1 2 7 185;
1 2 8 56;
1 3 1 188;
1 3 2 0;
1 3 3 101;
1 3 4 0;
1 3 5 0;
1 3 6 0;
1 3 7 0;
1 3 8 0;
1 4 1 78;
1 4 2 296;
1 4 3 165;
1 4 4 109;
1 4 5 190;
1 4 6 176;
1 4 7 97;
1 4 8 83;
1 5 1 0;
1 5 2 0;
1 5 3 193;
1 5 4 0;
1 5 5 229;
1 5 6 100;
1 5 7 297;
1 5 8 0;
1 6 1 273;
1 6 2 71;
1 6 3 67;
1 6 4 126;
1 6 5 247;
1 6 6 210;
1 6 7 57;
1 6 8 281;
2 1 1 125;
2 1 2 191;
2 1 3 67;
2 1 4 58;
2 1 5 213;
2 1 6 189;
2 1 7 104;
2 1 8 0;
2 2 1 247;
2 2 2 150;
2 2 3 234;
2 2 4 180;
2 2 5 51;
2 2 6 102;
2 2 7 212;
2 2 8 152;
2 3 1 0;
2 3 2 238;
2 3 3 0;
2 3 4 0;
2 3 5 249;
2 3 6 246;
2 3 7 147;
2 3 8 240;
2 4 1 0;
2 4 2 184;
2 4 3 180;
2 4 4 247;
2 4 5 97;
2 4 6 114;
2 4 7 251;
2 4 8 294;
2 5 1 63;
2 5 2 0;
2 5 3 0;
2 5 4 288;
2 5 5 92;
2 5 6 0;
2 5 7 0;
2 5 8 228;
2 6 1 86;
2 6 2 56;
2 6 3 220;
2 6 4 236;
2 6 5 54;
2 6 6 153;
2 6 7 146;
2 6 8 94;
3 1 1 0;
3 1 2 273;
3 1 3 53;
3 1 4 114;
3 1 5 0;
3 1 6 0;
3 1 7 229;
3 1 8 0;
3 2 1 58;
3 2 2 174;
3 2 3 52;
3 2 4 112;
3 2 5 89;
3 2 6 142;
3 2 7 162;
3 2 8 109;
3 3 1 0;
3 3 2 0;
3 3 3 54;
3 3 4 299;
3 3 5 0;
3 3 6 0;
3 3 7 0;
3 3 8 206;
3 4 1 154;
3 4 2 185;
3 4 3 116;
3 4 4 0;
3 4 5 238;
3 4 6 51;
3 4 7 294;
3 4 8 104;
3 5 1 107;
3 5 2 283;
3 5 3 225;
3 5 4 205;
3 5 5 137;
3 5 6 186;
3 5 7 130;
3 5 8 247;
3 6 1 109;
3 6 2 294;
3 6 3 55;
3 6 4 0;
3 6 5 142;
3 6 6 0;
3 6 7 0;
3 6 8 221;
4 1 1 268;
4 1 2 133;
4 1 3 203;
4 1 4 78;
4 1 5 226;
4 1 6 54;
4 1 7 73;
4 1 8 50;
4 2 1 239;
4 2 2 0;
4 2 3 240;
4 2 4 240;
4 2 5 110;
4 2 6 249;
4 2 7 204;
4 2 8 0;
4 3 1 0;
4 3 2 291;
4 3 3 247;
4 3 4 199;
4 3 5 99;
4 3 6 208;
4 3 7 136;
4 3 8 126;
4 4 1 0;
4 4 2 0;
4 4 3 78;
4 4 4 0;
4 4 5 0;
4 4 6 278;
4 4 7 221;
4 4 8 139;
4 5 1 250;
4 5 2 248;
4 5 3 0;
4 5 4 257;
4 5 5 200;
4 5 6 0;
4 5 7 171;
4 5 8 65;
4 6 1 182;
4 6 2 147;
4 6 3 246;
4 6 4 209;
4 6 5 273;
4 6 6 262;
4 6 7 0;
4 6 8 0;
5 1 1 156;
5 1 2 55;
5 1 3 166;
5 1 4 94;
5 1 5 270;
5 1 6 243;
5 1 7 289;
5 1 8 134;
5 2 1 0;
5 2 2 0;
5 2 3 209;
5 2 4 66;
5 2 5 0;
5 2 6 93;
5 2 7 178;
5 2 8 117;
5 3 1 280;
5 3 2 261;
5 3 3 0;
5 3 4 290;
5 3 5 275;
5 3 6 72;
5 3 7 0;
5 3 8 154;
5 4 1 168;
5 4 2 273;
5 4 3 240;
5 4 4 0;
5 4 5 129;
5 4 6 261;
5 4 7 217;
5 4 8 250;
5 5 1 0;
5 5 2 173;
5 5 3 58;
5 5 4 220;
5 5 5 0;
5 5 6 118;
5 5 7 109;
5 5 8 89;
5 6 1 0;
5 6 2 130;
5 6 3 237;
5 6 4 193;
5 6 5 86;
5 6 6 152;
5 6 7 98;
5 6 8 211;
6 1 1 0;
6 1 2 139;
6 1 3 278;
6 1 4 281;
6 1 5 177;
6 1 6 0;
6 1 7 296;
6 1 8 89;
6 2 1 151;
6 2 2 0;
6 2 3 0;
6 2 4 257;
6 2 5 186;
6 2 6 59;
6 2 7 149;
6 2 8 130;
6 3 1 52;
6 3 2 280;
6 3 3 93;
6 3 4 111;
6 3 5 204;
6 3 6 0;
6 3 7 127;
6 3 8 294;
6 4 1 106;
6 4 2 117;
6 4 3 101;
6 4 4 151;
6 4 5 113;
6 4 6 55;
6 4 7 0;
6 4 8 125;
6 5 1 67;
6 5 2 247;
6 5 3 68;
6 5 4 0;
6 5 5 0;
6 5 6 235;
6 5 7 191;
6 5 8 164;
6 6 1 153;
6 6 2 0;
6 6 3 224;
6 6 4 236;
6 6 5 110;
6 6 6 54;
6 6 7 232;
6 6 8 278;
7 1 1 0;
7 1 2 206;
7 1 3 163;
7 1 4 63;
7 1 5 113;
7 1 6 145;
7 1 7 0;
7 1 8 170;
7 2 1 114;
7 2 2 83;
7 2 3 281;
7 2 4 0;
7 2 5 0;
7 2 6 291;
7 2 7 214;
7 2 8 0;
7 3 1 264;
7 3 2 0;
7 3 3 128;
7 3 4 0;
7 3 5 260;
7 3 6 0;
7 3 7 159;
7 3 8 0;
7 4 1 239;
7 4 2 245;
7 4 3 216;
7 4 4 84;
7 4 5 267;
7 4 6 155;
7 4 7 0;
7 4 8 263;
7 5 1 216;
7 5 2 100;
7 5 3 0;
7 5 4 128;
7 5 5 0;
7 5 6 229;
7 5 7 0;
7 5 8 81;
7 6 1 211;
7 6 2 0;
7 6 3 280;
7 6 4 227;
7 6 5 181;
7 6 6 263;
7 6 7 0;
7 6 8 90;
8 1 1 218;
8 1 2 204;
8 1 3 252;
8 1 4 295;
8 1 5 126;
8 1 6 197;
8 1 7 281;
8 1 8 272;
8 2 1 0;
8 2 2 104;
8 2 3 109;
8 2 4 0;
8 2 5 280;
8 2 6 247;
8 2 7 294;
8 2 8 71;
8 3 1 0;
8 3 2 0;
8 3 3 0;
8 3 4 0;
8 3 5 128;
8 3 6 215;
8 3 7 0;
8 3 8 0;
8 4 1 223;
8 4 2 63;
8 4 3 56;
8 4 4 0;
8 4 5 206;
8 4 6 222;
8 4 7 0;
8 4 8 87;
8 5 1 102;
8 5 2 0;
8 5 3 98;
8 5 4 151;
8 5 5 150;
8 5 6 174;
8 5 7 97;
8 5 8 106;
8 6 1 0;
8 6 2 152;
8 6 3 211;
8 6 4 0;
8 6 5 278;
8 6 6 0;
8 6 7 190;
8 6 8 102;
9 1 1 119;
9 1 2 267;
9 1 3 152;
9 1 4 186;
9 1 5 147;
9 1 6 77;
9 1 7 136;
9 1 8 243;
9 2 1 265;
9 2 2 173;
9 2 3 104;
9 2 4 287;
9 2 5 60;
9 2 6 0;
9 2 7 0;
9 2 8 117;
9 3 1 253;
9 3 2 57;
9 3 3 0;
9 3 4 103;
9 3 5 0;
9 3 6 60;
9 3 7 156;
9 3 8 289;
9 4 1 167;
9 4 2 0;
9 4 3 249;
9 4 4 286;
9 4 5 280;
9 4 6 211;
9 4 7 229;
9 4 8 162;
9 5 1 270;
9 5 2 252;
9 5 3 105;
9 5 4 62;
9 5 5 120;
9 5 6 271;
9 5 7 119;
9 5 8 184;
9 6 1 212;
9 6 2 218;
9 6 3 134;
9 6 4 156;
9 6 5 227;
9 6 6 241;
9 6 7 0;
9 6 8 187;
10 1 1 148;
10 1 2 194;
10 1 3 100;
10 1 4 0;
10 1 5 148;
10 1 6 115;
10 1 7 98;
10 1 8 139;
10 2 1 148;
10 2 2 75;
10 2 3 198;
10 2 4 114;
10 2 5 223;
10 2 6 0;
10 2 7 150;
10 2 8 268;
10 3 1 196;
10 3 2 136;
10 3 3 175;
10 3 4 0;
10 3 5 230;
10 3 6 150;
10 3 7 227;
10 3 8 98;
10 4 1 249;
10 4 2 295;
10 4 3 181;
10 4 4 227;
10 4 5 53;
10 4 6 277;
10 4 7 130;
10 4 8 112;
10 5 1 83;
10 5 2 128;
10 5 3 277;
10 5 4 190;
10 5 5 85;
10 5 6 0;
10 5 7 141;
10 5 8 59;
10 6 1 281;
10 6 2 0;
10 6 3 205;
10 6 4 100;
10 6 5 175;
10 6 6 138;
10 6 7 118;
10 6 8 262;
11 1 1 244;
11 1 2 193;
11 1 3 202;
11 1 4 63;
11 1 5 94;
11 1 6 170;
11 1 7 0;
11 1 8 219;
11 2 1 214;
11 2 2 0;
11 2 3 207;
11 2 4 251;
11 2 5 140;
11 2 6 0;
11 2 7 241;
11 2 8 272;
11 3 1 148;
11 3 2 126;
11 3 3 163;
11 3 4 172;
11 3 5 169;
11 3 6 0;
11 3 7 129;
11 3 8 142;
11 4 1 206;
11 4 2 215;
11 4 3 117;
11 4 4 248;
11 4 5 217;
11 4 6 295;
11 4 7 246;
11 4 8 0;
11 5 1 191;
11 5 2 140;
11 5 3 265;
11 5 4 135;
11 5 5 235;
11 5 6 127;
11 5 7 69;
11 5 8 77;
11 6 1 234;
11 6 2 0;
11 6 3 149;
11 6 4 55;
11 6 5 96;
11 6 6 57;
11 6 7 148;
11 6 8 215;
12 1 1 54;
12 1 2 150;
12 1 3 150;
12 1 4 252;
12 1 5 171;
12 1 6 0;
12 1 7 0;
12 1 8 0;
12 2 1 0;
12 2 2 97;
12 2 3 202;
12 2 4 218;
12 2 5 0;
12 2 6 73;
12 2 7 223;
12 2 8 0;
12 3 1 110;
12 3 2 185;
12 3 3 69;
12 3 4 0;
12 3 5 248;
12 3 6 146;
12 3 7 253;
12 3 8 150;
12 4 1 202;
12 4 2 0;
12 4 3 191;
12 4 4 151;
12 4 5 86;
12 4 6 189;
12 4 7 126;
12 4 8 0;
12 5 1 120;
12 5 2 174;
12 5 3 73;
12 5 4 88;
12 5 5 285;
12 5 6 300;
12 5 7 173;
12 5 8 0;
12 6 1 108;
12 6 2 133;
12 6 3 185;
12 6 4 273;
12 6 5 0;
12 6 6 189;
12 6 7 0;
12 6 8 215;
13 1 1 197;
13 1 2 162;
13 1 3 189;
13 1 4 61;
13 1 5 0;
13 1 6 0;
13 1 7 261;
13 1 8 0;
13 2 1 129;
13 2 2 142;
13 2 3 134;
13 2 4 275;
13 2 5 0;
13 2 6 96;
13 2 7 203;
13 2 8 182;
13 3 1 145;
13 3 2 189;
13 3 3 253;
13 3 4 277;
13 3 5 229;
13 3 6 89;
13 3 7 99;
13 3 8 124;
13 4 1 191;
13 4 2 73;
13 4 3 276;
13 4 4 104;
13 4 5 232;
13 4 6 72;
13 4 7 165;
13 4 8 149;
13 5 1 69;
13 5 2 266;
13 5 3 296;
13 5 4 0;
13 5 5 81;
13 5 6 232;
13 5 7 0;
13 5 8 104;
13 6 1 195;
13 6 2 184;
13 6 3 92;
13 6 4 78;
13 6 5 0;
13 6 6 175;
13 6 7 121;
13 6 8 288;
14 1 1 195;
14 1 2 284;
14 1 3 233;
14 1 4 0;
14 1 5 0;
14 1 6 190;
14 1 7 124;
14 1 8 138;
14 2 1 0;
14 2 2 231;
14 2 3 272;
14 2 4 152;
14 2 5 93;
14 2 6 136;
14 2 7 104;
14 2 8 0;
14 3 1 0;
14 3 2 241;
14 3 3 253;
14 3 4 113;
14 3 5 188;
14 3 6 214;
14 3 7 237;
14 3 8 276;
14 4 1 0;
14 4 2 112;
14 4 3 182;
14 4 4 245;
14 4 5 197;
14 4 6 50;
14 4 7 52;
14 4 8 0;
14 5 1 0;
14 5 2 222;
14 5 3 62;
14 5 4 177;
14 5 5 224;
14 5 6 267;
14 5 7 283;
14 5 8 272;
14 6 1 262;
14 6 2 0;
14 6 3 214;
14 6 4 217;
14 6 5 0;
14 6 6 0;
14 6 7 288;
14 6 8 225;
15 1 1 98;
15 1 2 262;
15 1 3 0;
15 1 4 53;
15 1 5 53;
15 1 6 92;
15 1 7 194;
15 1 8 0;
15 2 1 0;
15 2 2 212;
15 2 3 280;
15 2 4 0;
15 2 5 188;
15 2 6 145;
15 2 7 0;
15 2 8 271;
15 3 1 270;
15 3 2 178;
15 3 3 55;
15 3 4 279;
15 3 5 108;
15 3 6 256;
15 3 7 82;
15 3 8 89;
15 4 1 0;
15 4 2 232;
15 4 3 0;
15 4 4 174;
15 4 5 0;
15 4 6 168;
15 4 7 124;
15 4 8 92;
15 5 1 148;
15 5 2 269;
15 5 3 128;
15 5 4 106;
15 5 5 144;
15 5 6 0;
15 5 7 0;
15 5 8 0;
15 6 1 0;
15 6 2 288;
15 6 3 288;
15 6 4 87;
15 6 5 68;
15 6 6 0;
15 6 7 0;
15 6 8 200;
16 1 1 137;
16 1 2 277;
16 1 3 205;
16 1 4 0;
16 1 5 75;
16 1 6 0;
16 1 7 112;
16 1 8 139;
16 2 1 173;
16 2 2 0;
16 2 3 85;
16 2 4 0;
16 2 5 136;
16 2 6 117;
16 2 7 203;
16 2 8 66;
16 3 1 96;
16 3 2 51;
16 3 3 133;
16 3 4 157;
16 3 5 149;
16 3 6 70;
16 3 7 0;
16 3 8 196;
16 4 1 98;
16 4 2 71;
16 4 3 109;
16 4 4 228;
16 4 5 111;
16 4 6 92;
16 4 7 293;
16 4 8 0;
16 5 1 104;
16 5 2 149;
16 5 3 233;
16 5 4 83;
16 5 5 188;
16 5 6 56;
16 5 7 119;
16 5 8 227;
16 6 1 0;
16 6 2 221;
16 6 3 131;
16 6 4 0;
16 6 5 0;
16 6 6 262;
16 6 7 0;
16 6 8 149;
17 1 1 201;
17 1 2 69;
17 1 3 74;
17 1 4 109;
17 1 5 0;
17 1 6 57;
17 1 7 208;
17 1 8 190;
17 2 1 220;
17 2 2 114;
17 2 3 232;
17 2 4 84;
17 2 5 131;
17 2 6 299;
17 2 7 156;
17 2 8 284;
17 3 1 89;
17 3 2 119;
17 3 3 0;
17 3 4 0;
17 3 5 56;
17 3 6 207;
17 3 7 172;
17 3 8 299;
17 4 1 161;
17 4 2 241;
17 4 3 0;
17 4 4 51;
17 4 5 197;
17 4 6 148;
17 4 7 109;
17 4 8 267;
17 5 1 0;
17 5 2 146;
17 5 3 298;
17 5 4 79;
17 5 5 136;
17 5 6 190;
17 5 7 67;
17 5 8 118;
17 6 1 103;
17 6 2 75;
17 6 3 54;
17 6 4 220;
17 6 5 293;
17 6 6 122;
17 6 7 172;
17 6 8 236;
18 1 1 57;
18 1 2 187;
18 1 3 111;
18 1 4 80;
18 1 5 65;
18 1 6 163;
18 1 7 119;
18 1 8 0;
18 2 1 296;
18 2 2 268;
18 2 3 292;
18 2 4 120;
18 2 5 0;
18 2 6 97;
18 2 7 155;
18 2 8 246;
18 3 1 270;
18 3 2 194;
18 3 3 163;
18 3 4 288;
18 3 5 0;
18 3 6 0;
18 3 7 218;
18 3 8 189;
18 4 1 291;
18 4 2 62;
18 4 3 105;
18 4 4 274;
18 4 5 0;
18 4 6 198;
18 4 7 223;
18 4 8 0;
18 5 1 288;
18 5 2 0;
18 5 3 201;
18 5 4 50;
18 5 5 197;
18 5 6 250;
18 5 7 162;
18 5 8 0;
18 6 1 87;
18 6 2 65;
18 6 3 97;
18 6 4 272;
18 6 5 217;
18 6 6 125;
18 6 7 297;
18 6 8 287;
19 1 1 157;
19 1 2 99;
19 1 3 157;
19 1 4 198;
19 1 5 81;
19 1 6 0;
19 1 7 207;
19 1 8 118;
19 2 1 224;
19 2 2 0;
19 2 3 294;
19 2 4 200;
19 2 5 196;
19 2 6 0;
19 2 7 145;
19 2 8 142;
19 3 1 166;
19 3 2 179;
19 3 3 263;
19 3 4 245;
19 3 5 236;
19 3 6 206;
19 3 7 56;
19 3 8 219;
19 4 1 209;
19 4 2 234;
19 4 3 234;
19 4 4 92;
19 4 5 285;
19 4 6 230;
19 4 7 179;
19 4 8 246;
19 5 1 274;
19 5 2 244;
19 5 3 256;
19 5 4 265;
19 5 5 220;
19 5 6 152;
19 5 7 61;
19 5 8 59;
19 6 1 227;
19 6 2 135;
19 6 3 94;
19 6 4 0;
19 6 5 275;
19 6 6 251;
19 6 7 96;
19 6 8 86;
20 1 1 256;
20 1 2 134;
20 1 3 98;
20 1 4 102;
20 1 5 220;
20 1 6 267;
20 1 7 167;
20 1 8 96;
20 2 1 78;
20 2 2 214;
20 2 3 73;
20 2 4 184;
20 2 5 52;
20 2 6 100;
20 2 7 68;
20 2 8 69;
20 3 1 148;
20 3 2 133;
20 3 3 170;
20 3 4 160;
20 3 5 238;
20 3 6 152;
20 3 7 269;
20 3 8 175;
20 4 1 212;
20 4 2 100;
20 4 3 133;
20 4 4 192;
20 4 5 0;
20 4 6 149;
20 4 7 128;
20 4 8 71;
20 5 1 272;
20 5 2 60;
20 5 3 197;
20 5 4 149;
20 5 5 0;
20 5 6 242;
20 5 7 0;
20 5 8 151;
20 6 1 252;
20 6 2 0;
20 6 3 88;
20 6 4 99;
20 6 5 93;
20 6 6 102;
20 6 7 284;
20 6 8 78;
]

global Cap_c = [
1 1 1 16294.0;
1 1 2 16294.0;
1 1 3 16294.0;
1 1 4 16294.0;
1 1 5 16294.0;
1 1 6 16294.0;
1 1 7 16294.0;
1 1 8 16294.0;
1 2 1 16294.0;
1 2 2 16294.0;
1 2 3 16294.0;
1 2 4 16294.0;
1 2 5 16294.0;
1 2 6 16294.0;
1 2 7 16294.0;
1 2 8 16294.0;
2 1 1 16294.0;
2 1 2 16294.0;
2 1 3 16294.0;
2 1 4 16294.0;
2 1 5 16294.0;
2 1 6 16294.0;
2 1 7 16294.0;
2 1 8 16294.0;
2 2 1 16294.0;
2 2 2 16294.0;
2 2 3 16294.0;
2 2 4 16294.0;
2 2 5 16294.0;
2 2 6 16294.0;
2 2 7 16294.0;
2 2 8 16294.0;
3 1 1 16294.0;
3 1 2 16294.0;
3 1 3 16294.0;
3 1 4 16294.0;
3 1 5 16294.0;
3 1 6 16294.0;
3 1 7 16294.0;
3 1 8 16294.0;
3 2 1 16294.0;
3 2 2 16294.0;
3 2 3 16294.0;
3 2 4 16294.0;
3 2 5 16294.0;
3 2 6 16294.0;
3 2 7 16294.0;
3 2 8 16294.0;
4 1 1 16294.0;
4 1 2 16294.0;
4 1 3 16294.0;
4 1 4 16294.0;
4 1 5 16294.0;
4 1 6 16294.0;
4 1 7 16294.0;
4 1 8 16294.0;
4 2 1 16294.0;
4 2 2 16294.0;
4 2 3 16294.0;
4 2 4 16294.0;
4 2 5 16294.0;
4 2 6 16294.0;
4 2 7 16294.0;
4 2 8 16294.0;
5 1 1 16294.0;
5 1 2 16294.0;
5 1 3 16294.0;
5 1 4 16294.0;
5 1 5 16294.0;
5 1 6 16294.0;
5 1 7 16294.0;
5 1 8 16294.0;
5 2 1 16294.0;
5 2 2 16294.0;
5 2 3 16294.0;
5 2 4 16294.0;
5 2 5 16294.0;
5 2 6 16294.0;
5 2 7 16294.0;
5 2 8 16294.0;
6 1 1 16294.0;
6 1 2 16294.0;
6 1 3 16294.0;
6 1 4 16294.0;
6 1 5 16294.0;
6 1 6 16294.0;
6 1 7 16294.0;
6 1 8 16294.0;
6 2 1 16294.0;
6 2 2 16294.0;
6 2 3 16294.0;
6 2 4 16294.0;
6 2 5 16294.0;
6 2 6 16294.0;
6 2 7 16294.0;
6 2 8 16294.0;
]

global Cap_p = [1.704667e6 1.704667e6 1.704667e6 1.704667e6 1.704667e6 1.704667e6 1.704667e6 1.704667e6; 1.452124e6 1.452124e6 1.452124e6 1.452124e6 1.452124e6 1.452124e6 1.452124e6 1.452124e6]
#-----------------------------------------