###################################################
# Classe 21 : K = 6, M = 2, T = 8, N = 20
# Exemplo: 4.   c21ex04.dat          Semente: 8555
#-----------------------Dados----------------------
global K = 6
global M = 2
global T = 8
global N = 20

global L = [540, 460]

global l = [52, 63, 73, 73, 88, 89, 90, 93, 93, 108, 118, 118, 123, 127, 129, 130, 133, 134, 138, 139]

global Q1 = 1e5
global Q2 = 1e5

global rho = [2.0, 2.0, 2.0, 2.0, 2.0, 2.0]

global b = [1080.0 920.0; 1080.0 920.0; 1080.0 920.0; 1080.0 920.0; 1080.0 920.0; 1080.0 920.0]

global f = [44.28 37.72; 44.28 37.72; 44.28 37.72; 44.28 37.72; 44.28 37.72; 44.28 37.72]

global c_km = [29.16 43.24; 45.36 20.24; 45.36 44.16; 39.96 18.4; 48.6 27.6; 22.68 22.08]

global p_km = [4.345 6.443; 6.759 3.016; 6.759 6.58; 5.954 2.742; 7.241 4.112; 3.379 3.29]

global c_x = [
1 1 1 17.064;
1 1 2 17.064;
1 1 3 17.064;
1 1 4 17.064;
1 1 5 17.064;
1 1 6 17.064;
1 1 7 17.064;
1 1 8 17.064;
1 2 1 21.068;
1 2 2 21.068;
1 2 3 21.068;
1 2 4 21.068;
1 2 5 21.068;
1 2 6 21.068;
1 2 7 21.068;
1 2 8 21.068;
2 1 1 21.6;
2 1 2 21.6;
2 1 3 21.6;
2 1 4 21.6;
2 1 5 21.6;
2 1 6 21.6;
2 1 7 21.6;
2 1 8 21.6;
2 2 1 20.884;
2 2 2 20.884;
2 2 3 20.884;
2 2 4 20.884;
2 2 5 20.884;
2 2 6 20.884;
2 2 7 20.884;
2 2 8 20.884;
3 1 1 22.572;
3 1 2 22.572;
3 1 3 22.572;
3 1 4 22.572;
3 1 5 22.572;
3 1 6 22.572;
3 1 7 22.572;
3 1 8 22.572;
3 2 1 17.848;
3 2 2 17.848;
3 2 3 17.848;
3 2 4 17.848;
3 2 5 17.848;
3 2 6 17.848;
3 2 7 17.848;
3 2 8 17.848;
4 1 1 18.576;
4 1 2 18.576;
4 1 3 18.576;
4 1 4 18.576;
4 1 5 18.576;
4 1 6 18.576;
4 1 7 18.576;
4 1 8 18.576;
4 2 1 20.791;
4 2 2 20.791;
4 2 3 20.791;
4 2 4 20.791;
4 2 5 20.791;
4 2 6 20.791;
4 2 7 20.791;
4 2 8 20.791;
5 1 1 27.0;
5 1 2 27.0;
5 1 3 27.0;
5 1 4 27.0;
5 1 5 27.0;
5 1 6 27.0;
5 1 7 27.0;
5 1 8 27.0;
5 2 1 15.824;
5 2 2 15.824;
5 2 3 15.824;
5 2 4 15.824;
5 2 5 15.824;
5 2 6 15.824;
5 2 7 15.824;
5 2 8 15.824;
6 1 1 26.136;
6 1 2 26.136;
6 1 3 26.136;
6 1 4 26.136;
6 1 5 26.136;
6 1 6 26.136;
6 1 7 26.136;
6 1 8 26.136;
6 2 1 22.448;
6 2 2 22.448;
6 2 3 22.448;
6 2 4 22.448;
6 2 5 22.448;
6 2 6 22.448;
6 2 7 22.448;
6 2 8 22.448;
]

global c_z = [
1 1 1 0.614;
1 1 2 0.614;
1 1 3 0.614;
1 1 4 0.614;
1 1 5 0.614;
1 1 6 0.614;
1 1 7 0.614;
1 1 8 0.614;
1 2 1 0.716;
1 2 2 0.716;
1 2 3 0.716;
1 2 4 0.716;
1 2 5 0.716;
1 2 6 0.716;
1 2 7 0.716;
1 2 8 0.716;
2 1 1 0.799;
2 1 2 0.799;
2 1 3 0.799;
2 1 4 0.799;
2 1 5 0.799;
2 1 6 0.799;
2 1 7 0.799;
2 1 8 0.799;
2 2 1 0.647;
2 2 2 0.647;
2 2 3 0.647;
2 2 4 0.647;
2 2 5 0.647;
2 2 6 0.647;
2 2 7 0.647;
2 2 8 0.647;
3 1 1 0.993;
3 1 2 0.993;
3 1 3 0.993;
3 1 4 0.993;
3 1 5 0.993;
3 1 6 0.993;
3 1 7 0.993;
3 1 8 0.993;
3 2 1 0.714;
3 2 2 0.714;
3 2 3 0.714;
3 2 4 0.714;
3 2 5 0.714;
3 2 6 0.714;
3 2 7 0.714;
3 2 8 0.714;
4 1 1 0.873;
4 1 2 0.873;
4 1 3 0.873;
4 1 4 0.873;
4 1 5 0.873;
4 1 6 0.873;
4 1 7 0.873;
4 1 8 0.873;
4 2 1 0.645;
4 2 2 0.645;
4 2 3 0.645;
4 2 4 0.645;
4 2 5 0.645;
4 2 6 0.645;
4 2 7 0.645;
4 2 8 0.645;
5 1 1 0.999;
5 1 2 0.999;
5 1 3 0.999;
5 1 4 0.999;
5 1 5 0.999;
5 1 6 0.999;
5 1 7 0.999;
5 1 8 0.999;
5 2 1 0.791;
5 2 2 0.791;
5 2 3 0.791;
5 2 4 0.791;
5 2 5 0.791;
5 2 6 0.791;
5 2 7 0.791;
5 2 8 0.791;
6 1 1 0.889;
6 1 2 0.889;
6 1 3 0.889;
6 1 4 0.889;
6 1 5 0.889;
6 1 6 0.889;
6 1 7 0.889;
6 1 8 0.889;
6 2 1 1.122;
6 2 2 1.122;
6 2 3 1.122;
6 2 4 1.122;
6 2 5 1.122;
6 2 6 1.122;
6 2 7 1.122;
6 2 8 1.122;
]

global c_y = [
1 1 1 1.877;
1 1 2 1.877;
1 1 3 1.877;
1 1 4 1.877;
1 1 5 1.877;
1 1 6 1.877;
1 1 7 1.877;
1 1 8 1.877;
1 2 1 2.317;
1 2 2 2.317;
1 2 3 2.317;
1 2 4 2.317;
1 2 5 2.317;
1 2 6 2.317;
1 2 7 2.317;
1 2 8 2.317;
2 1 1 2.592;
2 1 2 2.592;
2 1 3 2.592;
2 1 4 2.592;
2 1 5 2.592;
2 1 6 2.592;
2 1 7 2.592;
2 1 8 2.592;
2 2 1 2.924;
2 2 2 2.924;
2 2 3 2.924;
2 2 4 2.924;
2 2 5 2.924;
2 2 6 2.924;
2 2 7 2.924;
2 2 8 2.924;
3 1 1 3.386;
3 1 2 3.386;
3 1 3 3.386;
3 1 4 3.386;
3 1 5 3.386;
3 1 6 3.386;
3 1 7 3.386;
3 1 8 3.386;
3 2 1 2.32;
3 2 2 2.32;
3 2 3 2.32;
3 2 4 2.32;
3 2 5 2.32;
3 2 6 2.32;
3 2 7 2.32;
3 2 8 2.32;
4 1 1 1.858;
4 1 2 1.858;
4 1 3 1.858;
4 1 4 1.858;
4 1 5 1.858;
4 1 6 1.858;
4 1 7 1.858;
4 1 8 1.858;
4 2 1 3.119;
4 2 2 3.119;
4 2 3 3.119;
4 2 4 3.119;
4 2 5 3.119;
4 2 6 3.119;
4 2 7 3.119;
4 2 8 3.119;
5 1 1 3.24;
5 1 2 3.24;
5 1 3 3.24;
5 1 4 3.24;
5 1 5 3.24;
5 1 6 3.24;
5 1 7 3.24;
5 1 8 3.24;
5 2 1 1.741;
5 2 2 1.741;
5 2 3 1.741;
5 2 4 1.741;
5 2 5 1.741;
5 2 6 1.741;
5 2 7 1.741;
5 2 8 1.741;
6 1 1 3.136;
6 1 2 3.136;
6 1 3 3.136;
6 1 4 3.136;
6 1 5 3.136;
6 1 6 3.136;
6 1 7 3.136;
6 1 8 3.136;
6 2 1 3.143;
6 2 2 3.143;
6 2 3 3.143;
6 2 4 3.143;
6 2 5 3.143;
6 2 6 3.143;
6 2 7 3.143;
6 2 8 3.143;
]

global c_sc = [
1 1 1 0.068;
1 1 2 0.068;
1 1 3 0.068;
1 1 4 0.068;
1 1 5 0.068;
1 1 6 0.068;
1 1 7 0.068;
1 1 8 0.068;
1 2 1 0.086;
1 2 2 0.086;
1 2 3 0.086;
1 2 4 0.086;
1 2 5 0.086;
1 2 6 0.086;
1 2 7 0.086;
1 2 8 0.086;
2 1 1 0.122;
2 1 2 0.122;
2 1 3 0.122;
2 1 4 0.122;
2 1 5 0.122;
2 1 6 0.122;
2 1 7 0.122;
2 1 8 0.122;
2 2 1 0.12;
2 2 2 0.12;
2 2 3 0.12;
2 2 4 0.12;
2 2 5 0.12;
2 2 6 0.12;
2 2 7 0.12;
2 2 8 0.12;
3 1 1 0.122;
3 1 2 0.122;
3 1 3 0.122;
3 1 4 0.122;
3 1 5 0.122;
3 1 6 0.122;
3 1 7 0.122;
3 1 8 0.122;
3 2 1 0.079;
3 2 2 0.079;
3 2 3 0.079;
3 2 4 0.079;
3 2 5 0.079;
3 2 6 0.079;
3 2 7 0.079;
3 2 8 0.079;
4 1 1 0.063;
4 1 2 0.063;
4 1 3 0.063;
4 1 4 0.063;
4 1 5 0.063;
4 1 6 0.063;
4 1 7 0.063;
4 1 8 0.063;
4 2 1 0.134;
4 2 2 0.134;
4 2 3 0.134;
4 2 4 0.134;
4 2 5 0.134;
4 2 6 0.134;
4 2 7 0.134;
4 2 8 0.134;
5 1 1 0.1;
5 1 2 0.1;
5 1 3 0.1;
5 1 4 0.1;
5 1 5 0.1;
5 1 6 0.1;
5 1 7 0.1;
5 1 8 0.1;
5 2 1 0.07;
5 2 2 0.07;
5 2 3 0.07;
5 2 4 0.07;
5 2 5 0.07;
5 2 6 0.07;
5 2 7 0.07;
5 2 8 0.07;
6 1 1 0.135;
6 1 2 0.135;
6 1 3 0.135;
6 1 4 0.135;
6 1 5 0.135;
6 1 6 0.135;
6 1 7 0.135;
6 1 8 0.135;
6 2 1 0.132;
6 2 2 0.132;
6 2 3 0.132;
6 2 4 0.132;
6 2 5 0.132;
6 2 6 0.132;
6 2 7 0.132;
6 2 8 0.132;
]

global c_w = [
1 1 1 0.41;
1 1 2 0.41;
1 1 3 0.41;
1 1 4 0.41;
1 1 5 0.41;
1 1 6 0.41;
1 1 7 0.41;
1 1 8 0.41;
1 2 1 0.632;
1 2 2 0.632;
1 2 3 0.632;
1 2 4 0.632;
1 2 5 0.632;
1 2 6 0.632;
1 2 7 0.632;
1 2 8 0.632;
2 1 1 0.281;
2 1 2 0.281;
2 1 3 0.281;
2 1 4 0.281;
2 1 5 0.281;
2 1 6 0.281;
2 1 7 0.281;
2 1 8 0.281;
2 2 1 0.522;
2 2 2 0.522;
2 2 3 0.522;
2 2 4 0.522;
2 2 5 0.522;
2 2 6 0.522;
2 2 7 0.522;
2 2 8 0.522;
3 1 1 0.587;
3 1 2 0.587;
3 1 3 0.587;
3 1 4 0.587;
3 1 5 0.587;
3 1 6 0.587;
3 1 7 0.587;
3 1 8 0.587;
3 2 1 0.339;
3 2 2 0.339;
3 2 3 0.339;
3 2 4 0.339;
3 2 5 0.339;
3 2 6 0.339;
3 2 7 0.339;
3 2 8 0.339;
4 1 1 0.557;
4 1 2 0.557;
4 1 3 0.557;
4 1 4 0.557;
4 1 5 0.557;
4 1 6 0.557;
4 1 7 0.557;
4 1 8 0.557;
4 2 1 0.499;
4 2 2 0.499;
4 2 3 0.499;
4 2 4 0.499;
4 2 5 0.499;
4 2 6 0.499;
4 2 7 0.499;
4 2 8 0.499;
5 1 1 0.675;
5 1 2 0.675;
5 1 3 0.675;
5 1 4 0.675;
5 1 5 0.675;
5 1 6 0.675;
5 1 7 0.675;
5 1 8 0.675;
5 2 1 0.396;
5 2 2 0.396;
5 2 3 0.396;
5 2 4 0.396;
5 2 5 0.396;
5 2 6 0.396;
5 2 7 0.396;
5 2 8 0.396;
6 1 1 0.68;
6 1 2 0.68;
6 1 3 0.68;
6 1 4 0.68;
6 1 5 0.68;
6 1 6 0.68;
6 1 7 0.68;
6 1 8 0.68;
6 2 1 0.494;
6 2 2 0.494;
6 2 3 0.494;
6 2 4 0.494;
6 2 5 0.494;
6 2 6 0.494;
6 2 7 0.494;
6 2 8 0.494;
]

global c_e = [
1 1 1 0.05060906200317963;
1 1 2 0.04307154213036565;
1 1 3 0.06460731319554848;
1 1 4 0.06245373608903019;
1 1 5 0.047378696343402214;
1 1 6 0.05922337042925278;
1 1 7 0.047378696343402214;
1 1 8 0.06137694753577105;
1 2 1 0.034022178060413355;
1 2 2 0.04315007949125596;
1 2 3 0.04480969793322735;
1 2 4 0.0398308426073132;
1 2 5 0.04729912559618442;
1 2 6 0.03651160572337043;
1 2 7 0.04563950715421304;
1 2 8 0.03651160572337043;
1 3 1 0.05741494435612083;
1 3 2 0.046888871224165345;
1 3 3 0.04019046104928458;
1 3 4 0.05167344992050875;
1 3 5 0.046888871224165345;
1 3 6 0.04593195548489666;
1 3 7 0.04497503974562798;
1 3 8 0.04593195548489666;
1 4 1 0.05674531001589825;
1 4 2 0.06111033386327505;
1 4 3 0.05783656597774245;
1 4 4 0.06438410174880763;
1 4 5 0.04474149443561208;
1 4 6 0.05347154213036566;
1 4 7 0.04365023847376789;
1 4 8 0.054562798092209853;
1 5 1 0.06087162162162162;
1 5 2 0.04427027027027027;
1 5 3 0.0664054054054054;
1 5 4 0.06087162162162162;
1 5 5 0.05423108108108108;
1 5 6 0.05865810810810811;
1 5 7 0.04869729729729729;
1 5 8 0.04537702702702703;
1 6 1 0.06308616852146263;
1 6 2 0.049741017488076314;
1 6 3 0.04852782193958665;
1 6 4 0.06672575516693165;
1 6 5 0.07036534181240063;
1 6 6 0.05459379968203498;
1 6 7 0.049741017488076314;
1 6 8 0.05095421303656598;
2 1 1 0.07696967408585054;
2 1 2 0.07436053259141492;
2 1 3 0.05609654213036565;
2 1 4 0.0665331081081081;
2 1 5 0.061314825119236874;
2 1 6 0.07436053259141492;
2 1 7 0.057401112877583454;
2 1 8 0.061314825119236874;
2 2 1 0.04825659777424483;
2 2 2 0.04524056041335454;
2 2 3 0.04021383147853737;
2 2 4 0.04222452305246423;
2 2 5 0.04825659777424483;
2 2 6 0.05529401828298888;
2 2 7 0.0593154014308426;
2 2 8 0.054288672496025446;
2 3 1 0.05448899046104928;
2 3 2 0.046373608903020676;
2 3 3 0.04985162957074722;
2 3 4 0.0556483306836248;
2 3 5 0.06608239268680445;
2 3 6 0.06840107313195548;
2 3 7 0.0486922893481717;
2 3 8 0.05332965023847377;
2 4 1 0.059494435612082675;
2 4 2 0.07932591414944355;
2 4 3 0.05288394276629571;
2 4 4 0.07007122416534181;
2 4 5 0.06610492845786964;
2 4 6 0.0727154213036566;
2 4 7 0.0727154213036566;
2 4 8 0.059494435612082675;
2 5 1 0.06436216216216216;
2 5 2 0.05899864864864864;
2 5 3 0.06033952702702703;
2 5 4 0.07106655405405406;
2 5 5 0.07374831081081082;
2 5 6 0.06302128378378379;
2 5 7 0.05899864864864864;
2 5 8 0.07911182432432431;
2 6 1 0.08672015103338632;
2 6 2 0.0676123211446741;
2 6 3 0.08672015103338632;
2 6 4 0.06320282193958665;
2 6 5 0.061732988871224165;
2 6 6 0.061732988871224165;
2 6 7 0.0881899841017488;
2 6 8 0.058793322734499213;
3 1 1 0.08314050079491256;
3 1 2 0.07407062798092208;
3 1 3 0.06348910969793321;
3 1 4 0.0604658187599364;
3 1 5 0.08162885532591414;
3 1 6 0.07407062798092208;
3 1 7 0.08162885532591414;
3 1 8 0.06500075516693163;
3 2 1 0.05708129968203497;
3 2 2 0.0675656200317965;
3 2 3 0.06873054451510334;
3 2 4 0.05009175278219396;
3 2 5 0.05358652623211447;
3 2 6 0.058246224165341816;
3 2 7 0.05591637519872814;
3 2 8 0.05591637519872814;
3 3 1 0.0765716613672496;
3 3 2 0.06179467408585056;
3 3 3 0.06313803656597773;
3 3 4 0.06985484896661368;
3 3 5 0.060451311605723375;
3 3 6 0.07388493640699524;
3 3 7 0.056421224165341816;
3 3 8 0.06313803656597773;
3 4 1 0.0674060413354531;
3 4 2 0.08425755166931638;
3 4 3 0.06281017488076311;
3 4 4 0.08578950715421305;
3 4 5 0.06281017488076311;
3 4 6 0.09191732909379967;
3 4 7 0.0873214626391097;
3 4 8 0.08578950715421305;
3 5 1 0.08234695945945947;
3 5 2 0.07768581081081082;
3 5 3 0.09011554054054054;
3 5 4 0.08856182432432431;
3 5 5 0.0668097972972973;
3 5 6 0.062148648648648656;
3 5 7 0.09011554054054054;
3 5 8 0.08234695945945947;
3 6 1 0.07493815580286169;
3 6 2 0.09878211446740857;
3 6 3 0.06812559618441973;
3 6 4 0.0732350158982512;
3 6 5 0.08004757551669316;
3 6 6 0.0732350158982512;
3 6 7 0.09367269475357712;
3 6 8 0.07493815580286169;
4 1 1 0.06651240063593003;
4 1 2 0.06651240063593003;
4 1 3 0.08314050079491256;
4 1 4 0.0755822734499205;
4 1 5 0.07255898251192368;
4 1 6 0.0755822734499205;
4 1 7 0.08616379173290936;
4 1 8 0.061977464228934805;
4 2 1 0.06290592209856916;
4 2 2 0.06989546899841018;
4 2 3 0.06640069554848967;
4 2 4 0.05242160174880763;
4 2 5 0.06290592209856916;
4 2 6 0.05941114864864866;
4 2 7 0.064070846581876;
4 2 8 0.047761903815580285;
4 3 1 0.07254157392686805;
4 3 2 0.06582476152623211;
4 3 3 0.057764586645469;
4 3 4 0.0671681240063593;
4 3 5 0.07119821144674086;
4 3 6 0.056421224165341816;
4 3 7 0.05910794912559618;
4 3 8 0.06582476152623211;
4 4 1 0.08425755166931638;
4 4 2 0.0750658187599364;
4 4 3 0.09191732909379967;
4 4 4 0.0796616852146264;
4 4 5 0.09191732909379967;
4 4 6 0.08425755166931638;
4 4 7 0.0873214626391097;
4 4 8 0.0873214626391097;
4 5 1 0.06836351351351351;
4 5 2 0.06991722972972973;
4 5 3 0.062148648648648656;
4 5 4 0.062148648648648656;
4 5 5 0.062148648648648656;
4 5 6 0.09011554054054054;
4 5 7 0.08856182432432431;
4 5 8 0.09166925675675676;
4 6 1 0.09537583465818761;
4 6 2 0.06812559618441973;
4 6 3 0.08686013513513514;
4 6 4 0.0698287360890302;
4 6 5 0.0732350158982512;
4 6 6 0.07664129570747219;
4 6 7 0.0732350158982512;
4 6 8 0.09537583465818761;
5 1 1 0.07835707472178058;
5 1 2 0.1020464228934817;
5 1 3 0.10933545310015895;
5 1 4 0.07653481717011128;
5 1 5 0.10022416534181239;
5 1 6 0.08929062003179648;
5 1 7 0.10751319554848963;
5 1 8 0.10022416534181239;
5 2 1 0.05757599364069952;
5 2 2 0.06178887122416534;
5 2 3 0.05617170111287759;
5 2 4 0.05757599364069952;
5 2 5 0.08425755166931638;
5 2 6 0.05898028616852147;
5 2 7 0.07583179650238475;
5 2 8 0.07723608903020669;
5 3 1 0.07773100158982511;
5 3 2 0.07125341812400636;
5 3 3 0.08582798092209858;
5 3 4 0.0842085850556439;
5 3 5 0.0842085850556439;
5 3 6 0.08582798092209858;
5 3 7 0.07611160572337043;
5 3 8 0.0842085850556439;
5 4 1 0.08679682034976152;
5 4 2 0.10341748807631161;
5 4 3 0.09233704292527822;
5 4 4 0.11080445151033386;
5 4 5 0.08864356120826708;
5 4 6 0.08125659777424483;
5 4 7 0.09418378378378378;
5 4 8 0.0775631160572337;
5 5 1 0.0973945945945946;
5 5 2 0.08053783783783783;
5 5 3 0.07491891891891893;
5 5 4 0.08990270270270269;
5 5 5 0.09177567567567567;
5 5 6 0.10114054054054054;
5 5 7 0.09177567567567567;
5 5 8 0.07866486486486486;
5 6 1 0.12318600953895072;
5 6 2 0.11292050874403817;
5 6 3 0.08417710651828299;
5 6 4 0.11292050874403817;
5 6 5 0.1026550079491256;
5 6 6 0.09854880763116057;
5 6 7 0.12318600953895072;
5 6 8 0.10060190779014308;
6 1 1 0.07924749602543718;
6 1 2 0.10689197138314784;
6 1 3 0.09952011128775834;
6 1 4 0.10689197138314784;
6 1 5 0.10136307631160571;
6 1 6 0.09030528616852145;
6 1 7 0.11057790143084259;
6 1 8 0.11057790143084259;
6 2 1 0.0852150238473768;
6 2 2 0.08095427265500794;
6 2 3 0.06959226947535771;
6 2 4 0.056810015898251194;
6 2 5 0.0639112678855326;
6 2 6 0.0639112678855326;
6 2 7 0.08237452305246423;
6 2 8 0.0639112678855326;
6 3 1 0.09826788553259141;
6 3 2 0.07370091414944357;
6 3 3 0.08188990461049285;
6 3 4 0.091716693163752;
6 3 5 0.09663008744038155;
6 3 6 0.07370091414944357;
6 3 7 0.06551192368839429;
6 3 8 0.09663008744038155;
6 4 1 0.07844451510333862;
6 4 2 0.09151860095389507;
6 4 3 0.09151860095389507;
6 4 4 0.07844451510333862;
6 4 5 0.09712178060413354;
6 4 6 0.08031224165341812;
6 4 7 0.10459268680445151;
6 4 8 0.09338632750397456;
6 5 1 0.08524155405405406;
6 5 2 0.08713581081081082;
6 5 3 0.09281858108108108;
6 5 4 0.09471283783783783;
6 5 5 0.08524155405405406;
6 5 6 0.09281858108108108;
6 5 7 0.08713581081081082;
6 5 8 0.08713581081081082;
6 6 1 0.12043298887122417;
6 6 2 0.08928652623211446;
6 6 3 0.10382154213036567;
6 6 4 0.08513366454689983;
6 6 5 0.08513366454689983;
6 6 6 0.11212726550079492;
6 6 7 0.08721009538950715;
6 6 8 0.09966868044515104;
7 1 1 0.08945627980922095;
7 1 2 0.10436565977742447;
7 1 3 0.10809300476947532;
7 1 4 0.07454689984101748;
7 1 5 0.09131995230524641;
7 1 6 0.10995667726550076;
7 1 7 0.07827424483306834;
7 1 8 0.10809300476947532;
7 2 1 0.07468282988871225;
7 2 2 0.06175695548489667;
7 2 3 0.08330007949125595;
7 2 4 0.07611903815580287;
7 2 5 0.08617249602543721;
7 2 6 0.05888453895071542;
7 2 7 0.08186387122416534;
7 2 8 0.07755524642289349;
7 3 1 0.07452901430842608;
7 3 2 0.07452901430842608;
7 3 3 0.08115381558028617;
7 3 4 0.07287281399046106;
7 3 5 0.0977158187599364;
7 3 6 0.07287281399046106;
7 3 7 0.069560413354531;
7 3 8 0.0977158187599364;
7 4 1 0.09632432432432432;
7 4 2 0.0944356120826709;
7 4 3 0.09821303656597775;
7 4 4 0.0925468998410175;
7 4 5 0.08876947535771064;
7 4 6 0.07932591414944355;
7 4 7 0.10954531001589823;
7 4 8 0.07932591414944355;
7 5 1 0.0900304054054054;
7 5 2 0.09386148648648648;
7 5 3 0.08236824324324325;
7 5 4 0.10152364864864866;
7 5 5 0.10343918918918919;
7 5 6 0.09577702702702702;
7 5 7 0.1091858108108108;
7 5 8 0.10727027027027028;
7 6 1 0.11548688394276632;
7 6 2 0.11338712241653419;
7 6 3 0.11548688394276632;
7 6 4 0.10708783783783785;
7 6 5 0.10708783783783785;
7 6 6 0.11548688394276632;
7 6 7 0.11128736089030208;
7 6 8 0.09658903020667726;
8 1 1 0.10784451510333862;
8 1 2 0.10399292527821939;
8 1 3 0.10784451510333862;
8 1 4 0.10014133545310014;
8 1 5 0.08666077106518282;
8 1 6 0.10591872019077901;
8 1 7 0.0847349761526232;
8 1 8 0.10591872019077901;
8 2 1 0.07865633942766295;
8 2 2 0.06381552066772656;
8 2 3 0.062331438791732904;
8 2 4 0.05936327503974564;
8 2 5 0.05936327503974564;
8 2 6 0.08904491255961844;
8 2 7 0.08459266693163751;
8 2 8 0.08607674880763116;
8 3 1 0.0701676868044515;
8 3 2 0.07187909379968203;
8 3 3 0.07187909379968203;
8 3 4 0.08899316375198728;
8 3 5 0.08899316375198728;
8 3 6 0.08728175675675676;
8 3 7 0.07359050079491257;
8 3 8 0.06845627980922099;
8 4 1 0.09953513513513514;
8 4 2 0.11124515103338632;
8 4 3 0.10343847376788554;
8 4 4 0.08782511923688395;
8 4 5 0.10929348171701114;
8 4 6 0.09368012718600954;
8 4 7 0.08392178060413355;
8 4 8 0.11319682034976151;
8 5 1 0.11282533783783782;
8 5 2 0.09501081081081081;
8 5 3 0.09896959459459459;
8 5 4 0.07917567567567568;
8 5 5 0.09303141891891892;
8 5 6 0.08709324324324325;
8 5 7 0.09501081081081081;
8 5 8 0.08907263513513514;
8 6 1 0.11282718600953895;
8 6 2 0.08679014308426074;
8 6 3 0.10197841812400636;
8 6 4 0.08895989666136725;
8 6 5 0.11065743243243244;
8 6 6 0.12150620031796504;
8 6 7 0.1301852146263911;
8 6 8 0.10197841812400636;
9 1 1 0.08858656597774243;
9 1 2 0.09243815580286167;
9 1 3 0.07895759141494434;
9 1 4 0.09051236089030205;
9 1 5 0.08280918124006358;
9 1 6 0.08088338632750396;
9 1 7 0.10399292527821939;
9 1 8 0.07703179650238473;
9 2 1 0.0875608306836248;
9 2 2 0.06084735691573926;
9 2 3 0.08162450317965025;
9 2 4 0.05936327503974564;
9 2 5 0.07568817567567568;
9 2 6 0.08310858505564389;
9 2 7 0.06826776629570748;
9 2 8 0.06975184817170112;
9 3 1 0.07701331478537361;
9 3 2 0.07872472178060413;
9 3 3 0.07701331478537361;
9 3 4 0.09926160572337042;
9 3 5 0.08385894276629571;
9 3 6 0.09583879173290939;
9 3 7 0.0975501987281399;
9 3 8 0.09926160572337042;
9 4 1 0.10343847376788554;
9 4 2 0.11710015898251191;
9 4 3 0.09953513513513514;
9 4 4 0.09368012718600954;
9 4 5 0.10929348171701114;
9 4 6 0.11319682034976151;
9 4 7 0.09563179650238474;
9 4 8 0.08782511923688395;
9 5 1 0.10688716216216217;
9 5 2 0.08709324324324325;
9 5 3 0.0969902027027027;
9 5 4 0.11678412162162162;
9 5 5 0.09501081081081081;
9 5 6 0.08115506756756756;
9 5 7 0.11282533783783782;
9 5 8 0.08907263513513514;
9 6 1 0.0932994038155803;
9 6 2 0.08895989666136725;
9 6 3 0.10848767885532593;
9 6 4 0.10197841812400636;
9 6 5 0.09763891096979332;
9 6 6 0.10197841812400636;
9 6 7 0.12150620031796504;
9 6 8 0.1063179252782194;
10 1 1 0.11852957074721779;
10 1 2 0.10734753577106515;
10 1 3 0.09392909379968202;
10 1 4 0.1095839427662957;
10 1 5 0.11405675675675674;
10 1 6 0.08945627980922098;
10 1 7 0.12076597774244832;
10 1 8 0.12523879173290936;
10 2 1 0.09996009538950715;
10 2 2 0.074108346581876;
10 2 3 0.07583179650238475;
10 2 4 0.0896193958664547;
10 2 5 0.09823664546899841;
10 2 6 0.08789594594594595;
10 2 7 0.10340699523052464;
10 2 8 0.0706614467408585;
10 3 1 0.11725898251192368;
10 3 2 0.08545993640699523;
10 3 3 0.09539713831478537;
10 3 4 0.11725898251192368;
10 3 5 0.09142225755166931;
10 3 6 0.09937201907790143;
10 3 7 0.08148505564387916;
10 3 8 0.10930922098569158;
10 4 1 0.1269214626391097;
10 4 2 0.09972400635930048;
10 4 3 0.12238855325914151;
10 4 4 0.1291879173290938;
10 4 5 0.1201220985691574;
10 4 6 0.09065818759936407;
10 4 7 0.10652337042925278;
10 4 8 0.1314543720190779;
10 5 1 0.13791891891891891;
10 5 2 0.13562027027027027;
10 5 3 0.13102297297297297;
10 5 4 0.1264256756756757;
10 5 5 0.12412702702702703;
10 5 6 0.12182837837837839;
10 5 7 0.12872432432432432;
10 5 8 0.13791891891891891;
10 6 1 0.11086740858505566;
10 6 2 0.11086740858505566;
10 6 3 0.12598569157392686;
10 6 4 0.10834769475357711;
10 6 5 0.13606454689984104;
10 6 6 0.11338712241653419;
10 6 7 0.13354483306836248;
10 6 8 0.1007885532591415;
11 1 1 0.10751319554848965;
11 1 2 0.14416542130365656;
11 1 3 0.11973060413354529;
11 1 4 0.12461756756756755;
11 1 5 0.09773926868044513;
11 1 6 0.13439149443561207;
11 1 7 0.12950453100158982;
11 1 8 0.12461756756756755;
11 2 1 0.077204173290938;
11 2 2 0.07532114467408586;
11 2 3 0.08850234499205087;
11 2 4 0.10168354531001592;
11 2 5 0.11298171701112877;
11 2 6 0.10544960254372021;
11 2 7 0.077204173290938;
11 2 8 0.10544960254372021;
11 3 1 0.08685850556438793;
11 3 2 0.12160190779014311;
11 3 3 0.08902996820349761;
11 3 4 0.1194304451510334;
11 3 5 0.12160190779014311;
11 3 6 0.09988728139904611;
11 3 7 0.0912014308426073;
11 3 8 0.13028775834658188;
11 4 1 0.11886295707472178;
11 4 2 0.12381558028616851;
11 4 3 0.1361971383147854;
11 4 4 0.11886295707472178;
11 4 5 0.11886295707472178;
11 4 6 0.11143402225755167;
11 4 7 0.14610238473767884;
11 4 8 0.11886295707472178;
11 5 1 0.1280858108108108;
11 5 2 0.1305972972972973;
11 5 3 0.13562027027027027;
11 5 4 0.14817770270270267;
11 5 5 0.1456662162162162;
11 5 6 0.11552837837837837;
11 5 7 0.11803986486486485;
11 5 8 0.12055135135135135;
11 6 1 0.1266389507154213;
11 6 2 0.11837988871224166;
11 6 3 0.14866311605723373;
11 6 4 0.15692217806041334;
11 6 5 0.15692217806041334;
11 6 6 0.11287384737678854;
11 6 7 0.15416915739268683;
11 6 8 0.12939197138314784;
12 1 1 0.12217408585055642;
12 1 2 0.14172193958664545;
12 1 3 0.10995667726550078;
12 1 4 0.12706104928457868;
12 1 5 0.09773926868044513;
12 1 6 0.10751319554848965;
12 1 7 0.13439149443561207;
12 1 8 0.13439149443561207;
12 2 1 0.08661931637519873;
12 2 2 0.08661931637519873;
12 2 3 0.11109868839427661;
12 2 4 0.07532114467408586;
12 2 5 0.08285325914149444;
12 2 6 0.09038537360890303;
12 2 7 0.11109868839427661;
12 2 8 0.07532114467408586;
12 3 1 0.1259448330683625;
12 3 2 0.11291605723370429;
12 3 3 0.12377337042925277;
12 3 4 0.12377337042925277;
12 3 5 0.08685850556438793;
12 3 6 0.12811629570747216;
12 3 7 0.12377337042925277;
12 3 8 0.1085731319554849;
12 4 1 0.12629189189189188;
12 4 2 0.11391033386327504;
12 4 3 0.1361971383147854;
12 4 4 0.12876820349761525;
12 4 5 0.11391033386327504;
12 4 6 0.10400508744038155;
12 4 7 0.14610238473767884;
12 4 8 0.09905246422893482;
12 5 1 0.1456662162162162;
12 5 2 0.14817770270270267;
12 5 3 0.10799391891891892;
12 5 4 0.12055135135135135;
12 5 5 0.1331087837837838;
12 5 6 0.10799391891891892;
12 5 7 0.1105054054054054;
12 5 8 0.1456662162162162;
12 6 1 0.14591009538950717;
12 6 2 0.11012082670906201;
12 6 3 0.1431570747217806;
12 6 4 0.15416915739268683;
12 6 5 0.1596751987281399;
12 6 6 0.1321449920508744;
12 6 7 0.15141613672496027;
12 6 8 0.15416915739268683;
13 1 1 0.12480393481717007;
13 1 2 0.11970989666136722;
13 1 3 0.13244499205087437;
13 1 4 0.1273509538950715;
13 1 5 0.14518008744038152;
13 1 6 0.10188076311605722;
13 1 7 0.10188076311605722;
13 1 8 0.13499201112877582;
13 2 1 0.09421526232114467;
13 2 2 0.10010371621621622;
13 2 3 0.10599217011128777;
13 2 4 0.11384344197138313;
13 2 5 0.09225244435612082;
13 2 6 0.11384344197138313;
13 2 7 0.08636399046104928;
13 2 8 0.10402935214626391;
13 3 1 0.09506589825119237;
13 3 2 0.10638326709062003;
13 3 3 0.09053895071542131;
13 3 4 0.12222758346581876;
13 3 5 0.12449105723370431;
13 3 6 0.12901800476947536;
13 3 7 0.1177006359300477;
13 3 8 0.12449105723370431;
13 4 1 0.13422448330683626;
13 4 2 0.10841208267090618;
13 4 3 0.14971192368839426;
13 4 4 0.10324960254372019;
13 4 5 0.1548744038155803;
13 4 6 0.13164324324324325;
13 4 7 0.1213182829888712;
13 4 8 0.14454944356120827;
13 5 1 0.1335131756756757;
13 5 2 0.13613108108108107;
13 5 3 0.1413668918918919;
13 5 4 0.1544564189189189;
13 5 5 0.13874898648648648;
13 5 6 0.13874898648648648;
13 5 7 0.13089527027027026;
13 5 8 0.10995202702702701;
13 6 1 0.13774435612082672;
13 6 2 0.12052631160572337;
13 6 3 0.16931077106518283;
13 6 4 0.1721804451510334;
13 6 5 0.16357142289348173;
13 6 6 0.1262656597774245;
13 6 7 0.13200500794912562;
13 6 8 0.15496240063593006;
14 1 1 0.11571335453100158;
14 1 2 0.14201184419713828;
14 1 3 0.15516108903020664;
14 1 4 0.14464169316375197;
14 1 5 0.1051939586645469;
14 1 6 0.1130835055643879;
14 1 7 0.12886259936406994;
14 1 8 0.11571335453100158;
14 2 1 0.0993058227344992;
14 2 2 0.08917257551669316;
14 2 3 0.10133247217806042;
14 2 4 0.0993058227344992;
14 2 5 0.10943906995230525;
14 2 6 0.097279173290938;
14 2 7 0.08714592607313196;
14 2 8 0.11754566772655008;
14 3 1 0.10750580286168522;
14 3 2 0.12152829888712242;
14 3 3 0.11451705087440381;
14 3 4 0.14022496025437203;
14 3 5 0.1378878775834658;
14 3 6 0.11451705087440381;
14 3 7 0.11685413354531002;
14 3 8 0.10049455484896662;
14 4 1 0.1359243243243243;
14 4 2 0.15991096979332273;
14 4 3 0.1066073131955485;
14 4 4 0.12526359300476947;
14 4 5 0.14125468998410176;
14 4 6 0.11460286168521462;
14 4 7 0.1305939586645469;
14 4 8 0.11460286168521462;
14 5 1 0.15677635135135135;
14 5 2 0.14055810810810812;
14 5 3 0.15137027027027028;
14 5 4 0.12433986486486487;
14 5 5 0.1459641891891892;
14 5 6 0.1135277027027027;
14 5 7 0.14866722972972973;
14 5 8 0.1540733108108108;
14 6 1 0.1777798092209857;
14 6 2 0.15703883147853737;
14 6 3 0.17481681240063593;
14 6 4 0.17481681240063593;
14 6 5 0.12148286963434023;
14 6 6 0.15703883147853737;
14 6 7 0.17185381558028617;
14 6 8 0.1777798092209857;
15 1 1 0.15493330683624798;
15 1 2 0.12020687599364069;
15 1 3 0.14959077901430842;
15 1 4 0.1121930842607313;
15 1 5 0.10685055643879171;
15 1 6 0.12554940381558025;
15 1 7 0.12822066772655005;
15 1 8 0.13890572337042922;
15 2 1 0.10910395468998411;
15 2 2 0.08234260731319555;
15 2 3 0.10704538950715421;
15 2 4 0.10910395468998411;
15 2 5 0.10086969395866455;
15 2 6 0.08440117249602543;
15 2 7 0.10086969395866455;
15 2 8 0.0905768680445151;
15 3 1 0.13056379173290938;
15 3 2 0.14005934022257552;
15 3 3 0.1044510333863275;
15 3 4 0.13293767885532592;
15 3 5 0.10207714626391097;
15 3 6 0.14005934022257552;
15 3 7 0.13531156597774244;
15 3 8 0.11869435612082671;
15 4 1 0.1597220985691574;
15 4 2 0.16242925278219394;
15 4 3 0.13806486486486488;
15 4 4 0.14889348171701114;
15 4 5 0.1353577106518283;
15 4 6 0.13265055643879173;
15 4 7 0.14889348171701114;
15 4 8 0.13265055643879173;
15 5 1 0.16199087837837836;
15 5 2 0.12080675675675676;
15 5 3 0.11806114864864864;
15 5 4 0.1427716216216216;
15 5 5 0.14826283783783786;
15 5 6 0.12080675675675676;
15 5 7 0.1345347972972973;
15 5 8 0.13178918918918917;
15 6 1 0.1264056438791733;
15 6 2 0.13844427662957076;
15 6 3 0.14747325119236884;
15 6 4 0.18057949125596184;
15 6 5 0.12941530206677265;
15 6 6 0.15048290937996822;
15 6 7 0.1775698330683625;
15 6 8 0.1264056438791733;
16 1 1 0.12921462639109696;
16 1 2 0.13729054054054052;
16 1 3 0.15882631160572336;
16 1 4 0.15882631160572336;
16 1 5 0.13729054054054052;
16 1 6 0.15613434022257547;
16 1 7 0.15613434022257547;
16 1 8 0.15613434022257547;
16 2 1 0.11824781399046104;
16 2 2 0.1140987678855326;
16 2 3 0.1140987678855326;
16 2 4 0.09127901430842608;
16 2 5 0.1140987678855326;
16 2 6 0.08298092209856917;
16 2 7 0.10165162957074722;
16 2 8 0.12447138314785373;
16 3 1 0.14114507154213038;
16 3 2 0.13157591414944356;
16 3 3 0.10526073131955485;
16 3 4 0.11004531001589826;
16 3 5 0.11961446740858506;
16 3 6 0.12679133545310017;
16 3 7 0.11722217806041335;
16 3 8 0.10286844197138315;
16 4 1 0.13367885532591414;
16 4 2 0.15550397456279808;
16 4 3 0.15823211446740856;
16 4 4 0.12822257551669314;
16 4 5 0.14459141494435612;
16 4 6 0.14186327503974563;
16 4 7 0.14186327503974563;
16 4 8 0.10912559618441971;
16 5 1 0.1604797297297297;
16 5 2 0.1660135135135135;
16 5 3 0.13834459459459458;
16 5 4 0.1328108108108108;
16 5 5 0.1328108108108108;
16 5 6 0.15771283783783782;
16 5 7 0.1660135135135135;
16 5 8 0.14664527027027027;
16 6 1 0.13951748807631162;
16 6 2 0.1698473767885533;
16 6 3 0.1698473767885533;
16 6 4 0.1698473767885533;
16 6 5 0.1668143879173291;
16 6 6 0.16074841017488078;
16 6 7 0.17894634340222576;
16 6 8 0.17591335453100157;
17 1 1 0.13770468998410174;
17 1 2 0.15422925278219393;
17 1 3 0.159737440381558;
17 1 4 0.12944240858505562;
17 1 5 0.14596697138314785;
17 1 6 0.15698334658187593;
17 1 7 0.13770468998410174;
17 1 8 0.12393422098569155;
17 2 1 0.09975264308426073;
17 2 2 0.10824222972972973;
17 2 3 0.08914065977742448;
17 2 4 0.08914065977742448;
17 2 5 0.10824222972972973;
17 2 6 0.12734379968203496;
17 2 7 0.09126305643879173;
17 2 8 0.11673181637519874;
17 3 1 0.1370597774244833;
17 3 2 0.10768982511923689;
17 3 3 0.1223748012718601;
17 3 4 0.1370597774244833;
17 3 5 0.1223748012718601;
17 3 6 0.13461228139904613;
17 3 7 0.1223748012718601;
17 3 8 0.1419547694753577;
17 4 1 0.15351033386327506;
17 4 2 0.16188362480127186;
17 4 3 0.11164387917329094;
17 4 4 0.12001717011128775;
17 4 5 0.1507192368839428;
17 4 6 0.14234594594594593;
17 4 7 0.15351033386327506;
17 4 8 0.1563014308426073;
17 5 1 0.13587567567567566;
17 5 2 0.12172195945945945;
17 5 3 0.15852162162162162;
17 5 4 0.11322972972972974;
17 5 5 0.13021418918918917;
17 5 6 0.1188912162162162;
17 5 7 0.16135236486486484;
17 5 8 0.15852162162162162;
17 6 1 0.12722221780604132;
17 6 2 0.15514904610492847;
17 6 3 0.17686991255961843;
17 6 4 0.1520460651828299;
17 6 5 0.15514904610492847;
17 6 6 0.13963414149443562;
17 6 7 0.16756096979332277;
17 6 8 0.12411923688394277;
18 1 1 0.12764085850556436;
18 1 2 0.16371327503974561;
18 1 3 0.12486605723370428;
18 1 4 0.14428966613672495;
18 1 5 0.1581636724960254;
18 1 6 0.14706446740858506;
18 1 7 0.16371327503974561;
18 1 8 0.12209125596184417;
18 2 1 0.09194924483306836;
18 2 2 0.0855341812400636;
18 2 3 0.11333279014308428;
18 2 4 0.09408759936406996;
18 2 5 0.11333279014308428;
18 2 6 0.11974785373608904;
18 2 7 0.08981089030206678;
18 2 8 0.09836430842607313;
18 3 1 0.1356244038155803;
18 3 2 0.1282267090620032;
18 3 3 0.14548799682034977;
18 3 4 0.1282267090620032;
18 3 5 0.1479538950715421;
18 3 6 0.140556200317965;
18 3 7 0.12082901430842607;
18 3 8 0.09863593004769476;
18 4 1 0.11810747217806042;
18 4 2 0.14622829888712244;
18 4 3 0.168724960254372;
18 4 4 0.11248330683624802;
18 4 5 0.15747662957074723;
18 4 6 0.1321678855325914;
18 4 7 0.1321678855325914;
18 4 8 0.11810747217806042;
18 5 1 0.16541756756756756;
18 5 2 0.1597135135135135;
18 5 3 0.1169331081081081;
18 5 4 0.16541756756756756;
18 5 5 0.11408108108108109;
18 5 6 0.12834121621621622;
18 5 7 0.14260135135135135;
18 5 8 0.16256554054054054;
18 6 1 0.1594418918918919;
18 6 2 0.13130508744038158;
18 6 3 0.1406840222575517;
18 6 4 0.1594418918918919;
18 6 5 0.1375577106518283;
18 6 6 0.12505246422893482;
18 6 7 0.1594418918918919;
18 6 8 0.1375577106518283;
19 1 1 0.16860023847376784;
19 1 2 0.16860023847376784;
19 1 3 0.13716629570747213;
19 1 4 0.15145445151033385;
19 1 5 0.12287813990461047;
19 1 6 0.14288155802861682;
19 1 7 0.17145786963434018;
19 1 8 0.1571697138314785;
19 2 1 0.09249181240063593;
19 2 2 0.12772678855325914;
19 2 3 0.11231148648648648;
19 2 4 0.12772678855325914;
19 2 5 0.09689618441971383;
19 2 6 0.1211202305246423;
19 2 7 0.11451367249602545;
19 2 8 0.11010930047694754;
19 3 1 0.137133386327504;
19 3 2 0.137133386327504;
19 3 3 0.10158028616852147;
19 3 4 0.11681732909379969;
19 3 5 0.12189634340222574;
19 3 6 0.12951486486486485;
19 3 7 0.14221240063593005;
19 3 8 0.10158028616852147;
19 4 1 0.17086550079491256;
19 4 2 0.15638537360890303;
19 4 3 0.12163306836248013;
19 4 4 0.11873704292527822;
19 4 5 0.13321717011128775;
19 4 6 0.16507344992050874;
19 4 7 0.13900922098569157;
19 4 8 0.14769729729729728;
19 5 1 0.15273243243243245;
19 5 2 0.12629797297297296;
19 5 3 0.1468581081081081;
19 5 4 0.13804662162162162;
19 5 5 0.14098378378378376;
19 5 6 0.17622972972972972;
19 5 7 0.14392094594594596;
19 5 8 0.17329256756756756;
19 6 1 0.13844427662957073;
19 6 2 0.1609817170111288;
19 6 3 0.16742098569157396;
19 6 4 0.1448835453100159;
19 6 5 0.1448835453100159;
19 6 6 0.14810317965023848;
19 6 7 0.18995842607313196;
19 6 8 0.1320050079491256;
20 1 1 0.13528191573926865;
20 1 2 0.1640653020667726;
20 1 3 0.12089022257551667;
20 1 4 0.14103859300476945;
20 1 5 0.12664689984101749;
20 1 6 0.12664689984101749;
20 1 7 0.1640653020667726;
20 1 8 0.13528191573926865;
20 2 1 0.09094389904610492;
20 2 2 0.09094389904610492;
20 2 3 0.1242160572337043;
20 2 4 0.11534348171701113;
20 2 5 0.0998164745627981;
20 2 6 0.12199791335453102;
20 2 7 0.11090719395866455;
20 2 8 0.11756162559618442;
20 3 1 0.12789546899841017;
20 3 2 0.12789546899841017;
20 3 3 0.1304533783783784;
20 3 4 0.11766383147853737;
20 3 5 0.1304533783783784;
20 3 6 0.10999010333863274;
20 3 7 0.15347456279809218;
20 3 8 0.1406850158982512;
20 4 1 0.15751860095389508;
20 4 2 0.13709952305246423;
20 4 3 0.1429335453100159;
20 4 4 0.15751860095389508;
20 4 5 0.14876756756756757;
20 4 6 0.1254314785373609;
20 4 7 0.17502066772655006;
20 4 8 0.11959745627980921;
20 5 1 0.17158986486486483;
20 5 2 0.1686314189189189;
20 5 3 0.1745483108108108;
20 5 4 0.12129628378378376;
20 5 5 0.13904695945945944;
20 5 6 0.13904695945945944;
20 5 7 0.13017162162162163;
20 5 8 0.16567297297297298;
20 6 1 0.13296156597774245;
20 6 2 0.17187714626391098;
20 6 3 0.18809197138314784;
20 6 4 0.1556623211446741;
20 6 5 0.1945779014308426;
20 6 6 0.18809197138314784;
20 6 7 0.17512011128775837;
20 6 8 0.17836307631160575;
]

global d = [
1 1 1 0;
1 1 2 0;
1 1 3 186;
1 1 4 0;
1 1 5 93;
1 1 6 153;
1 1 7 62;
1 1 8 229;
1 2 1 268;
1 2 2 0;
1 2 3 103;
1 2 4 0;
1 2 5 209;
1 2 6 107;
1 2 7 273;
1 2 8 224;
1 3 1 165;
1 3 2 215;
1 3 3 0;
1 3 4 0;
1 3 5 0;
1 3 6 222;
1 3 7 284;
1 3 8 0;
1 4 1 129;
1 4 2 124;
1 4 3 131;
1 4 4 299;
1 4 5 276;
1 4 6 206;
1 4 7 114;
1 4 8 85;
1 5 1 154;
1 5 2 159;
1 5 3 108;
1 5 4 244;
1 5 5 0;
1 5 6 244;
1 5 7 298;
1 5 8 232;
1 6 1 189;
1 6 2 157;
1 6 3 237;
1 6 4 198;
1 6 5 77;
1 6 6 128;
1 6 7 245;
1 6 8 216;
2 1 1 192;
2 1 2 172;
2 1 3 283;
2 1 4 0;
2 1 5 177;
2 1 6 256;
2 1 7 106;
2 1 8 216;
2 2 1 191;
2 2 2 0;
2 2 3 75;
2 2 4 173;
2 2 5 101;
2 2 6 186;
2 2 7 58;
2 2 8 161;
2 3 1 0;
2 3 2 148;
2 3 3 113;
2 3 4 62;
2 3 5 149;
2 3 6 236;
2 3 7 217;
2 3 8 149;
2 4 1 122;
2 4 2 300;
2 4 3 0;
2 4 4 104;
2 4 5 241;
2 4 6 0;
2 4 7 50;
2 4 8 267;
2 5 1 145;
2 5 2 0;
2 5 3 212;
2 5 4 54;
2 5 5 85;
2 5 6 172;
2 5 7 87;
2 5 8 254;
2 6 1 115;
2 6 2 153;
2 6 3 255;
2 6 4 166;
2 6 5 178;
2 6 6 189;
2 6 7 278;
2 6 8 184;
3 1 1 194;
3 1 2 53;
3 1 3 101;
3 1 4 187;
3 1 5 0;
3 1 6 74;
3 1 7 293;
3 1 8 0;
3 2 1 126;
3 2 2 74;
3 2 3 239;
3 2 4 100;
3 2 5 254;
3 2 6 0;
3 2 7 104;
3 2 8 0;
3 3 1 0;
3 3 2 157;
3 3 3 0;
3 3 4 138;
3 3 5 143;
3 3 6 95;
3 3 7 185;
3 3 8 74;
3 4 1 0;
3 4 2 61;
3 4 3 0;
3 4 4 226;
3 4 5 56;
3 4 6 193;
3 4 7 269;
3 4 8 148;
3 5 1 149;
3 5 2 159;
3 5 3 85;
3 5 4 0;
3 5 5 281;
3 5 6 105;
3 5 7 176;
3 5 8 157;
3 6 1 0;
3 6 2 0;
3 6 3 0;
3 6 4 119;
3 6 5 292;
3 6 6 292;
3 6 7 236;
3 6 8 0;
4 1 1 0;
4 1 2 134;
4 1 3 175;
4 1 4 62;
4 1 5 196;
4 1 6 102;
4 1 7 164;
4 1 8 55;
4 2 1 153;
4 2 2 239;
4 2 3 224;
4 2 4 61;
4 2 5 96;
4 2 6 146;
4 2 7 226;
4 2 8 125;
4 3 1 131;
4 3 2 170;
4 3 3 138;
4 3 4 222;
4 3 5 220;
4 3 6 0;
4 3 7 203;
4 3 8 194;
4 4 1 83;
4 4 2 56;
4 4 3 238;
4 4 4 119;
4 4 5 273;
4 4 6 0;
4 4 7 81;
4 4 8 202;
4 5 1 114;
4 5 2 75;
4 5 3 248;
4 5 4 250;
4 5 5 0;
4 5 6 276;
4 5 7 83;
4 5 8 179;
4 6 1 97;
4 6 2 56;
4 6 3 297;
4 6 4 229;
4 6 5 96;
4 6 6 101;
4 6 7 64;
4 6 8 83;
5 1 1 251;
5 1 2 0;
5 1 3 246;
5 1 4 200;
5 1 5 282;
5 1 6 85;
5 1 7 0;
5 1 8 118;
5 2 1 105;
5 2 2 247;
5 2 3 198;
5 2 4 273;
5 2 5 239;
5 2 6 261;
5 2 7 0;
5 2 8 177;
5 3 1 259;
5 3 2 0;
5 3 3 262;
5 3 4 178;
5 3 5 88;
5 3 6 260;
5 3 7 0;
5 3 8 0;
5 4 1 0;
5 4 2 0;
5 4 3 255;
5 4 4 290;
5 4 5 98;
5 4 6 52;
5 4 7 118;
5 4 8 252;
5 5 1 50;
5 5 2 105;
5 5 3 0;
5 5 4 139;
5 5 5 65;
5 5 6 63;
5 5 7 231;
5 5 8 206;
5 6 1 264;
5 6 2 161;
5 6 3 214;
5 6 4 0;
5 6 5 187;
5 6 6 264;
5 6 7 211;
5 6 8 142;
6 1 1 61;
6 1 2 63;
6 1 3 264;
6 1 4 283;
6 1 5 227;
6 1 6 227;
6 1 7 75;
6 1 8 73;
6 2 1 139;
6 2 2 0;
6 2 3 142;
6 2 4 138;
6 2 5 0;
6 2 6 218;
6 2 7 244;
6 2 8 233;
6 3 1 0;
6 3 2 0;
6 3 3 206;
6 3 4 280;
6 3 5 0;
6 3 6 159;
6 3 7 179;
6 3 8 110;
6 4 1 234;
6 4 2 0;
6 4 3 220;
6 4 4 196;
6 4 5 157;
6 4 6 192;
6 4 7 234;
6 4 8 229;
6 5 1 82;
6 5 2 253;
6 5 3 0;
6 5 4 295;
6 5 5 241;
6 5 6 126;
6 5 7 0;
6 5 8 82;
6 6 1 220;
6 6 2 199;
6 6 3 0;
6 6 4 300;
6 6 5 67;
6 6 6 0;
6 6 7 0;
6 6 8 132;
7 1 1 85;
7 1 2 185;
7 1 3 200;
7 1 4 0;
7 1 5 228;
7 1 6 129;
7 1 7 167;
7 1 8 0;
7 2 1 100;
7 2 2 134;
7 2 3 258;
7 2 4 195;
7 2 5 247;
7 2 6 76;
7 2 7 260;
7 2 8 282;
7 3 1 0;
7 3 2 275;
7 3 3 197;
7 3 4 101;
7 3 5 187;
7 3 6 275;
7 3 7 183;
7 3 8 264;
7 4 1 172;
7 4 2 160;
7 4 3 101;
7 4 4 144;
7 4 5 114;
7 4 6 123;
7 4 7 228;
7 4 8 195;
7 5 1 216;
7 5 2 0;
7 5 3 232;
7 5 4 114;
7 5 5 149;
7 5 6 288;
7 5 7 160;
7 5 8 105;
7 6 1 209;
7 6 2 0;
7 6 3 299;
7 6 4 139;
7 6 5 0;
7 6 6 51;
7 6 7 252;
7 6 8 153;
8 1 1 267;
8 1 2 279;
8 1 3 223;
8 1 4 80;
8 1 5 250;
8 1 6 234;
8 1 7 294;
8 1 8 201;
8 2 1 135;
8 2 2 92;
8 2 3 170;
8 2 4 176;
8 2 5 0;
8 2 6 279;
8 2 7 0;
8 2 8 274;
8 3 1 225;
8 3 2 134;
8 3 3 0;
8 3 4 155;
8 3 5 58;
8 3 6 239;
8 3 7 0;
8 3 8 181;
8 4 1 200;
8 4 2 228;
8 4 3 54;
8 4 4 251;
8 4 5 65;
8 4 6 168;
8 4 7 88;
8 4 8 280;
8 5 1 86;
8 5 2 77;
8 5 3 115;
8 5 4 239;
8 5 5 118;
8 5 6 0;
8 5 7 250;
8 5 8 183;
8 6 1 213;
8 6 2 230;
8 6 3 209;
8 6 4 250;
8 6 5 65;
8 6 6 240;
8 6 7 192;
8 6 8 86;
9 1 1 111;
9 1 2 246;
9 1 3 212;
9 1 4 0;
9 1 5 75;
9 1 6 0;
9 1 7 202;
9 1 8 51;
9 2 1 209;
9 2 2 253;
9 2 3 285;
9 2 4 167;
9 2 5 214;
9 2 6 238;
9 2 7 204;
9 2 8 227;
9 3 1 123;
9 3 2 0;
9 3 3 161;
9 3 4 0;
9 3 5 83;
9 3 6 58;
9 3 7 158;
9 3 8 212;
9 4 1 0;
9 4 2 109;
9 4 3 131;
9 4 4 251;
9 4 5 61;
9 4 6 50;
9 4 7 251;
9 4 8 95;
9 5 1 79;
9 5 2 213;
9 5 3 242;
9 5 4 108;
9 5 5 0;
9 5 6 259;
9 5 7 0;
9 5 8 201;
9 6 1 217;
9 6 2 208;
9 6 3 284;
9 6 4 281;
9 6 5 0;
9 6 6 171;
9 6 7 226;
9 6 8 121;
10 1 1 0;
10 1 2 188;
10 1 3 51;
10 1 4 90;
10 1 5 0;
10 1 6 57;
10 1 7 103;
10 1 8 57;
10 2 1 79;
10 2 2 115;
10 2 3 292;
10 2 4 114;
10 2 5 121;
10 2 6 222;
10 2 7 219;
10 2 8 212;
10 3 1 0;
10 3 2 231;
10 3 3 162;
10 3 4 0;
10 3 5 204;
10 3 6 76;
10 3 7 250;
10 3 8 133;
10 4 1 213;
10 4 2 289;
10 4 3 144;
10 4 4 246;
10 4 5 219;
10 4 6 0;
10 4 7 123;
10 4 8 295;
10 5 1 259;
10 5 2 0;
10 5 3 186;
10 5 4 235;
10 5 5 191;
10 5 6 266;
10 5 7 54;
10 5 8 0;
10 6 1 260;
10 6 2 0;
10 6 3 147;
10 6 4 151;
10 6 5 52;
10 6 6 225;
10 6 7 63;
10 6 8 265;
11 1 1 295;
11 1 2 275;
11 1 3 175;
11 1 4 169;
11 1 5 218;
11 1 6 186;
11 1 7 195;
11 1 8 243;
11 2 1 0;
11 2 2 78;
11 2 3 243;
11 2 4 172;
11 2 5 280;
11 2 6 191;
11 2 7 0;
11 2 8 133;
11 3 1 0;
11 3 2 292;
11 3 3 127;
11 3 4 255;
11 3 5 57;
11 3 6 55;
11 3 7 192;
11 3 8 96;
11 4 1 191;
11 4 2 207;
11 4 3 0;
11 4 4 82;
11 4 5 0;
11 4 6 176;
11 4 7 222;
11 4 8 151;
11 5 1 193;
11 5 2 104;
11 5 3 95;
11 5 4 63;
11 5 5 188;
11 5 6 64;
11 5 7 262;
11 5 8 269;
11 6 1 91;
11 6 2 141;
11 6 3 205;
11 6 4 123;
11 6 5 125;
11 6 6 70;
11 6 7 244;
11 6 8 92;
12 1 1 128;
12 1 2 126;
12 1 3 259;
12 1 4 290;
12 1 5 170;
12 1 6 140;
12 1 7 275;
12 1 8 78;
12 2 1 209;
12 2 2 183;
12 2 3 183;
12 2 4 229;
12 2 5 186;
12 2 6 198;
12 2 7 257;
12 2 8 272;
12 3 1 57;
12 3 2 266;
12 3 3 0;
12 3 4 174;
12 3 5 0;
12 3 6 258;
12 3 7 165;
12 3 8 243;
12 4 1 105;
12 4 2 215;
12 4 3 115;
12 4 4 223;
12 4 5 116;
12 4 6 57;
12 4 7 253;
12 4 8 268;
12 5 1 140;
12 5 2 0;
12 5 3 97;
12 5 4 160;
12 5 5 84;
12 5 6 123;
12 5 7 127;
12 5 8 152;
12 6 1 0;
12 6 2 0;
12 6 3 0;
12 6 4 230;
12 6 5 243;
12 6 6 228;
12 6 7 260;
12 6 8 245;
13 1 1 162;
13 1 2 110;
13 1 3 190;
13 1 4 0;
13 1 5 253;
13 1 6 234;
13 1 7 73;
13 1 8 182;
13 2 1 216;
13 2 2 0;
13 2 3 178;
13 2 4 175;
13 2 5 231;
13 2 6 188;
13 2 7 130;
13 2 8 235;
13 3 1 173;
13 3 2 267;
13 3 3 232;
13 3 4 234;
13 3 5 163;
13 3 6 106;
13 3 7 189;
13 3 8 108;
13 4 1 0;
13 4 2 289;
13 4 3 0;
13 4 4 235;
13 4 5 243;
13 4 6 142;
13 4 7 186;
13 4 8 219;
13 5 1 176;
13 5 2 292;
13 5 3 120;
13 5 4 0;
13 5 5 133;
13 5 6 190;
13 5 7 265;
13 5 8 61;
13 6 1 0;
13 6 2 110;
13 6 3 0;
13 6 4 239;
13 6 5 229;
13 6 6 157;
13 6 7 104;
13 6 8 147;
14 1 1 247;
14 1 2 167;
14 1 3 239;
14 1 4 97;
14 1 5 280;
14 1 6 90;
14 1 7 150;
14 1 8 107;
14 2 1 141;
14 2 2 263;
14 2 3 170;
14 2 4 128;
14 2 5 162;
14 2 6 62;
14 2 7 266;
14 2 8 70;
14 3 1 94;
14 3 2 0;
14 3 3 279;
14 3 4 178;
14 3 5 239;
14 3 6 204;
14 3 7 108;
14 3 8 244;
14 4 1 0;
14 4 2 77;
14 4 3 226;
14 4 4 99;
14 4 5 132;
14 4 6 55;
14 4 7 0;
14 4 8 234;
14 5 1 0;
14 5 2 0;
14 5 3 183;
14 5 4 0;
14 5 5 103;
14 5 6 221;
14 5 7 275;
14 5 8 161;
14 6 1 99;
14 6 2 0;
14 6 3 171;
14 6 4 136;
14 6 5 166;
14 6 6 225;
14 6 7 298;
14 6 8 0;
15 1 1 267;
15 1 2 70;
15 1 3 0;
15 1 4 90;
15 1 5 167;
15 1 6 137;
15 1 7 247;
15 1 8 124;
15 2 1 0;
15 2 2 137;
15 2 3 224;
15 2 4 0;
15 2 5 124;
15 2 6 257;
15 2 7 218;
15 2 8 127;
15 3 1 0;
15 3 2 0;
15 3 3 160;
15 3 4 240;
15 3 5 0;
15 3 6 138;
15 3 7 148;
15 3 8 291;
15 4 1 0;
15 4 2 65;
15 4 3 119;
15 4 4 238;
15 4 5 266;
15 4 6 0;
15 4 7 167;
15 4 8 226;
15 5 1 76;
15 5 2 106;
15 5 3 132;
15 5 4 141;
15 5 5 237;
15 5 6 0;
15 5 7 0;
15 5 8 0;
15 6 1 138;
15 6 2 0;
15 6 3 229;
15 6 4 0;
15 6 5 154;
15 6 6 183;
15 6 7 124;
15 6 8 156;
16 1 1 292;
16 1 2 0;
16 1 3 145;
16 1 4 283;
16 1 5 143;
16 1 6 242;
16 1 7 267;
16 1 8 284;
16 2 1 137;
16 2 2 69;
16 2 3 225;
16 2 4 204;
16 2 5 257;
16 2 6 154;
16 2 7 236;
16 2 8 0;
16 3 1 178;
16 3 2 0;
16 3 3 51;
16 3 4 236;
16 3 5 117;
16 3 6 211;
16 3 7 187;
16 3 8 209;
16 4 1 207;
16 4 2 71;
16 4 3 189;
16 4 4 233;
16 4 5 207;
16 4 6 69;
16 4 7 0;
16 4 8 251;
16 5 1 246;
16 5 2 166;
16 5 3 254;
16 5 4 150;
16 5 5 0;
16 5 6 0;
16 5 7 136;
16 5 8 76;
16 6 1 0;
16 6 2 123;
16 6 3 119;
16 6 4 298;
16 6 5 53;
16 6 6 59;
16 6 7 216;
16 6 8 99;
17 1 1 0;
17 1 2 108;
17 1 3 199;
17 1 4 214;
17 1 5 165;
17 1 6 97;
17 1 7 0;
17 1 8 243;
17 2 1 171;
17 2 2 270;
17 2 3 52;
17 2 4 0;
17 2 5 94;
17 2 6 210;
17 2 7 75;
17 2 8 0;
17 3 1 0;
17 3 2 138;
17 3 3 166;
17 3 4 202;
17 3 5 68;
17 3 6 220;
17 3 7 180;
17 3 8 191;
17 4 1 0;
17 4 2 235;
17 4 3 276;
17 4 4 0;
17 4 5 0;
17 4 6 187;
17 4 7 173;
17 4 8 0;
17 5 1 106;
17 5 2 0;
17 5 3 150;
17 5 4 125;
17 5 5 0;
17 5 6 0;
17 5 7 277;
17 5 8 0;
17 6 1 121;
17 6 2 223;
17 6 3 120;
17 6 4 140;
17 6 5 243;
17 6 6 0;
17 6 7 200;
17 6 8 291;
18 1 1 267;
18 1 2 285;
18 1 3 60;
18 1 4 108;
18 1 5 77;
18 1 6 227;
18 1 7 68;
18 1 8 197;
18 2 1 175;
18 2 2 247;
18 2 3 95;
18 2 4 64;
18 2 5 276;
18 2 6 158;
18 2 7 194;
18 2 8 157;
18 3 1 183;
18 3 2 140;
18 3 3 113;
18 3 4 269;
18 3 5 54;
18 3 6 0;
18 3 7 160;
18 3 8 215;
18 4 1 207;
18 4 2 146;
18 4 3 0;
18 4 4 276;
18 4 5 277;
18 4 6 175;
18 4 7 223;
18 4 8 256;
18 5 1 101;
18 5 2 0;
18 5 3 0;
18 5 4 173;
18 5 5 129;
18 5 6 0;
18 5 7 52;
18 5 8 131;
18 6 1 55;
18 6 2 181;
18 6 3 245;
18 6 4 168;
18 6 5 183;
18 6 6 0;
18 6 7 233;
18 6 8 0;
19 1 1 179;
19 1 2 0;
19 1 3 0;
19 1 4 141;
19 1 5 242;
19 1 6 144;
19 1 7 169;
19 1 8 83;
19 2 1 199;
19 2 2 235;
19 2 3 152;
19 2 4 94;
19 2 5 140;
19 2 6 0;
19 2 7 107;
19 2 8 295;
19 3 1 230;
19 3 2 218;
19 3 3 0;
19 3 4 115;
19 3 5 292;
19 3 6 128;
19 3 7 221;
19 3 8 266;
19 4 1 244;
19 4 2 141;
19 4 3 287;
19 4 4 276;
19 4 5 271;
19 4 6 0;
19 4 7 137;
19 4 8 138;
19 5 1 50;
19 5 2 230;
19 5 3 80;
19 5 4 0;
19 5 5 171;
19 5 6 94;
19 5 7 293;
19 5 8 199;
19 6 1 50;
19 6 2 173;
19 6 3 280;
19 6 4 179;
19 6 5 86;
19 6 6 279;
19 6 7 300;
19 6 8 101;
20 1 1 296;
20 1 2 192;
20 1 3 148;
20 1 4 78;
20 1 5 202;
20 1 6 252;
20 1 7 73;
20 1 8 207;
20 2 1 189;
20 2 2 0;
20 2 3 0;
20 2 4 86;
20 2 5 167;
20 2 6 103;
20 2 7 86;
20 2 8 0;
20 3 1 221;
20 3 2 298;
20 3 3 288;
20 3 4 112;
20 3 5 120;
20 3 6 0;
20 3 7 211;
20 3 8 70;
20 4 1 209;
20 4 2 184;
20 4 3 0;
20 4 4 52;
20 4 5 110;
20 4 6 186;
20 4 7 285;
20 4 8 0;
20 5 1 277;
20 5 2 245;
20 5 3 58;
20 5 4 184;
20 5 5 146;
20 5 6 181;
20 5 7 0;
20 5 8 81;
20 6 1 296;
20 6 2 191;
20 6 3 169;
20 6 4 290;
20 6 5 81;
20 6 6 267;
20 6 7 192;
20 6 8 98;
]

global Cap_c = [
1 1 1 16765.0;
1 1 2 16765.0;
1 1 3 16765.0;
1 1 4 16765.0;
1 1 5 16765.0;
1 1 6 16765.0;
1 1 7 16765.0;
1 1 8 16765.0;
1 2 1 16765.0;
1 2 2 16765.0;
1 2 3 16765.0;
1 2 4 16765.0;
1 2 5 16765.0;
1 2 6 16765.0;
1 2 7 16765.0;
1 2 8 16765.0;
2 1 1 16765.0;
2 1 2 16765.0;
2 1 3 16765.0;
2 1 4 16765.0;
2 1 5 16765.0;
2 1 6 16765.0;
2 1 7 16765.0;
2 1 8 16765.0;
2 2 1 16765.0;
2 2 2 16765.0;
2 2 3 16765.0;
2 2 4 16765.0;
2 2 5 16765.0;
2 2 6 16765.0;
2 2 7 16765.0;
2 2 8 16765.0;
3 1 1 16765.0;
3 1 2 16765.0;
3 1 3 16765.0;
3 1 4 16765.0;
3 1 5 16765.0;
3 1 6 16765.0;
3 1 7 16765.0;
3 1 8 16765.0;
3 2 1 16765.0;
3 2 2 16765.0;
3 2 3 16765.0;
3 2 4 16765.0;
3 2 5 16765.0;
3 2 6 16765.0;
3 2 7 16765.0;
3 2 8 16765.0;
4 1 1 16765.0;
4 1 2 16765.0;
4 1 3 16765.0;
4 1 4 16765.0;
4 1 5 16765.0;
4 1 6 16765.0;
4 1 7 16765.0;
4 1 8 16765.0;
4 2 1 16765.0;
4 2 2 16765.0;
4 2 3 16765.0;
4 2 4 16765.0;
4 2 5 16765.0;
4 2 6 16765.0;
4 2 7 16765.0;
4 2 8 16765.0;
5 1 1 16765.0;
5 1 2 16765.0;
5 1 3 16765.0;
5 1 4 16765.0;
5 1 5 16765.0;
5 1 6 16765.0;
5 1 7 16765.0;
5 1 8 16765.0;
5 2 1 16765.0;
5 2 2 16765.0;
5 2 3 16765.0;
5 2 4 16765.0;
5 2 5 16765.0;
5 2 6 16765.0;
5 2 7 16765.0;
5 2 8 16765.0;
6 1 1 16765.0;
6 1 2 16765.0;
6 1 3 16765.0;
6 1 4 16765.0;
6 1 5 16765.0;
6 1 6 16765.0;
6 1 7 16765.0;
6 1 8 16765.0;
6 2 1 16765.0;
6 2 2 16765.0;
6 2 3 16765.0;
6 2 4 16765.0;
6 2 5 16765.0;
6 2 6 16765.0;
6 2 7 16765.0;
6 2 8 16765.0;
]

global Cap_p = [2.003052e6 2.003052e6 2.003052e6 2.003052e6 2.003052e6 2.003052e6 2.003052e6 2.003052e6; 1.706304e6 1.706304e6 1.706304e6 1.706304e6 1.706304e6 1.706304e6 1.706304e6 1.706304e6]
#-----------------------------------------