###################################################
# Classe 23 : K = 6, M = 2, T = 10, N = 10
# Exemplo: 10.   c23ex10.dat          Semente: 9879
#-----------------------Dados----------------------
global K = 6
global M = 2
global T = 10
global N = 10

global L = [540, 460]

global l = [50, 53, 72, 78, 80, 85, 86, 112, 117, 131]

global Q1 = 1e5
global Q2 = 1e5

global rho = [2.0, 2.0, 2.0, 2.0, 2.0, 2.0]

global b = [1080.0 920.0; 1080.0 920.0; 1080.0 920.0; 1080.0 920.0; 1080.0 920.0; 1080.0 920.0]

global f = [43.2 36.8; 43.2 36.8; 43.2 36.8; 43.2 36.8; 43.2 36.8; 43.2 36.8]

global c_km = [29.16 31.28; 30.24 44.16; 36.72 19.32; 45.36 23.0; 39.96 18.4; 46.44 21.16]

global p_km = [3.324 3.566; 3.447 5.034; 4.186 2.202; 5.171 2.622; 4.555 2.098; 5.294 2.412]

global c_x = [
1 1 1 23.112;
1 1 2 23.112;
1 1 3 23.112;
1 1 4 23.112;
1 1 5 23.112;
1 1 6 23.112;
1 1 7 23.112;
1 1 8 23.112;
1 1 9 23.112;
1 1 10 23.112;
1 2 1 19.044;
1 2 2 19.044;
1 2 3 19.044;
1 2 4 19.044;
1 2 5 19.044;
1 2 6 19.044;
1 2 7 19.044;
1 2 8 19.044;
1 2 9 19.044;
1 2 10 19.044;
2 1 1 18.576;
2 1 2 18.576;
2 1 3 18.576;
2 1 4 18.576;
2 1 5 18.576;
2 1 6 18.576;
2 1 7 18.576;
2 1 8 18.576;
2 1 9 18.576;
2 1 10 18.576;
2 2 1 15.824;
2 2 2 15.824;
2 2 3 15.824;
2 2 4 15.824;
2 2 5 15.824;
2 2 6 15.824;
2 2 7 15.824;
2 2 8 15.824;
2 2 9 15.824;
2 2 10 15.824;
3 1 1 17.28;
3 1 2 17.28;
3 1 3 17.28;
3 1 4 17.28;
3 1 5 17.28;
3 1 6 17.28;
3 1 7 17.28;
3 1 8 17.28;
3 1 9 17.28;
3 1 10 17.28;
3 2 1 14.995;
3 2 2 14.995;
3 2 3 14.995;
3 2 4 14.995;
3 2 5 14.995;
3 2 6 14.995;
3 2 7 14.995;
3 2 8 14.995;
3 2 9 14.995;
3 2 10 14.995;
4 1 1 24.084;
4 1 2 24.084;
4 1 3 24.084;
4 1 4 24.084;
4 1 5 24.084;
4 1 6 24.084;
4 1 7 24.084;
4 1 8 24.084;
4 1 9 24.084;
4 1 10 24.084;
4 2 1 17.572;
4 2 2 17.572;
4 2 3 17.572;
4 2 4 17.572;
4 2 5 17.572;
4 2 6 17.572;
4 2 7 17.572;
4 2 8 17.572;
4 2 9 17.572;
4 2 10 17.572;
5 1 1 24.516;
5 1 2 24.516;
5 1 3 24.516;
5 1 4 24.516;
5 1 5 24.516;
5 1 6 24.516;
5 1 7 24.516;
5 1 8 24.516;
5 1 9 24.516;
5 1 10 24.516;
5 2 1 23.0;
5 2 2 23.0;
5 2 3 23.0;
5 2 4 23.0;
5 2 5 23.0;
5 2 6 23.0;
5 2 7 23.0;
5 2 8 23.0;
5 2 9 23.0;
5 2 10 23.0;
6 1 1 21.168;
6 1 2 21.168;
6 1 3 21.168;
6 1 4 21.168;
6 1 5 21.168;
6 1 6 21.168;
6 1 7 21.168;
6 1 8 21.168;
6 1 9 21.168;
6 1 10 21.168;
6 2 1 14.26;
6 2 2 14.26;
6 2 3 14.26;
6 2 4 14.26;
6 2 5 14.26;
6 2 6 14.26;
6 2 7 14.26;
6 2 8 14.26;
6 2 9 14.26;
6 2 10 14.26;
]

global c_z = [
1 1 1 0.832;
1 1 2 0.832;
1 1 3 0.832;
1 1 4 0.832;
1 1 5 0.832;
1 1 6 0.832;
1 1 7 0.832;
1 1 8 0.832;
1 1 9 0.832;
1 1 10 0.832;
1 2 1 0.876;
1 2 2 0.876;
1 2 3 0.876;
1 2 4 0.876;
1 2 5 0.876;
1 2 6 0.876;
1 2 7 0.876;
1 2 8 0.876;
1 2 9 0.876;
1 2 10 0.876;
2 1 1 0.799;
2 1 2 0.799;
2 1 3 0.799;
2 1 4 0.799;
2 1 5 0.799;
2 1 6 0.799;
2 1 7 0.799;
2 1 8 0.799;
2 1 9 0.799;
2 1 10 0.799;
2 2 1 0.522;
2 2 2 0.522;
2 2 3 0.522;
2 2 4 0.522;
2 2 5 0.522;
2 2 6 0.522;
2 2 7 0.522;
2 2 8 0.522;
2 2 9 0.522;
2 2 10 0.522;
3 1 1 0.553;
3 1 2 0.553;
3 1 3 0.553;
3 1 4 0.553;
3 1 5 0.553;
3 1 6 0.553;
3 1 7 0.553;
3 1 8 0.553;
3 1 9 0.553;
3 1 10 0.553;
3 2 1 0.45;
3 2 2 0.45;
3 2 3 0.45;
3 2 4 0.45;
3 2 5 0.45;
3 2 6 0.45;
3 2 7 0.45;
3 2 8 0.45;
3 2 9 0.45;
3 2 10 0.45;
4 1 1 1.108;
4 1 2 1.108;
4 1 3 1.108;
4 1 4 1.108;
4 1 5 1.108;
4 1 6 1.108;
4 1 7 1.108;
4 1 8 1.108;
4 1 9 1.108;
4 1 10 1.108;
4 2 1 0.72;
4 2 2 0.72;
4 2 3 0.72;
4 2 4 0.72;
4 2 5 0.72;
4 2 6 0.72;
4 2 7 0.72;
4 2 8 0.72;
4 2 9 0.72;
4 2 10 0.72;
5 1 1 1.005;
5 1 2 1.005;
5 1 3 1.005;
5 1 4 1.005;
5 1 5 1.005;
5 1 6 1.005;
5 1 7 1.005;
5 1 8 1.005;
5 1 9 1.005;
5 1 10 1.005;
5 2 1 0.897;
5 2 2 0.897;
5 2 3 0.897;
5 2 4 0.897;
5 2 5 0.897;
5 2 6 0.897;
5 2 7 0.897;
5 2 8 0.897;
5 2 9 0.897;
5 2 10 0.897;
6 1 1 0.783;
6 1 2 0.783;
6 1 3 0.783;
6 1 4 0.783;
6 1 5 0.783;
6 1 6 0.783;
6 1 7 0.783;
6 1 8 0.783;
6 1 9 0.783;
6 1 10 0.783;
6 2 1 0.642;
6 2 2 0.642;
6 2 3 0.642;
6 2 4 0.642;
6 2 5 0.642;
6 2 6 0.642;
6 2 7 0.642;
6 2 8 0.642;
6 2 9 0.642;
6 2 10 0.642;
]

global c_y = [
1 1 1 3.467;
1 1 2 3.467;
1 1 3 3.467;
1 1 4 3.467;
1 1 5 3.467;
1 1 6 3.467;
1 1 7 3.467;
1 1 8 3.467;
1 1 9 3.467;
1 1 10 3.467;
1 2 1 1.904;
1 2 2 1.904;
1 2 3 1.904;
1 2 4 1.904;
1 2 5 1.904;
1 2 6 1.904;
1 2 7 1.904;
1 2 8 1.904;
1 2 9 1.904;
1 2 10 1.904;
2 1 1 2.601;
2 1 2 2.601;
2 1 3 2.601;
2 1 4 2.601;
2 1 5 2.601;
2 1 6 2.601;
2 1 7 2.601;
2 1 8 2.601;
2 1 9 2.601;
2 1 10 2.601;
2 2 1 1.582;
2 2 2 1.582;
2 2 3 1.582;
2 2 4 1.582;
2 2 5 1.582;
2 2 6 1.582;
2 2 7 1.582;
2 2 8 1.582;
2 2 9 1.582;
2 2 10 1.582;
3 1 1 2.419;
3 1 2 2.419;
3 1 3 2.419;
3 1 4 2.419;
3 1 5 2.419;
3 1 6 2.419;
3 1 7 2.419;
3 1 8 2.419;
3 1 9 2.419;
3 1 10 2.419;
3 2 1 1.949;
3 2 2 1.949;
3 2 3 1.949;
3 2 4 1.949;
3 2 5 1.949;
3 2 6 1.949;
3 2 7 1.949;
3 2 8 1.949;
3 2 9 1.949;
3 2 10 1.949;
4 1 1 3.131;
4 1 2 3.131;
4 1 3 3.131;
4 1 4 3.131;
4 1 5 3.131;
4 1 6 3.131;
4 1 7 3.131;
4 1 8 3.131;
4 1 9 3.131;
4 1 10 3.131;
4 2 1 2.284;
4 2 2 2.284;
4 2 3 2.284;
4 2 4 2.284;
4 2 5 2.284;
4 2 6 2.284;
4 2 7 2.284;
4 2 8 2.284;
4 2 9 2.284;
4 2 10 2.284;
5 1 1 3.432;
5 1 2 3.432;
5 1 3 3.432;
5 1 4 3.432;
5 1 5 3.432;
5 1 6 3.432;
5 1 7 3.432;
5 1 8 3.432;
5 1 9 3.432;
5 1 10 3.432;
5 2 1 2.3;
5 2 2 2.3;
5 2 3 2.3;
5 2 4 2.3;
5 2 5 2.3;
5 2 6 2.3;
5 2 7 2.3;
5 2 8 2.3;
5 2 9 2.3;
5 2 10 2.3;
6 1 1 2.752;
6 1 2 2.752;
6 1 3 2.752;
6 1 4 2.752;
6 1 5 2.752;
6 1 6 2.752;
6 1 7 2.752;
6 1 8 2.752;
6 1 9 2.752;
6 1 10 2.752;
6 2 1 1.854;
6 2 2 1.854;
6 2 3 1.854;
6 2 4 1.854;
6 2 5 1.854;
6 2 6 1.854;
6 2 7 1.854;
6 2 8 1.854;
6 2 9 1.854;
6 2 10 1.854;
]

global c_sc = [
1 1 1 0.128;
1 1 2 0.128;
1 1 3 0.128;
1 1 4 0.128;
1 1 5 0.128;
1 1 6 0.128;
1 1 7 0.128;
1 1 8 0.128;
1 1 9 0.128;
1 1 10 0.128;
1 2 1 0.084;
1 2 2 0.084;
1 2 3 0.084;
1 2 4 0.084;
1 2 5 0.084;
1 2 6 0.084;
1 2 7 0.084;
1 2 8 0.084;
1 2 9 0.084;
1 2 10 0.084;
2 1 1 0.094;
2 1 2 0.094;
2 1 3 0.094;
2 1 4 0.094;
2 1 5 0.094;
2 1 6 0.094;
2 1 7 0.094;
2 1 8 0.094;
2 1 9 0.094;
2 1 10 0.094;
2 2 1 0.07;
2 2 2 0.07;
2 2 3 0.07;
2 2 4 0.07;
2 2 5 0.07;
2 2 6 0.07;
2 2 7 0.07;
2 2 8 0.07;
2 2 9 0.07;
2 2 10 0.07;
3 1 1 0.106;
3 1 2 0.106;
3 1 3 0.106;
3 1 4 0.106;
3 1 5 0.106;
3 1 6 0.106;
3 1 7 0.106;
3 1 8 0.106;
3 1 9 0.106;
3 1 10 0.106;
3 2 1 0.068;
3 2 2 0.068;
3 2 3 0.068;
3 2 4 0.068;
3 2 5 0.068;
3 2 6 0.068;
3 2 7 0.068;
3 2 8 0.068;
3 2 9 0.068;
3 2 10 0.068;
4 1 1 0.128;
4 1 2 0.128;
4 1 3 0.128;
4 1 4 0.128;
4 1 5 0.128;
4 1 6 0.128;
4 1 7 0.128;
4 1 8 0.128;
4 1 9 0.128;
4 1 10 0.128;
4 2 1 0.091;
4 2 2 0.091;
4 2 3 0.091;
4 2 4 0.091;
4 2 5 0.091;
4 2 6 0.091;
4 2 7 0.091;
4 2 8 0.091;
4 2 9 0.091;
4 2 10 0.091;
5 1 1 0.113;
5 1 2 0.113;
5 1 3 0.113;
5 1 4 0.113;
5 1 5 0.113;
5 1 6 0.113;
5 1 7 0.113;
5 1 8 0.113;
5 1 9 0.113;
5 1 10 0.113;
5 2 1 0.11;
5 2 2 0.11;
5 2 3 0.11;
5 2 4 0.11;
5 2 5 0.11;
5 2 6 0.11;
5 2 7 0.11;
5 2 8 0.11;
5 2 9 0.11;
5 2 10 0.11;
6 1 1 0.091;
6 1 2 0.091;
6 1 3 0.091;
6 1 4 0.091;
6 1 5 0.091;
6 1 6 0.091;
6 1 7 0.091;
6 1 8 0.091;
6 1 9 0.091;
6 1 10 0.091;
6 2 1 0.082;
6 2 2 0.082;
6 2 3 0.082;
6 2 4 0.082;
6 2 5 0.082;
6 2 6 0.082;
6 2 7 0.082;
6 2 8 0.082;
6 2 9 0.082;
6 2 10 0.082;
]

global c_w = [
1 1 1 0.67;
1 1 2 0.67;
1 1 3 0.67;
1 1 4 0.67;
1 1 5 0.67;
1 1 6 0.67;
1 1 7 0.67;
1 1 8 0.67;
1 1 9 0.67;
1 1 10 0.67;
1 2 1 0.267;
1 2 2 0.267;
1 2 3 0.267;
1 2 4 0.267;
1 2 5 0.267;
1 2 6 0.267;
1 2 7 0.267;
1 2 8 0.267;
1 2 9 0.267;
1 2 10 0.267;
2 1 1 0.353;
2 1 2 0.353;
2 1 3 0.353;
2 1 4 0.353;
2 1 5 0.353;
2 1 6 0.353;
2 1 7 0.353;
2 1 8 0.353;
2 1 9 0.353;
2 1 10 0.353;
2 2 1 0.475;
2 2 2 0.475;
2 2 3 0.475;
2 2 4 0.475;
2 2 5 0.475;
2 2 6 0.475;
2 2 7 0.475;
2 2 8 0.475;
2 2 9 0.475;
2 2 10 0.475;
3 1 1 0.346;
3 1 2 0.346;
3 1 3 0.346;
3 1 4 0.346;
3 1 5 0.346;
3 1 6 0.346;
3 1 7 0.346;
3 1 8 0.346;
3 1 9 0.346;
3 1 10 0.346;
3 2 1 0.435;
3 2 2 0.435;
3 2 3 0.435;
3 2 4 0.435;
3 2 5 0.435;
3 2 6 0.435;
3 2 7 0.435;
3 2 8 0.435;
3 2 9 0.435;
3 2 10 0.435;
4 1 1 0.241;
4 1 2 0.241;
4 1 3 0.241;
4 1 4 0.241;
4 1 5 0.241;
4 1 6 0.241;
4 1 7 0.241;
4 1 8 0.241;
4 1 9 0.241;
4 1 10 0.241;
4 2 1 0.474;
4 2 2 0.474;
4 2 3 0.474;
4 2 4 0.474;
4 2 5 0.474;
4 2 6 0.474;
4 2 7 0.474;
4 2 8 0.474;
4 2 9 0.474;
4 2 10 0.474;
5 1 1 0.417;
5 1 2 0.417;
5 1 3 0.417;
5 1 4 0.417;
5 1 5 0.417;
5 1 6 0.417;
5 1 7 0.417;
5 1 8 0.417;
5 1 9 0.417;
5 1 10 0.417;
5 2 1 0.575;
5 2 2 0.575;
5 2 3 0.575;
5 2 4 0.575;
5 2 5 0.575;
5 2 6 0.575;
5 2 7 0.575;
5 2 8 0.575;
5 2 9 0.575;
5 2 10 0.575;
6 1 1 0.593;
6 1 2 0.593;
6 1 3 0.593;
6 1 4 0.593;
6 1 5 0.593;
6 1 6 0.593;
6 1 7 0.593;
6 1 8 0.593;
6 1 9 0.593;
6 1 10 0.593;
6 2 1 0.314;
6 2 2 0.314;
6 2 3 0.314;
6 2 4 0.314;
6 2 5 0.314;
6 2 6 0.314;
6 2 7 0.314;
6 2 8 0.314;
6 2 9 0.314;
6 2 10 0.314;
]

global c_e = [
1 1 1 0.05586248012718601;
1 1 2 0.05213831478537362;
1 1 3 0.0530693561208267;
1 1 4 0.046552066772655006;
1 1 5 0.05586248012718601;
1 1 6 0.05027623211446741;
1 1 7 0.04375894276629571;
1 1 8 0.042827901430842606;
1 1 9 0.04189686009538951;
1 1 10 0.038172694753577104;
1 2 1 0.03620031796502385;
1 2 2 0.038668521462639105;
1 2 3 0.033732114467408585;
1 2 4 0.035377583465818756;
1 2 5 0.038668521462639105;
1 2 6 0.04525039745627981;
1 2 7 0.04854133545310016;
1 2 8 0.04195945945945946;
1 2 9 0.03620031796502385;
1 2 10 0.04195945945945946;
1 3 1 0.032593402225755165;
1 3 2 0.0403537360890302;
1 3 3 0.0395777027027027;
1 3 4 0.031041335453100158;
1 3 5 0.036473569157392687;
1 3 6 0.04345786963434022;
1 3 7 0.0403537360890302;
1 3 8 0.032593402225755165;
1 3 9 0.03181736883942766;
1 3 10 0.04656200317965024;
1 4 1 0.02912857710651828;
1 4 2 0.04262718600953895;
1 4 3 0.02912857710651828;
1 4 4 0.028418124006359298;
1 4 5 0.040495826709061995;
1 4 6 0.041916732909379965;
1 4 7 0.03907492050874404;
1 4 8 0.04120627980922098;
1 4 9 0.03125993640699523;
1 4 10 0.03907492050874404;
1 5 1 0.05914149443561208;
1 5 2 0.03942766295707472;
1 5 3 0.05322734499205087;
1 5 4 0.05125596184419713;
1 5 5 0.04435612082670906;
1 5 6 0.04337042925278219;
1 5 7 0.056184419713831465;
1 5 8 0.04139904610492846;
1 5 9 0.057170111287758334;
1 5 10 0.04435612082670906;
1 6 1 0.04686406995230524;
1 6 2 0.052271462639109686;
1 6 3 0.0531726947535771;
1 6 4 0.04686406995230524;
1 6 5 0.05407392686804451;
1 6 6 0.04145667726550079;
1 6 7 0.0531726947535771;
1 6 8 0.04145667726550079;
1 6 9 0.04145667726550079;
1 6 10 0.04055544515103338;
2 1 1 0.053292806041335454;
2 1 2 0.05822732511923688;
2 1 3 0.04638447933227345;
2 1 4 0.052305902225755166;
2 1 5 0.05921422893481716;
2 1 6 0.0503320945945946;
2 1 7 0.05526661367249603;
2 1 8 0.042436864069952306;
2 1 9 0.040463056438791736;
2 1 10 0.039476152623211455;
2 2 1 0.03924443561208267;
2 2 2 0.04011653418124007;
2 2 3 0.048837519872814;
2 2 4 0.048837519872814;
2 2 5 0.03924443561208267;
2 2 6 0.03488394276629571;
2 2 7 0.0357560413354531;
2 2 8 0.0357560413354531;
2 2 9 0.038372337042925274;
2 2 10 0.04622122416534181;
2 3 1 0.048533127980922096;
2 3 2 0.048533127980922096;
2 3 3 0.03537160174880763;
2 3 4 0.04688793720190778;
2 3 5 0.03290381558028617;
2 3 6 0.044420151033386326;
2 3 7 0.03701679252782194;
2 3 8 0.03619419713831478;
2 3 9 0.048533127980922096;
2 3 10 0.046065341812400636;
2 4 1 0.03087629173290938;
2 4 2 0.039160174880763114;
2 4 3 0.043678656597774236;
2 4 4 0.031629372019077895;
2 4 5 0.04141941573926868;
2 4 6 0.04141941573926868;
2 4 7 0.04518481717011128;
2 4 8 0.042172496025437205;
2 4 9 0.03087629173290938;
2 4 10 0.04443173688394276;
2 5 1 0.04388298887122416;
2 5 2 0.061645151033386324;
2 5 3 0.05746581875993641;
2 5 4 0.053286486486486484;
2 5 5 0.053286486486486484;
2 5 6 0.053286486486486484;
2 5 7 0.0626899841017488;
2 5 8 0.05433131955484897;
2 5 9 0.053286486486486484;
2 5 10 0.059555484896661355;
2 6 1 0.055407750397456275;
2 6 2 0.043944077901430845;
2 6 3 0.04012285373608902;
2 6 4 0.038212241653418126;
2 6 5 0.04012285373608902;
2 6 6 0.04012285373608902;
2 6 7 0.05254183227344992;
2 6 8 0.05254183227344992;
2 6 9 0.041078159777424475;
2 6 10 0.038212241653418126;
3 1 1 0.07776057233704292;
3 1 2 0.06971637519872814;
3 1 3 0.06569427662957075;
3 1 4 0.06837567567567568;
3 1 5 0.0710570747217806;
3 1 6 0.07373847376788553;
3 1 7 0.07507917329093801;
3 1 8 0.060331478537360886;
3 1 9 0.07776057233704292;
3 1 10 0.06301287758346581;
3 2 1 0.053313195548489664;
3 2 2 0.05568267090620031;
3 2 3 0.06042162162162162;
3 2 4 0.05212845786963434;
3 2 5 0.054497933227344995;
3 2 6 0.06634531001589826;
3 2 7 0.06989952305246422;
3 2 8 0.06989952305246422;
3 2 9 0.049758982511923684;
3 2 10 0.053313195548489664;
3 3 1 0.061461844197138314;
3 3 2 0.04693449920508744;
3 3 3 0.05140445151033387;
3 3 4 0.06369682034976153;
3 3 5 0.0592268680445151;
3 3 6 0.05587440381558028;
3 3 7 0.05252193958664546;
3 3 8 0.06034435612082671;
3 3 9 0.04916947535771065;
3 3 10 0.06593179650238473;
3 4 1 0.0531987281399046;
3 4 2 0.04194515103338632;
3 4 3 0.051152623211446736;
3 4 4 0.059337042925278215;
3 4 5 0.060360095389507144;
3 4 6 0.05217567567567567;
3 4 7 0.0501295707472178;
3 4 8 0.060360095389507144;
3 4 9 0.05217567567567567;
3 4 10 0.057290937996820356;
3 5 1 0.08516375198728138;
3 5 2 0.05819523052464228;
3 5 3 0.0837443561208267;
3 5 4 0.08516375198728138;
3 5 5 0.06245341812400635;
3 5 6 0.08232496025437201;
3 5 7 0.0567758346581876;
3 5 8 0.07522798092209856;
3 5 9 0.07664737678855325;
3 5 10 0.08090556438791732;
3 6 1 0.06229316375198728;
3 6 2 0.054506518282988865;
3 6 3 0.07527090620031796;
3 6 4 0.06748426073131955;
3 6 5 0.05839984101748807;
3 6 6 0.06748426073131955;
3 6 7 0.0648887122416534;
3 6 8 0.07786645468998409;
3 6 9 0.07267535771065184;
3 6 10 0.057102066772655;
4 1 1 0.06100182829888712;
4 1 2 0.06100182829888712;
4 1 3 0.07697849761526233;
4 1 4 0.07407364864864865;
4 1 5 0.07697849761526233;
4 1 6 0.07552607313195549;
4 1 7 0.07116879968203497;
4 1 8 0.07262122416534181;
4 1 9 0.06100182829888712;
4 1 10 0.08569304451510333;
4 2 1 0.060322893481717;
4 2 2 0.05133863275039746;
4 2 3 0.05262209856915739;
4 2 4 0.06802368839427664;
4 2 5 0.06674022257551669;
4 2 6 0.07572448330683623;
4 2 7 0.06674022257551669;
4 2 8 0.053905564387917326;
4 2 9 0.06160635930047694;
4 2 10 0.07187408585055645;
4 3 1 0.05447754372019078;
4 3 2 0.07263672496025436;
4 3 3 0.06779427662957076;
4 3 4 0.05205631955484896;
4 3 5 0.06779427662957076;
4 3 6 0.06295182829888712;
4 3 7 0.06537305246422893;
4 3 8 0.06295182829888712;
4 3 9 0.06295182829888712;
4 3 10 0.05205631955484896;
4 4 1 0.06539010333863274;
4 4 2 0.0531987281399046;
4 4 3 0.050982114467408586;
4 4 4 0.054307034976152614;
4 4 5 0.045440580286168514;
4 4 6 0.06539010333863274;
4 4 7 0.04987380763116057;
4 4 8 0.050982114467408586;
4 4 9 0.06206518282988872;
4 4 10 0.048765500794912556;
4 5 1 0.06919554848966614;
4 5 2 0.06304483306836246;
4 5 3 0.08149697933227346;
4 5 4 0.07534626391096978;
4 5 5 0.08457233704292529;
4 5 6 0.08918537360890301;
4 5 7 0.0861100158982512;
4 5 8 0.06765786963434021;
4 5 9 0.07842162162162161;
4 5 10 0.07842162162162161;
4 6 1 0.0759197933227345;
4 6 2 0.07170202702702702;
4 6 3 0.07873163751987282;
4 6 4 0.06748426073131955;
4 6 5 0.07170202702702702;
4 6 6 0.07873163751987282;
4 6 7 0.0562368839427663;
4 6 8 0.07451387122416533;
4 6 9 0.07170202702702702;
4 6 10 0.06607833863275038;
5 1 1 0.08789030206677265;
5 1 2 0.06554531001589825;
5 1 3 0.07299364069952306;
5 1 4 0.06703497615262322;
5 1 5 0.07746263910969793;
5 1 6 0.08044197138314786;
5 1 7 0.08044197138314786;
5 1 8 0.07597297297297297;
5 1 9 0.06852464228934818;
5 1 10 0.07001430842607312;
5 2 1 0.07634976152623212;
5 2 2 0.06713513513513512;
5 2 3 0.061869634340222565;
5 2 4 0.05923688394276629;
5 2 5 0.05792050874403816;
5 2 6 0.0724006359300477;
5 2 7 0.0724006359300477;
5 2 8 0.05792050874403816;
5 2 9 0.0724006359300477;
5 2 10 0.05660413354531001;
5 3 1 0.07449920508744037;
5 3 2 0.06580763116057234;
5 3 3 0.06332432432432432;
5 3 4 0.06084101748807631;
5 3 5 0.059599364069952296;
5 3 6 0.07077424483306835;
5 3 7 0.0571160572337043;
5 3 8 0.062082670906200316;
5 3 9 0.05587440381558028;
5 3 10 0.058357710651828286;
5 4 1 0.04546899841017488;
5 4 2 0.046605723370429245;
5 4 3 0.057972972972972964;
5 4 4 0.06593004769475357;
5 4 5 0.06024642289348172;
5 4 6 0.06820349761526232;
5 4 7 0.051152623211446736;
5 4 8 0.054562798092209853;
5 4 9 0.06251987281399046;
5 4 10 0.05569952305246423;
5 5 1 0.06308426073131955;
5 5 2 0.07254689984101749;
5 5 3 0.08674085850556439;
5 5 4 0.07727821939586646;
5 5 5 0.07254689984101749;
5 5 6 0.0709697933227345;
5 5 7 0.07412400635930046;
5 5 8 0.07727821939586646;
5 5 9 0.09462639109697932;
5 5 10 0.08200953895071542;
5 6 1 0.0836343402225755;
5 6 2 0.08219236883942764;
5 6 3 0.06056279809220985;
5 6 4 0.07642448330683625;
5 6 5 0.06921462639109698;
5 6 6 0.07498251192368839;
5 6 7 0.0620047694753577;
5 6 8 0.07209856915739268;
5 6 9 0.07209856915739268;
5 6 10 0.08075039745627981;
6 1 1 0.06647635135135134;
6 1 2 0.09180067567567567;
6 1 3 0.08388682432432433;
6 1 4 0.0854695945945946;
6 1 5 0.09180067567567567;
6 1 6 0.06964189189189189;
6 1 7 0.07755574324324324;
6 1 8 0.06647635135135134;
6 1 9 0.07439020270270269;
6 1 10 0.07122466216216217;
6 2 1 0.07972297297297297;
6 2 2 0.06573648648648647;
6 2 3 0.07692567567567568;
6 2 4 0.07412837837837838;
6 2 5 0.07972297297297297;
6 2 6 0.06293918918918918;
6 2 7 0.08252027027027027;
6 2 8 0.07832432432432432;
6 2 9 0.055945945945945944;
6 2 10 0.07133108108108108;
6 3 1 0.07123986486486487;
6 3 2 0.0791554054054054;
6 3 3 0.0791554054054054;
6 3 4 0.06200506756756756;
6 3 5 0.07651689189189188;
6 3 6 0.052770270270270266;
6 3 7 0.07651689189189188;
6 3 8 0.06860135135135136;
6 3 9 0.07123986486486487;
6 3 10 0.06992060810810811;
6 4 1 0.06401182432432433;
6 4 2 0.057972972972972964;
6 4 3 0.06401182432432433;
6 4 4 0.07125844594594594;
6 4 5 0.06038851351351351;
6 4 6 0.05072635135135134;
6 4 7 0.06159628378378378;
6 4 8 0.057972972972972964;
6 4 9 0.05555743243243243;
6 4 10 0.05555743243243243;
6 5 1 0.08713513513513513;
6 5 2 0.0821081081081081;
6 5 3 0.07205405405405405;
6 5 4 0.10054054054054053;
6 5 5 0.07708108108108108;
6 5 6 0.07875675675675674;
6 5 7 0.09216216216216216;
6 5 8 0.07205405405405405;
6 5 9 0.07875675675675674;
6 5 10 0.07205405405405405;
6 6 1 0.061283783783783775;
6 6 2 0.06588006756756756;
6 6 3 0.07660472972972972;
6 6 4 0.08426520270270271;
6 6 5 0.08120101351351351;
6 6 6 0.08120101351351351;
6 6 7 0.08579729729729729;
6 6 8 0.06281587837837838;
6 6 9 0.07354054054054053;
6 6 10 0.06894425675675675;
7 1 1 0.0752653815580286;
7 1 2 0.08167094594594594;
7 1 3 0.09127929252782194;
7 1 4 0.08327233704292528;
7 1 5 0.0736639904610493;
7 1 6 0.0752653815580286;
7 1 7 0.07686677265500795;
7 1 8 0.06405564387917329;
7 1 9 0.06725842607313195;
7 1 10 0.08647511923688395;
7 2 1 0.07783068362480128;
7 2 2 0.06792496025437202;
7 2 3 0.06792496025437202;
7 2 4 0.08349109697933227;
7 2 5 0.06367965023847377;
7 2 6 0.08066089030206676;
7 2 7 0.07217027027027027;
7 2 8 0.07217027027027027;
7 2 9 0.06226454689984102;
7 2 10 0.05943434022257551;
7 3 1 0.07741709062003178;
7 3 2 0.06940842607313195;
7 3 3 0.07608231319554848;
7 3 4 0.07608231319554848;
7 3 5 0.06540409379968203;
7 3 6 0.06406931637519872;
7 3 7 0.06807364864864865;
7 3 8 0.05739542925278219;
7 3 9 0.07341275834658188;
7 3 10 0.06807364864864865;
7 4 1 0.07331875993640699;
7 4 2 0.06965282193958663;
7 4 3 0.05987698728139904;
7 4 4 0.06598688394276629;
7 4 5 0.05376709062003179;
7 4 6 0.06476490461049285;
7 4 7 0.07209678060413353;
7 4 8 0.057433028616852136;
7 4 9 0.07209678060413353;
7 4 10 0.07331875993640699;
7 5 1 0.07459713831478537;
7 5 2 0.06951096979332272;
7 5 3 0.09833259141494434;
7 5 4 0.07120635930047693;
7 5 5 0.08476947535771065;
7 5 6 0.0779879173290938;
7 5 7 0.09494181240063593;
7 5 8 0.09494181240063593;
7 5 9 0.06781558028616852;
7 5 10 0.07629252782193958;
7 6 1 0.0759558426073132;
7 6 2 0.08835679650238472;
7 6 3 0.06355488871224164;
7 6 4 0.09145703497615261;
7 6 5 0.07440572337042925;
7 6 6 0.0759558426073132;
7 6 7 0.0759558426073132;
7 6 8 0.07285560413354529;
7 6 9 0.08060620031796502;
7 6 10 0.08215631955484896;
8 1 1 0.0896779014308426;
8 1 2 0.08759236883942766;
8 1 3 0.10427662957074722;
8 1 4 0.10844769475357711;
8 1 5 0.09593449920508744;
8 1 6 0.10010556438791733;
8 1 7 0.0938489666136725;
8 1 8 0.10427662957074722;
8 1 9 0.11053322734499205;
8 1 10 0.09802003179650239;
8 2 1 0.09214626391096979;
8 2 2 0.09214626391096979;
8 2 3 0.10136089030206678;
8 2 4 0.10873259141494435;
8 2 5 0.09583211446740858;
8 2 6 0.10136089030206678;
8 2 7 0.07555993640699522;
8 2 8 0.10136089030206678;
8 2 9 0.08477456279809222;
8 2 10 0.0866174880763116;
8 3 1 0.1008222575516693;
8 3 2 0.0990839427662957;
8 3 3 0.10256057233704291;
8 3 4 0.06953259141494436;
8 3 5 0.07996248012718601;
8 3 6 0.0956073131955485;
8 3 7 0.0973456279809221;
8 3 8 0.07996248012718601;
8 3 9 0.07648585055643879;
8 3 10 0.08517742448330683;
8 4 1 0.07797933227344991;
8 4 2 0.07797933227344991;
8 4 3 0.07002225755166931;
8 4 4 0.09389348171701112;
8 4 5 0.06524801271860094;
8 4 6 0.09548489666136724;
8 4 7 0.092302066772655;
8 4 8 0.07161367249602543;
8 4 9 0.0843449920508744;
8 4 10 0.09548489666136724;
8 5 1 0.09935771065182829;
8 5 2 0.10156565977742447;
8 5 3 0.08831796502384738;
8 5 4 0.11260540540540541;
8 5 5 0.11922925278219396;
8 5 6 0.10598155802861683;
8 5 7 0.09494181240063591;
8 5 8 0.12364515103338633;
8 5 9 0.13026899841017486;
8 5 10 0.13026899841017486;
8 6 1 0.1170880763116057;
8 6 2 0.08680667726550079;
8 6 3 0.08680667726550079;
8 6 4 0.09286295707472178;
8 6 5 0.1170880763116057;
8 6 6 0.11305055643879174;
8 6 7 0.08276915739268678;
8 6 8 0.11305055643879174;
8 6 9 0.08075039745627981;
8 6 10 0.08276915739268678;
9 1 1 0.08714546899841018;
9 1 2 0.1154677464228935;
9 1 3 0.09150274244833069;
9 1 4 0.09150274244833069;
9 1 5 0.11764638314785375;
9 1 6 0.13071820349761526;
9 1 7 0.11764638314785375;
9 1 8 0.119825019872814;
9 1 9 0.11111047297297298;
9 1 10 0.12636093004769475;
9 2 1 0.09433473767885532;
9 2 2 0.10203553259141494;
9 2 3 0.11551192368839427;
9 2 4 0.08855914149443561;
9 2 5 0.0847087440381558;
9 2 6 0.07893314785373609;
9 2 7 0.10396073131955486;
9 2 8 0.10973632750397455;
9 2 9 0.10396073131955486;
9 2 10 0.0827835453100159;
9 3 1 0.07263672496025438;
9 3 2 0.10169141494435613;
9 3 3 0.07626856120826708;
9 3 4 0.09261182432432433;
9 3 5 0.09987549682034977;
9 3 6 0.10895508744038156;
9 3 7 0.08534815182829887;
9 3 8 0.09987549682034977;
9 3 9 0.07626856120826708;
9 3 10 0.0799003974562798;
9 4 1 0.07813563195548488;
9 4 2 0.09974761526232113;
9 4 3 0.08312301271860095;
9 4 4 0.07481071144674085;
9 4 5 0.08811039348171701;
9 4 6 0.07481071144674085;
9 4 7 0.08146055246422892;
9 4 8 0.09642269475357709;
9 4 9 0.08312301271860095;
9 4 10 0.0698233306836248;
9 5 1 0.12685850556438794;
9 5 2 0.10379332273449919;
9 5 3 0.13147154213036563;
9 5 4 0.12224546899841017;
9 5 5 0.13147154213036563;
9 5 6 0.13839109697933227;
9 5 7 0.12685850556438794;
9 5 8 0.11301939586645468;
9 5 9 0.12455198728139905;
9 5 10 0.13147154213036563;
9 6 1 0.12653298887122416;
9 6 2 0.10122639109697931;
9 6 3 0.12442410572337043;
9 6 4 0.12442410572337043;
9 6 5 0.10966192368839427;
9 6 6 0.10122639109697931;
9 6 7 0.09700862480127186;
9 6 8 0.10333527424483306;
9 6 9 0.09068197535771065;
9 6 10 0.09911750794912558;
10 1 1 0.1292843998410175;
10 1 2 0.10489111685214626;
10 1 3 0.13904171303656596;
10 1 4 0.13172372813990463;
10 1 5 0.1292843998410175;
10 1 6 0.13660238473767888;
10 1 7 0.13904171303656596;
10 1 8 0.12196641494435612;
10 1 9 0.13660238473767888;
10 1 10 0.11952708664546899;
10 2 1 0.12071160572337045;
10 2 2 0.10131152623211445;
10 2 3 0.10131152623211445;
10 2 4 0.12502273449920506;
10 2 5 0.12071160572337045;
10 2 6 0.09700039745627981;
10 2 7 0.09268926868044515;
10 2 8 0.12071160572337045;
10 2 9 0.11208934817170112;
10 2 10 0.11424491255961845;
10 3 1 0.1138596184419714;
10 3 2 0.08742792130365659;
10 3 3 0.08132829888712242;
10 3 4 0.11182641096979333;
10 3 5 0.1077599960254372;
10 3 6 0.09962716613672495;
10 3 7 0.10166037360890301;
10 3 8 0.09759395866454688;
10 3 9 0.11589282591414941;
10 3 10 0.11792603338632748;
10 4 1 0.10237629173290938;
10 4 2 0.09120796899841016;
10 4 3 0.07445548489666137;
10 4 4 0.10982184022257549;
10 4 5 0.10051490461049285;
10 4 6 0.08562380763116058;
10 4 7 0.08376242050874404;
10 4 8 0.08376242050874404;
10 4 9 0.10609906597774242;
10 4 10 0.07445548489666137;
10 5 1 0.11621303656597774;
10 5 2 0.1317081081081081;
10 5 3 0.11621303656597774;
10 5 4 0.14720317965023844;
10 5 5 0.10330047694753577;
10 5 6 0.1291255961844197;
10 5 7 0.1342906200317965;
10 5 8 0.11621303656597774;
10 5 9 0.15236820349761523;
10 5 10 0.1446206677265501;
10 6 1 0.13695123211446739;
10 6 2 0.10389403815580285;
10 6 3 0.1157001788553259;
10 6 4 0.10153281001589824;
10 6 5 0.12750631955484898;
10 6 6 0.11333895071542129;
10 6 7 0.13459000397456275;
10 6 8 0.09917158187599362;
10 6 9 0.09444912559618442;
10 6 10 0.1322287758346582;
]

global d = [
1 1 1 136;
1 1 2 0;
1 1 3 0;
1 1 4 269;
1 1 5 190;
1 1 6 130;
1 1 7 127;
1 1 8 154;
1 1 9 97;
1 1 10 251;
1 2 1 56;
1 2 2 0;
1 2 3 0;
1 2 4 99;
1 2 5 251;
1 2 6 80;
1 2 7 0;
1 2 8 206;
1 2 9 218;
1 2 10 151;
1 3 1 76;
1 3 2 236;
1 3 3 99;
1 3 4 78;
1 3 5 266;
1 3 6 247;
1 3 7 208;
1 3 8 265;
1 3 9 0;
1 3 10 87;
1 4 1 88;
1 4 2 148;
1 4 3 237;
1 4 4 226;
1 4 5 141;
1 4 6 166;
1 4 7 103;
1 4 8 291;
1 4 9 0;
1 4 10 167;
1 5 1 117;
1 5 2 273;
1 5 3 128;
1 5 4 274;
1 5 5 0;
1 5 6 120;
1 5 7 54;
1 5 8 274;
1 5 9 116;
1 5 10 264;
1 6 1 279;
1 6 2 177;
1 6 3 270;
1 6 4 262;
1 6 5 61;
1 6 6 255;
1 6 7 262;
1 6 8 218;
1 6 9 197;
1 6 10 0;
2 1 1 224;
2 1 2 196;
2 1 3 51;
2 1 4 147;
2 1 5 0;
2 1 6 235;
2 1 7 171;
2 1 8 0;
2 1 9 88;
2 1 10 220;
2 2 1 71;
2 2 2 66;
2 2 3 285;
2 2 4 0;
2 2 5 279;
2 2 6 197;
2 2 7 110;
2 2 8 103;
2 2 9 110;
2 2 10 98;
2 3 1 0;
2 3 2 122;
2 3 3 173;
2 3 4 95;
2 3 5 0;
2 3 6 169;
2 3 7 0;
2 3 8 292;
2 3 9 0;
2 3 10 121;
2 4 1 88;
2 4 2 58;
2 4 3 61;
2 4 4 147;
2 4 5 193;
2 4 6 279;
2 4 7 0;
2 4 8 179;
2 4 9 0;
2 4 10 115;
2 5 1 0;
2 5 2 227;
2 5 3 88;
2 5 4 218;
2 5 5 111;
2 5 6 0;
2 5 7 98;
2 5 8 97;
2 5 9 272;
2 5 10 192;
2 6 1 298;
2 6 2 257;
2 6 3 105;
2 6 4 246;
2 6 5 191;
2 6 6 0;
2 6 7 251;
2 6 8 137;
2 6 9 152;
2 6 10 145;
3 1 1 126;
3 1 2 169;
3 1 3 0;
3 1 4 145;
3 1 5 186;
3 1 6 74;
3 1 7 74;
3 1 8 56;
3 1 9 0;
3 1 10 271;
3 2 1 273;
3 2 2 221;
3 2 3 126;
3 2 4 185;
3 2 5 149;
3 2 6 0;
3 2 7 180;
3 2 8 158;
3 2 9 0;
3 2 10 113;
3 3 1 121;
3 3 2 80;
3 3 3 60;
3 3 4 241;
3 3 5 85;
3 3 6 105;
3 3 7 294;
3 3 8 0;
3 3 9 289;
3 3 10 191;
3 4 1 186;
3 4 2 79;
3 4 3 64;
3 4 4 98;
3 4 5 55;
3 4 6 57;
3 4 7 264;
3 4 8 126;
3 4 9 0;
3 4 10 165;
3 5 1 282;
3 5 2 82;
3 5 3 0;
3 5 4 262;
3 5 5 103;
3 5 6 186;
3 5 7 127;
3 5 8 268;
3 5 9 140;
3 5 10 251;
3 6 1 259;
3 6 2 247;
3 6 3 157;
3 6 4 0;
3 6 5 212;
3 6 6 121;
3 6 7 132;
3 6 8 54;
3 6 9 185;
3 6 10 0;
4 1 1 0;
4 1 2 269;
4 1 3 274;
4 1 4 118;
4 1 5 59;
4 1 6 241;
4 1 7 231;
4 1 8 0;
4 1 9 175;
4 1 10 297;
4 2 1 253;
4 2 2 0;
4 2 3 237;
4 2 4 263;
4 2 5 108;
4 2 6 276;
4 2 7 171;
4 2 8 0;
4 2 9 216;
4 2 10 136;
4 3 1 56;
4 3 2 241;
4 3 3 178;
4 3 4 157;
4 3 5 298;
4 3 6 125;
4 3 7 0;
4 3 8 290;
4 3 9 84;
4 3 10 62;
4 4 1 172;
4 4 2 174;
4 4 3 156;
4 4 4 111;
4 4 5 216;
4 4 6 165;
4 4 7 50;
4 4 8 288;
4 4 9 176;
4 4 10 253;
4 5 1 118;
4 5 2 160;
4 5 3 197;
4 5 4 298;
4 5 5 0;
4 5 6 82;
4 5 7 288;
4 5 8 177;
4 5 9 147;
4 5 10 0;
4 6 1 274;
4 6 2 284;
4 6 3 157;
4 6 4 0;
4 6 5 51;
4 6 6 137;
4 6 7 279;
4 6 8 293;
4 6 9 295;
4 6 10 66;
5 1 1 222;
5 1 2 247;
5 1 3 86;
5 1 4 295;
5 1 5 51;
5 1 6 65;
5 1 7 71;
5 1 8 230;
5 1 9 254;
5 1 10 233;
5 2 1 91;
5 2 2 275;
5 2 3 274;
5 2 4 148;
5 2 5 187;
5 2 6 83;
5 2 7 246;
5 2 8 120;
5 2 9 105;
5 2 10 284;
5 3 1 119;
5 3 2 265;
5 3 3 56;
5 3 4 151;
5 3 5 286;
5 3 6 250;
5 3 7 278;
5 3 8 267;
5 3 9 223;
5 3 10 279;
5 4 1 192;
5 4 2 0;
5 4 3 136;
5 4 4 146;
5 4 5 112;
5 4 6 233;
5 4 7 286;
5 4 8 291;
5 4 9 0;
5 4 10 250;
5 5 1 0;
5 5 2 298;
5 5 3 0;
5 5 4 100;
5 5 5 101;
5 5 6 220;
5 5 7 136;
5 5 8 181;
5 5 9 64;
5 5 10 297;
5 6 1 115;
5 6 2 159;
5 6 3 110;
5 6 4 88;
5 6 5 88;
5 6 6 121;
5 6 7 118;
5 6 8 235;
5 6 9 191;
5 6 10 295;
6 1 1 70;
6 1 2 232;
6 1 3 132;
6 1 4 0;
6 1 5 265;
6 1 6 112;
6 1 7 189;
6 1 8 285;
6 1 9 79;
6 1 10 294;
6 2 1 95;
6 2 2 101;
6 2 3 150;
6 2 4 252;
6 2 5 122;
6 2 6 146;
6 2 7 257;
6 2 8 292;
6 2 9 63;
6 2 10 0;
6 3 1 127;
6 3 2 0;
6 3 3 0;
6 3 4 0;
6 3 5 211;
6 3 6 65;
6 3 7 0;
6 3 8 284;
6 3 9 209;
6 3 10 139;
6 4 1 139;
6 4 2 165;
6 4 3 247;
6 4 4 284;
6 4 5 175;
6 4 6 195;
6 4 7 54;
6 4 8 297;
6 4 9 209;
6 4 10 86;
6 5 1 59;
6 5 2 0;
6 5 3 77;
6 5 4 176;
6 5 5 0;
6 5 6 0;
6 5 7 186;
6 5 8 236;
6 5 9 237;
6 5 10 188;
6 6 1 0;
6 6 2 286;
6 6 3 129;
6 6 4 276;
6 6 5 142;
6 6 6 126;
6 6 7 0;
6 6 8 0;
6 6 9 219;
6 6 10 190;
7 1 1 0;
7 1 2 93;
7 1 3 122;
7 1 4 235;
7 1 5 56;
7 1 6 92;
7 1 7 94;
7 1 8 162;
7 1 9 259;
7 1 10 123;
7 2 1 51;
7 2 2 197;
7 2 3 0;
7 2 4 53;
7 2 5 110;
7 2 6 0;
7 2 7 214;
7 2 8 0;
7 2 9 117;
7 2 10 0;
7 3 1 0;
7 3 2 210;
7 3 3 116;
7 3 4 0;
7 3 5 134;
7 3 6 0;
7 3 7 196;
7 3 8 245;
7 3 9 208;
7 3 10 0;
7 4 1 210;
7 4 2 131;
7 4 3 281;
7 4 4 241;
7 4 5 150;
7 4 6 257;
7 4 7 68;
7 4 8 246;
7 4 9 0;
7 4 10 208;
7 5 1 138;
7 5 2 209;
7 5 3 253;
7 5 4 178;
7 5 5 222;
7 5 6 163;
7 5 7 129;
7 5 8 263;
7 5 9 143;
7 5 10 257;
7 6 1 294;
7 6 2 133;
7 6 3 127;
7 6 4 168;
7 6 5 201;
7 6 6 148;
7 6 7 186;
7 6 8 153;
7 6 9 153;
7 6 10 0;
8 1 1 266;
8 1 2 217;
8 1 3 188;
8 1 4 76;
8 1 5 0;
8 1 6 190;
8 1 7 114;
8 1 8 288;
8 1 9 296;
8 1 10 106;
8 2 1 276;
8 2 2 0;
8 2 3 0;
8 2 4 82;
8 2 5 0;
8 2 6 134;
8 2 7 289;
8 2 8 99;
8 2 9 177;
8 2 10 0;
8 3 1 0;
8 3 2 64;
8 3 3 106;
8 3 4 57;
8 3 5 244;
8 3 6 109;
8 3 7 163;
8 3 8 246;
8 3 9 159;
8 3 10 220;
8 4 1 116;
8 4 2 0;
8 4 3 117;
8 4 4 50;
8 4 5 225;
8 4 6 0;
8 4 7 0;
8 4 8 197;
8 4 9 291;
8 4 10 299;
8 5 1 0;
8 5 2 0;
8 5 3 291;
8 5 4 255;
8 5 5 63;
8 5 6 0;
8 5 7 209;
8 5 8 220;
8 5 9 153;
8 5 10 183;
8 6 1 82;
8 6 2 168;
8 6 3 95;
8 6 4 239;
8 6 5 192;
8 6 6 300;
8 6 7 70;
8 6 8 122;
8 6 9 96;
8 6 10 145;
9 1 1 71;
9 1 2 97;
9 1 3 99;
9 1 4 220;
9 1 5 173;
9 1 6 278;
9 1 7 93;
9 1 8 183;
9 1 9 73;
9 1 10 144;
9 2 1 0;
9 2 2 165;
9 2 3 211;
9 2 4 0;
9 2 5 0;
9 2 6 107;
9 2 7 0;
9 2 8 128;
9 2 9 153;
9 2 10 276;
9 3 1 81;
9 3 2 242;
9 3 3 0;
9 3 4 299;
9 3 5 294;
9 3 6 259;
9 3 7 95;
9 3 8 126;
9 3 9 92;
9 3 10 64;
9 4 1 225;
9 4 2 272;
9 4 3 192;
9 4 4 104;
9 4 5 63;
9 4 6 96;
9 4 7 0;
9 4 8 124;
9 4 9 63;
9 4 10 136;
9 5 1 69;
9 5 2 242;
9 5 3 187;
9 5 4 275;
9 5 5 299;
9 5 6 81;
9 5 7 130;
9 5 8 188;
9 5 9 188;
9 5 10 173;
9 6 1 233;
9 6 2 260;
9 6 3 127;
9 6 4 0;
9 6 5 0;
9 6 6 0;
9 6 7 291;
9 6 8 123;
9 6 9 146;
9 6 10 208;
10 1 1 201;
10 1 2 251;
10 1 3 266;
10 1 4 176;
10 1 5 166;
10 1 6 249;
10 1 7 64;
10 1 8 169;
10 1 9 230;
10 1 10 147;
10 2 1 242;
10 2 2 280;
10 2 3 221;
10 2 4 0;
10 2 5 199;
10 2 6 190;
10 2 7 126;
10 2 8 268;
10 2 9 221;
10 2 10 201;
10 3 1 0;
10 3 2 232;
10 3 3 177;
10 3 4 178;
10 3 5 101;
10 3 6 156;
10 3 7 214;
10 3 8 288;
10 3 9 134;
10 3 10 70;
10 4 1 203;
10 4 2 161;
10 4 3 300;
10 4 4 207;
10 4 5 98;
10 4 6 0;
10 4 7 200;
10 4 8 81;
10 4 9 150;
10 4 10 0;
10 5 1 210;
10 5 2 169;
10 5 3 144;
10 5 4 0;
10 5 5 0;
10 5 6 0;
10 5 7 201;
10 5 8 66;
10 5 9 0;
10 5 10 155;
10 6 1 214;
10 6 2 140;
10 6 3 0;
10 6 4 76;
10 6 5 60;
10 6 6 190;
10 6 7 216;
10 6 8 157;
10 6 9 78;
10 6 10 116;
]

global Cap_c = [
1 1 1 8145.0;
1 1 2 8145.0;
1 1 3 8145.0;
1 1 4 8145.0;
1 1 5 8145.0;
1 1 6 8145.0;
1 1 7 8145.0;
1 1 8 8145.0;
1 1 9 8145.0;
1 1 10 8145.0;
1 2 1 8145.0;
1 2 2 8145.0;
1 2 3 8145.0;
1 2 4 8145.0;
1 2 5 8145.0;
1 2 6 8145.0;
1 2 7 8145.0;
1 2 8 8145.0;
1 2 9 8145.0;
1 2 10 8145.0;
2 1 1 8145.0;
2 1 2 8145.0;
2 1 3 8145.0;
2 1 4 8145.0;
2 1 5 8145.0;
2 1 6 8145.0;
2 1 7 8145.0;
2 1 8 8145.0;
2 1 9 8145.0;
2 1 10 8145.0;
2 2 1 8145.0;
2 2 2 8145.0;
2 2 3 8145.0;
2 2 4 8145.0;
2 2 5 8145.0;
2 2 6 8145.0;
2 2 7 8145.0;
2 2 8 8145.0;
2 2 9 8145.0;
2 2 10 8145.0;
3 1 1 8145.0;
3 1 2 8145.0;
3 1 3 8145.0;
3 1 4 8145.0;
3 1 5 8145.0;
3 1 6 8145.0;
3 1 7 8145.0;
3 1 8 8145.0;
3 1 9 8145.0;
3 1 10 8145.0;
3 2 1 8145.0;
3 2 2 8145.0;
3 2 3 8145.0;
3 2 4 8145.0;
3 2 5 8145.0;
3 2 6 8145.0;
3 2 7 8145.0;
3 2 8 8145.0;
3 2 9 8145.0;
3 2 10 8145.0;
4 1 1 8145.0;
4 1 2 8145.0;
4 1 3 8145.0;
4 1 4 8145.0;
4 1 5 8145.0;
4 1 6 8145.0;
4 1 7 8145.0;
4 1 8 8145.0;
4 1 9 8145.0;
4 1 10 8145.0;
4 2 1 8145.0;
4 2 2 8145.0;
4 2 3 8145.0;
4 2 4 8145.0;
4 2 5 8145.0;
4 2 6 8145.0;
4 2 7 8145.0;
4 2 8 8145.0;
4 2 9 8145.0;
4 2 10 8145.0;
5 1 1 8145.0;
5 1 2 8145.0;
5 1 3 8145.0;
5 1 4 8145.0;
5 1 5 8145.0;
5 1 6 8145.0;
5 1 7 8145.0;
5 1 8 8145.0;
5 1 9 8145.0;
5 1 10 8145.0;
5 2 1 8145.0;
5 2 2 8145.0;
5 2 3 8145.0;
5 2 4 8145.0;
5 2 5 8145.0;
5 2 6 8145.0;
5 2 7 8145.0;
5 2 8 8145.0;
5 2 9 8145.0;
5 2 10 8145.0;
6 1 1 8145.0;
6 1 2 8145.0;
6 1 3 8145.0;
6 1 4 8145.0;
6 1 5 8145.0;
6 1 6 8145.0;
6 1 7 8145.0;
6 1 8 8145.0;
6 1 9 8145.0;
6 1 10 8145.0;
6 2 1 8145.0;
6 2 2 8145.0;
6 2 3 8145.0;
6 2 4 8145.0;
6 2 5 8145.0;
6 2 6 8145.0;
6 2 7 8145.0;
6 2 8 8145.0;
6 2 9 8145.0;
6 2 10 8145.0;
]

global Cap_p = [822439.0 822439.0 822439.0 822439.0 822439.0 822439.0 822439.0 822439.0 822439.0 822439.0; 700596.0 700596.0 700596.0 700596.0 700596.0 700596.0 700596.0 700596.0 700596.0 700596.0]
#-----------------------------------------