###################################################
# Classe 23 : K = 6, M = 2, T = 10, N = 10
# Exemplo: 7.   c23ex07.dat          Semente: 4837
#-----------------------Dados----------------------
global K = 6
global M = 2
global T = 10
global N = 10

global L = [540, 460]

global l = [64, 83, 83, 85, 89, 91, 99, 109, 114, 137]

global Q1 = 1e5
global Q2 = 1e5

global rho = [2.0, 2.0, 2.0, 2.0, 2.0, 2.0]

global b = [1080.0 920.0; 1080.0 920.0; 1080.0 920.0; 1080.0 920.0; 1080.0 920.0; 1080.0 920.0]

global f = [51.84 44.16; 51.84 44.16; 51.84 44.16; 51.84 44.16; 51.84 44.16; 51.84 44.16]

global c_km = [33.48 29.44; 48.6 40.48; 50.76 25.76; 44.28 26.68; 43.2 33.12; 21.6 23.92]

global p_km = [4.989 4.387; 7.241 6.032; 7.563 3.838; 6.598 3.975; 6.437 4.935; 3.218 3.564]

global c_x = [
1 1 1 25.488;
1 1 2 25.488;
1 1 3 25.488;
1 1 4 25.488;
1 1 5 25.488;
1 1 6 25.488;
1 1 7 25.488;
1 1 8 25.488;
1 1 9 25.488;
1 1 10 25.488;
1 2 1 21.528;
1 2 2 21.528;
1 2 3 21.528;
1 2 4 21.528;
1 2 5 21.528;
1 2 6 21.528;
1 2 7 21.528;
1 2 8 21.528;
1 2 9 21.528;
1 2 10 21.528;
2 1 1 16.632;
2 1 2 16.632;
2 1 3 16.632;
2 1 4 16.632;
2 1 5 16.632;
2 1 6 16.632;
2 1 7 16.632;
2 1 8 16.632;
2 1 9 16.632;
2 1 10 16.632;
2 2 1 16.652;
2 2 2 16.652;
2 2 3 16.652;
2 2 4 16.652;
2 2 5 16.652;
2 2 6 16.652;
2 2 7 16.652;
2 2 8 16.652;
2 2 9 16.652;
2 2 10 16.652;
3 1 1 21.708;
3 1 2 21.708;
3 1 3 21.708;
3 1 4 21.708;
3 1 5 21.708;
3 1 6 21.708;
3 1 7 21.708;
3 1 8 21.708;
3 1 9 21.708;
3 1 10 21.708;
3 2 1 22.816;
3 2 2 22.816;
3 2 3 22.816;
3 2 4 22.816;
3 2 5 22.816;
3 2 6 22.816;
3 2 7 22.816;
3 2 8 22.816;
3 2 9 22.816;
3 2 10 22.816;
4 1 1 27.0;
4 1 2 27.0;
4 1 3 27.0;
4 1 4 27.0;
4 1 5 27.0;
4 1 6 27.0;
4 1 7 27.0;
4 1 8 27.0;
4 1 9 27.0;
4 1 10 27.0;
4 2 1 16.376;
4 2 2 16.376;
4 2 3 16.376;
4 2 4 16.376;
4 2 5 16.376;
4 2 6 16.376;
4 2 7 16.376;
4 2 8 16.376;
4 2 9 16.376;
4 2 10 16.376;
5 1 1 25.812;
5 1 2 25.812;
5 1 3 25.812;
5 1 4 25.812;
5 1 5 25.812;
5 1 6 25.812;
5 1 7 25.812;
5 1 8 25.812;
5 1 9 25.812;
5 1 10 25.812;
5 2 1 14.536;
5 2 2 14.536;
5 2 3 14.536;
5 2 4 14.536;
5 2 5 14.536;
5 2 6 14.536;
5 2 7 14.536;
5 2 8 14.536;
5 2 9 14.536;
5 2 10 14.536;
6 1 1 24.516;
6 1 2 24.516;
6 1 3 24.516;
6 1 4 24.516;
6 1 5 24.516;
6 1 6 24.516;
6 1 7 24.516;
6 1 8 24.516;
6 1 9 24.516;
6 1 10 24.516;
6 2 1 14.995;
6 2 2 14.995;
6 2 3 14.995;
6 2 4 14.995;
6 2 5 14.995;
6 2 6 14.995;
6 2 7 14.995;
6 2 8 14.995;
6 2 9 14.995;
6 2 10 14.995;
]

global c_z = [
1 1 1 1.172;
1 1 2 1.172;
1 1 3 1.172;
1 1 4 1.172;
1 1 5 1.172;
1 1 6 1.172;
1 1 7 1.172;
1 1 8 1.172;
1 1 9 1.172;
1 1 10 1.172;
1 2 1 0.883;
1 2 2 0.883;
1 2 3 0.883;
1 2 4 0.883;
1 2 5 0.883;
1 2 6 0.883;
1 2 7 0.883;
1 2 8 0.883;
1 2 9 0.883;
1 2 10 0.883;
2 1 1 0.516;
2 1 2 0.516;
2 1 3 0.516;
2 1 4 0.516;
2 1 5 0.516;
2 1 6 0.516;
2 1 7 0.516;
2 1 8 0.516;
2 1 9 0.516;
2 1 10 0.516;
2 2 1 0.516;
2 2 2 0.516;
2 2 3 0.516;
2 2 4 0.516;
2 2 5 0.516;
2 2 6 0.516;
2 2 7 0.516;
2 2 8 0.516;
2 2 9 0.516;
2 2 10 0.516;
3 1 1 0.825;
3 1 2 0.825;
3 1 3 0.825;
3 1 4 0.825;
3 1 5 0.825;
3 1 6 0.825;
3 1 7 0.825;
3 1 8 0.825;
3 1 9 0.825;
3 1 10 0.825;
3 2 1 1.118;
3 2 2 1.118;
3 2 3 1.118;
3 2 4 1.118;
3 2 5 1.118;
3 2 6 1.118;
3 2 7 1.118;
3 2 8 1.118;
3 2 9 1.118;
3 2 10 1.118;
4 1 1 0.864;
4 1 2 0.864;
4 1 3 0.864;
4 1 4 0.864;
4 1 5 0.864;
4 1 6 0.864;
4 1 7 0.864;
4 1 8 0.864;
4 1 9 0.864;
4 1 10 0.864;
4 2 1 0.704;
4 2 2 0.704;
4 2 3 0.704;
4 2 4 0.704;
4 2 5 0.704;
4 2 6 0.704;
4 2 7 0.704;
4 2 8 0.704;
4 2 9 0.704;
4 2 10 0.704;
5 1 1 0.826;
5 1 2 0.826;
5 1 3 0.826;
5 1 4 0.826;
5 1 5 0.826;
5 1 6 0.826;
5 1 7 0.826;
5 1 8 0.826;
5 1 9 0.826;
5 1 10 0.826;
5 2 1 0.611;
5 2 2 0.611;
5 2 3 0.611;
5 2 4 0.611;
5 2 5 0.611;
5 2 6 0.611;
5 2 7 0.611;
5 2 8 0.611;
5 2 9 0.611;
5 2 10 0.611;
6 1 1 0.907;
6 1 2 0.907;
6 1 3 0.907;
6 1 4 0.907;
6 1 5 0.907;
6 1 6 0.907;
6 1 7 0.907;
6 1 8 0.907;
6 1 9 0.907;
6 1 10 0.907;
6 2 1 0.645;
6 2 2 0.645;
6 2 3 0.645;
6 2 4 0.645;
6 2 5 0.645;
6 2 6 0.645;
6 2 7 0.645;
6 2 8 0.645;
6 2 9 0.645;
6 2 10 0.645;
]

global c_y = [
1 1 1 3.059;
1 1 2 3.059;
1 1 3 3.059;
1 1 4 3.059;
1 1 5 3.059;
1 1 6 3.059;
1 1 7 3.059;
1 1 8 3.059;
1 1 9 3.059;
1 1 10 3.059;
1 2 1 2.799;
1 2 2 2.799;
1 2 3 2.799;
1 2 4 2.799;
1 2 5 2.799;
1 2 6 2.799;
1 2 7 2.799;
1 2 8 2.799;
1 2 9 2.799;
1 2 10 2.799;
2 1 1 1.83;
2 1 2 1.83;
2 1 3 1.83;
2 1 4 1.83;
2 1 5 1.83;
2 1 6 1.83;
2 1 7 1.83;
2 1 8 1.83;
2 1 9 1.83;
2 1 10 1.83;
2 2 1 2.165;
2 2 2 2.165;
2 2 3 2.165;
2 2 4 2.165;
2 2 5 2.165;
2 2 6 2.165;
2 2 7 2.165;
2 2 8 2.165;
2 2 9 2.165;
2 2 10 2.165;
3 1 1 3.256;
3 1 2 3.256;
3 1 3 3.256;
3 1 4 3.256;
3 1 5 3.256;
3 1 6 3.256;
3 1 7 3.256;
3 1 8 3.256;
3 1 9 3.256;
3 1 10 3.256;
3 2 1 2.966;
3 2 2 2.966;
3 2 3 2.966;
3 2 4 2.966;
3 2 5 2.966;
3 2 6 2.966;
3 2 7 2.966;
3 2 8 2.966;
3 2 9 2.966;
3 2 10 2.966;
4 1 1 3.78;
4 1 2 3.78;
4 1 3 3.78;
4 1 4 3.78;
4 1 5 3.78;
4 1 6 3.78;
4 1 7 3.78;
4 1 8 3.78;
4 1 9 3.78;
4 1 10 3.78;
4 2 1 1.965;
4 2 2 1.965;
4 2 3 1.965;
4 2 4 1.965;
4 2 5 1.965;
4 2 6 1.965;
4 2 7 1.965;
4 2 8 1.965;
4 2 9 1.965;
4 2 10 1.965;
5 1 1 3.872;
5 1 2 3.872;
5 1 3 3.872;
5 1 4 3.872;
5 1 5 3.872;
5 1 6 3.872;
5 1 7 3.872;
5 1 8 3.872;
5 1 9 3.872;
5 1 10 3.872;
5 2 1 1.599;
5 2 2 1.599;
5 2 3 1.599;
5 2 4 1.599;
5 2 5 1.599;
5 2 6 1.599;
5 2 7 1.599;
5 2 8 1.599;
5 2 9 1.599;
5 2 10 1.599;
6 1 1 3.187;
6 1 2 3.187;
6 1 3 3.187;
6 1 4 3.187;
6 1 5 3.187;
6 1 6 3.187;
6 1 7 3.187;
6 1 8 3.187;
6 1 9 3.187;
6 1 10 3.187;
6 2 1 1.949;
6 2 2 1.949;
6 2 3 1.949;
6 2 4 1.949;
6 2 5 1.949;
6 2 6 1.949;
6 2 7 1.949;
6 2 8 1.949;
6 2 9 1.949;
6 2 10 1.949;
]

global c_sc = [
1 1 1 0.101;
1 1 2 0.101;
1 1 3 0.101;
1 1 4 0.101;
1 1 5 0.101;
1 1 6 0.101;
1 1 7 0.101;
1 1 8 0.101;
1 1 9 0.101;
1 1 10 0.101;
1 2 1 0.118;
1 2 2 0.118;
1 2 3 0.118;
1 2 4 0.118;
1 2 5 0.118;
1 2 6 0.118;
1 2 7 0.118;
1 2 8 0.118;
1 2 9 0.118;
1 2 10 0.118;
2 1 1 0.068;
2 1 2 0.068;
2 1 3 0.068;
2 1 4 0.068;
2 1 5 0.068;
2 1 6 0.068;
2 1 7 0.068;
2 1 8 0.068;
2 1 9 0.068;
2 1 10 0.068;
2 2 1 0.097;
2 2 2 0.097;
2 2 3 0.097;
2 2 4 0.097;
2 2 5 0.097;
2 2 6 0.097;
2 2 7 0.097;
2 2 8 0.097;
2 2 9 0.097;
2 2 10 0.097;
3 1 1 0.114;
3 1 2 0.114;
3 1 3 0.114;
3 1 4 0.114;
3 1 5 0.114;
3 1 6 0.114;
3 1 7 0.114;
3 1 8 0.114;
3 1 9 0.114;
3 1 10 0.114;
3 2 1 0.148;
3 2 2 0.148;
3 2 3 0.148;
3 2 4 0.148;
3 2 5 0.148;
3 2 6 0.148;
3 2 7 0.148;
3 2 8 0.148;
3 2 9 0.148;
3 2 10 0.148;
4 1 1 0.178;
4 1 2 0.178;
4 1 3 0.178;
4 1 4 0.178;
4 1 5 0.178;
4 1 6 0.178;
4 1 7 0.178;
4 1 8 0.178;
4 1 9 0.178;
4 1 10 0.178;
4 2 1 0.081;
4 2 2 0.081;
4 2 3 0.081;
4 2 4 0.081;
4 2 5 0.081;
4 2 6 0.081;
4 2 7 0.081;
4 2 8 0.081;
4 2 9 0.081;
4 2 10 0.081;
5 1 1 0.116;
5 1 2 0.116;
5 1 3 0.116;
5 1 4 0.116;
5 1 5 0.116;
5 1 6 0.116;
5 1 7 0.116;
5 1 8 0.116;
5 1 9 0.116;
5 1 10 0.116;
5 2 1 0.069;
5 2 2 0.069;
5 2 3 0.069;
5 2 4 0.069;
5 2 5 0.069;
5 2 6 0.069;
5 2 7 0.069;
5 2 8 0.069;
5 2 9 0.069;
5 2 10 0.069;
6 1 1 0.159;
6 1 2 0.159;
6 1 3 0.159;
6 1 4 0.159;
6 1 5 0.159;
6 1 6 0.159;
6 1 7 0.159;
6 1 8 0.159;
6 1 9 0.159;
6 1 10 0.159;
6 2 1 0.06;
6 2 2 0.06;
6 2 3 0.06;
6 2 4 0.06;
6 2 5 0.06;
6 2 6 0.06;
6 2 7 0.06;
6 2 8 0.06;
6 2 9 0.06;
6 2 10 0.06;
]

global c_w = [
1 1 1 0.561;
1 1 2 0.561;
1 1 3 0.561;
1 1 4 0.561;
1 1 5 0.561;
1 1 6 0.561;
1 1 7 0.561;
1 1 8 0.561;
1 1 9 0.561;
1 1 10 0.561;
1 2 1 0.237;
1 2 2 0.237;
1 2 3 0.237;
1 2 4 0.237;
1 2 5 0.237;
1 2 6 0.237;
1 2 7 0.237;
1 2 8 0.237;
1 2 9 0.237;
1 2 10 0.237;
2 1 1 0.416;
2 1 2 0.416;
2 1 3 0.416;
2 1 4 0.416;
2 1 5 0.416;
2 1 6 0.416;
2 1 7 0.416;
2 1 8 0.416;
2 1 9 0.416;
2 1 10 0.416;
2 2 1 0.167;
2 2 2 0.167;
2 2 3 0.167;
2 2 4 0.167;
2 2 5 0.167;
2 2 6 0.167;
2 2 7 0.167;
2 2 8 0.167;
2 2 9 0.167;
2 2 10 0.167;
3 1 1 0.347;
3 1 2 0.347;
3 1 3 0.347;
3 1 4 0.347;
3 1 5 0.347;
3 1 6 0.347;
3 1 7 0.347;
3 1 8 0.347;
3 1 9 0.347;
3 1 10 0.347;
3 2 1 0.479;
3 2 2 0.479;
3 2 3 0.479;
3 2 4 0.479;
3 2 5 0.479;
3 2 6 0.479;
3 2 7 0.479;
3 2 8 0.479;
3 2 9 0.479;
3 2 10 0.479;
4 1 1 0.702;
4 1 2 0.702;
4 1 3 0.702;
4 1 4 0.702;
4 1 5 0.702;
4 1 6 0.702;
4 1 7 0.702;
4 1 8 0.702;
4 1 9 0.702;
4 1 10 0.702;
4 2 1 0.278;
4 2 2 0.278;
4 2 3 0.278;
4 2 4 0.278;
4 2 5 0.278;
4 2 6 0.278;
4 2 7 0.278;
4 2 8 0.278;
4 2 9 0.278;
4 2 10 0.278;
5 1 1 0.516;
5 1 2 0.516;
5 1 3 0.516;
5 1 4 0.516;
5 1 5 0.516;
5 1 6 0.516;
5 1 7 0.516;
5 1 8 0.516;
5 1 9 0.516;
5 1 10 0.516;
5 2 1 0.262;
5 2 2 0.262;
5 2 3 0.262;
5 2 4 0.262;
5 2 5 0.262;
5 2 6 0.262;
5 2 7 0.262;
5 2 8 0.262;
5 2 9 0.262;
5 2 10 0.262;
6 1 1 0.515;
6 1 2 0.515;
6 1 3 0.515;
6 1 4 0.515;
6 1 5 0.515;
6 1 6 0.515;
6 1 7 0.515;
6 1 8 0.515;
6 1 9 0.515;
6 1 10 0.515;
6 2 1 0.24;
6 2 2 0.24;
6 2 3 0.24;
6 2 4 0.24;
6 2 5 0.24;
6 2 6 0.24;
6 2 7 0.24;
6 2 8 0.24;
6 2 9 0.24;
6 2 10 0.24;
]

global c_e = [
1 1 1 0.04465755166931638;
1 1 2 0.04770238473767885;
1 1 3 0.04871732909379968;
1 1 4 0.049732273449920504;
1 1 5 0.05988171701112877;
1 1 6 0.05379205087440382;
1 1 7 0.043642607313195546;
1 1 8 0.049732273449920504;
1 1 9 0.051762162162162166;
1 1 10 0.05277710651828299;
1 2 1 0.03114276629570747;
1 2 2 0.04226518282988871;
1 2 3 0.033367249602543725;
1 2 4 0.041523688394276635;
1 2 5 0.034850238473767885;
1 2 6 0.03633322734499205;
1 2 7 0.03781621621621622;
1 2 8 0.0385577106518283;
1 2 9 0.029659777424483308;
1 2 10 0.034850238473767885;
1 3 1 0.05778060413354531;
1 3 2 0.05567949125596185;
1 3 3 0.05778060413354531;
1 3 4 0.06303338632750398;
1 3 5 0.05567949125596185;
1 3 6 0.05778060413354531;
1 3 7 0.04307281399046105;
1 3 8 0.05252782193958665;
1 3 9 0.060932273449920506;
1 3 10 0.04307281399046105;
1 4 1 0.07478537360890301;
1 4 2 0.05110333863275039;
1 4 3 0.06855325914149445;
1 4 4 0.06481399046104928;
1 4 5 0.05110333863275039;
1 4 6 0.061074721780604135;
1 4 7 0.05110333863275039;
1 4 8 0.05110333863275039;
1 4 9 0.06356756756756757;
1 4 10 0.04985691573926868;
1 5 1 0.05541240063593006;
1 5 2 0.043538314785373615;
1 5 3 0.046506836248012724;
1 5 4 0.05739141494435612;
1 5 5 0.05442289348171702;
1 5 6 0.056401907790143084;
1 5 7 0.05343338632750398;
1 5 8 0.05838092209856916;
1 5 9 0.0593704292527822;
1 5 10 0.042548807631160576;
1 6 1 0.04513195548489666;
1 6 2 0.04513195548489666;
1 6 3 0.05473449920508743;
1 6 4 0.05473449920508743;
1 6 5 0.03937042925278219;
1 6 6 0.04417170111287758;
1 6 7 0.04993322734499205;
1 6 8 0.055694753577106515;
1 6 9 0.055694753577106515;
1 6 10 0.04129093799682035;
2 1 1 0.06449654213036567;
2 1 2 0.05659900635930047;
2 1 3 0.07765910174880764;
2 1 4 0.06844531001589825;
2 1 5 0.06976156597774245;
2 1 6 0.06581279809220986;
2 1 7 0.07107782193958664;
2 1 8 0.06318028616852146;
2 1 9 0.07634284578696342;
2 1 10 0.06581279809220986;
2 2 1 0.04519640302066773;
2 2 2 0.04711965421303657;
2 2 3 0.04134990063593005;
2 2 4 0.048081279809220986;
2 2 5 0.05577428457869634;
2 2 6 0.044234777424483306;
2 2 7 0.044234777424483306;
2 2 8 0.05577428457869634;
2 2 9 0.04904290540540541;
2 2 10 0.04327315182829889;
2 3 1 0.057222496025437206;
2 3 2 0.07357178060413355;
2 3 3 0.08038398251192369;
2 3 4 0.06948445945945946;
2 3 5 0.057222496025437206;
2 3 6 0.05994737678855327;
2 3 7 0.06948445945945946;
2 3 8 0.06267225755166932;
2 3 9 0.08174642289348172;
2 3 10 0.07629666136724961;
2 4 1 0.08243918918918919;
2 4 2 0.0937543720190779;
2 4 3 0.07758982511923687;
2 4 4 0.0840556438791733;
2 4 5 0.07920627980922099;
2 4 6 0.08082273449920509;
2 4 7 0.09537082670906201;
2 4 8 0.06627464228934818;
2 4 9 0.08082273449920509;
2 4 10 0.06789109697933228;
2 5 1 0.07186295707472179;
2 5 2 0.06159682034976153;
2 5 3 0.06288008744038157;
2 5 4 0.07442949125596184;
2 5 5 0.05261395071542131;
2 5 6 0.05518048489666137;
2 5 7 0.07699602543720191;
2 5 8 0.07699602543720191;
2 5 9 0.0603135532591415;
2 5 10 0.05646375198728141;
2 6 1 0.06973847376788554;
2 6 2 0.053549185214626385;
2 6 3 0.0684931438791733;
2 6 4 0.052303855325914146;
2 6 5 0.07347446343402225;
2 6 6 0.07098380365659776;
2 6 7 0.05603984499205088;
2 6 8 0.05479451510333864;
2 6 9 0.0684931438791733;
2 6 10 0.0660024841017488;
3 1 1 0.07634284578696342;
3 1 2 0.06581279809220986;
3 1 3 0.06581279809220986;
3 1 4 0.06186403020667726;
3 1 5 0.06054777424483307;
3 1 6 0.07634284578696342;
3 1 7 0.06186403020667726;
3 1 8 0.06054777424483307;
3 1 9 0.07371033386327505;
3 1 10 0.05265023847376789;
3 2 1 0.04904290540540541;
3 2 2 0.05577428457869634;
3 2 3 0.044234777424483306;
3 2 4 0.04327315182829889;
3 2 5 0.05481265898251192;
3 2 6 0.04711965421303657;
3 2 7 0.05000453100158983;
3 2 8 0.05096615659777425;
3 2 9 0.05385103338632751;
3 2 10 0.05673591017488076;
3 3 1 0.07629666136724961;
3 3 2 0.08038398251192369;
3 3 3 0.08038398251192369;
3 3 4 0.06675957869634341;
3 3 5 0.06812201907790143;
3 3 6 0.05994737678855327;
3 3 7 0.06948445945945946;
3 3 8 0.07629666136724961;
3 3 9 0.07357178060413355;
3 3 10 0.06130981717011129;
3 4 1 0.07112400635930048;
3 4 2 0.08082273449920509;
3 4 3 0.0905214626391097;
3 4 4 0.0840556438791733;
3 4 5 0.0840556438791733;
3 4 6 0.0889050079491256;
3 4 7 0.07597337042925278;
3 4 8 0.0905214626391097;
3 4 9 0.07758982511923687;
3 4 10 0.0937543720190779;
3 5 1 0.05389721780604134;
3 5 2 0.07314622416534182;
3 5 3 0.0603135532591415;
3 5 4 0.05133068362480128;
3 5 5 0.05774701907790144;
3 5 6 0.06929642289348173;
3 5 7 0.05389721780604134;
3 5 8 0.0603135532591415;
3 5 9 0.05389721780604134;
3 5 10 0.0680131558028617;
3 6 1 0.058530504769475356;
3 6 2 0.07098380365659776;
3 6 3 0.057285174880763116;
3 6 4 0.06226649443561208;
3 6 5 0.06973847376788554;
3 6 6 0.06351182432432433;
3 6 7 0.06226649443561208;
3 6 8 0.0684931438791733;
3 6 9 0.059775834658187595;
3 6 10 0.04981319554848967;
4 1 1 0.07413851351351353;
4 1 2 0.07548648648648648;
4 1 3 0.06065878378378378;
4 1 4 0.07144256756756757;
4 1 5 0.06605067567567567;
4 1 6 0.06605067567567567;
4 1 7 0.06605067567567567;
4 1 8 0.06605067567567567;
4 1 9 0.05526689189189189;
4 1 10 0.059310810810810806;
4 2 1 0.04923986486486487;
4 2 2 0.04628547297297297;
4 2 3 0.056133445945945944;
4 2 4 0.04628547297297297;
4 2 5 0.05120945945945946;
4 2 6 0.04234628378378378;
4 2 7 0.05022466216216217;
4 2 8 0.05022466216216217;
4 2 9 0.04431587837837838;
4 2 10 0.03939189189189189;
4 3 1 0.07813513513513513;
4 3 2 0.08092567567567567;
4 3 3 0.057206081081081085;
4 3 4 0.05581081081081081;
4 3 5 0.05581081081081081;
4 3 6 0.07394932432432433;
4 3 7 0.059996621621621615;
4 3 8 0.06976351351351351;
4 3 9 0.059996621621621615;
4 3 10 0.06976351351351351;
4 4 1 0.08442567567567567;
4 4 2 0.07283783783783783;
4 4 3 0.0960135135135135;
4 4 4 0.06787162162162162;
4 4 5 0.07614864864864865;
4 4 6 0.08442567567567567;
4 4 7 0.08277027027027027;
4 4 8 0.08939189189189191;
4 4 9 0.07283783783783783;
4 4 10 0.0960135135135135;
4 5 1 0.07753716216216217;
4 5 2 0.05256756756756757;
4 5 3 0.05782432432432433;
4 5 4 0.05256756756756757;
4 5 5 0.06702364864864865;
4 5 6 0.06833783783783785;
4 5 7 0.06045270270270271;
4 5 8 0.06833783783783785;
4 5 9 0.06570945945945947;
4 5 10 0.07490878378378378;
4 6 1 0.06249155405405405;
4 6 2 0.05483952702702702;
4 6 3 0.06759290540540541;
4 6 4 0.06759290540540541;
4 6 5 0.06121621621621621;
4 6 6 0.052288851351351355;
4 6 7 0.05611486486486486;
4 6 8 0.07269425675675675;
4 6 9 0.05866554054054054;
4 6 10 0.05101351351351351;
5 1 1 0.07198175675675676;
5 1 2 0.07621597774244833;
5 1 3 0.06633612877583465;
5 1 4 0.060690500794912554;
5 1 5 0.08327301271860095;
5 1 6 0.0748045707472178;
5 1 7 0.06492472178060414;
5 1 8 0.06492472178060414;
5 1 9 0.07057034976152624;
5 1 10 0.07903879173290938;
5 2 1 0.055681597774244834;
5 2 2 0.052588175675675676;
5 2 3 0.05980616057233704;
5 2 4 0.0433079093799682;
5 2 5 0.05980616057233704;
5 2 6 0.046401331478537367;
5 2 7 0.0433079093799682;
5 2 8 0.05361931637519873;
5 2 9 0.0433079093799682;
5 2 10 0.055681597774244834;
5 3 1 0.0628199920508744;
5 3 2 0.06135906200317964;
5 3 3 0.08035115262321145;
5 3 4 0.08619487281399046;
5 3 5 0.05843720190779015;
5 3 6 0.05843720190779015;
5 3 7 0.08765580286168521;
5 3 8 0.07012464228934817;
5 3 9 0.07158557233704292;
5 3 10 0.07304650238473769;
5 4 1 0.08839864864864865;
5 4 2 0.0814654213036566;
5 4 3 0.0814654213036566;
5 4 4 0.08319872813990462;
5 4 5 0.10399841017488076;
5 4 6 0.07973211446740859;
5 4 7 0.08493203497615262;
5 4 8 0.07106558028616851;
5 4 9 0.10053179650238474;
5 4 10 0.07973211446740859;
5 5 1 0.057793402225755165;
5 5 2 0.0646735691573927;
5 5 3 0.07980993640699524;
5 5 4 0.07568183624801274;
5 5 5 0.07568183624801274;
5 5 6 0.060545468998410186;
5 5 7 0.07568183624801274;
5 5 8 0.07705786963434023;
5 5 9 0.055041335453100165;
5 5 10 0.07568183624801274;
5 6 1 0.07745051669316375;
5 6 2 0.07477980922098569;
5 6 3 0.06276162559618441;
5 6 4 0.06943839427662957;
5 6 5 0.05341414944356121;
5 6 6 0.08012122416534181;
5 6 7 0.07611516295707471;
5 6 8 0.07210910174880764;
5 6 9 0.07878587042925278;
5 6 10 0.07878587042925278;
6 1 1 0.07215620031796502;
6 1 2 0.07648557233704294;
6 1 3 0.06926995230524642;
6 1 4 0.08514431637519872;
6 1 5 0.06782682829888712;
6 1 6 0.062054332273449926;
6 1 7 0.08081494435612084;
6 1 8 0.08658744038155804;
6 1 9 0.07937182034976153;
6 1 10 0.062054332273449926;
6 2 1 0.05376993243243244;
6 2 2 0.05376993243243244;
6 2 3 0.059041494435612095;
6 2 4 0.04428112082670906;
6 2 5 0.05166130763116057;
6 2 6 0.054824244833068365;
6 2 7 0.0632587440381558;
6 2 8 0.047444058028616856;
6 2 9 0.04638974562798092;
6 2 10 0.05271562003179651;
6 3 1 0.07618175675675677;
6 3 2 0.0642316772655008;
6 3 3 0.07916927662957075;
6 3 4 0.0642316772655008;
6 3 5 0.06871295707472178;
6 3 6 0.0612441573926868;
6 3 7 0.08066303656597774;
6 3 8 0.0642316772655008;
6 3 9 0.0657254372019078;
6 3 10 0.08215679650238475;
6 4 1 0.09215739268680445;
6 4 2 0.10456319554848967;
6 4 3 0.0868406200317965;
6 4 4 0.07266255961844197;
6 4 5 0.08329610492845786;
6 4 6 0.07797933227344991;
6 4 7 0.10633545310015899;
6 4 8 0.10633545310015899;
6 4 9 0.10101868044515103;
6 4 10 0.08506836248012718;
6 5 1 0.07878950715421305;
6 5 2 0.06612690779014309;
6 5 3 0.07597559618441972;
6 5 4 0.060499085850556446;
6 5 5 0.08160341812400636;
6 5 6 0.07597559618441972;
6 5 7 0.07597559618441972;
6 5 8 0.06612690779014309;
6 5 9 0.07878950715421305;
6 5 10 0.056278219395866455;
6 6 1 0.06417199920508743;
6 6 2 0.06280663751987281;
6 6 3 0.06963344594594595;
6 6 4 0.06690272257551669;
6 6 5 0.07372953100158983;
6 6 6 0.060075914149443556;
6 6 7 0.054614467408585055;
6 6 8 0.05871055246422894;
6 6 9 0.07509489268680446;
6 6 10 0.06144127583465819;
7 1 1 0.09419952305246422;
7 1 2 0.07692961049284579;
7 1 3 0.09105953895071542;
7 1 4 0.06279968203497616;
7 1 5 0.09419952305246422;
7 1 6 0.0832095786963434;
7 1 7 0.06279968203497616;
7 1 8 0.07692961049284579;
7 1 9 0.09262953100158981;
7 1 10 0.08791955484896662;
7 2 1 0.06423195548489667;
7 2 2 0.05161496422893482;
7 2 3 0.05620296104928458;
7 2 4 0.05046796502384738;
7 2 5 0.05161496422893482;
7 2 6 0.04702696740858505;
7 2 7 0.06079095786963435;
7 2 8 0.053908962639109693;
7 2 9 0.053908962639109693;
7 2 10 0.06423195548489667;
7 3 1 0.09750476947535772;
7 3 2 0.09425461049284578;
7 3 3 0.09587968998410175;
7 3 4 0.08450413354531003;
7 3 5 0.07150349761526233;
7 3 6 0.0731285771065183;
7 3 7 0.07475365659777425;
7 3 8 0.086129213036566;
7 3 9 0.09425461049284578;
7 3 10 0.06500317965023848;
7 4 1 0.11182750397456279;
7 4 2 0.09833108108108109;
7 4 3 0.10411526232114468;
7 4 4 0.08869077901430843;
7 4 5 0.10989944356120826;
7 4 6 0.11375556438791733;
7 4 7 0.1060433227344992;
7 4 8 0.09833108108108109;
7 4 9 0.10025914149443563;
7 4 10 0.10989944356120826;
7 5 1 0.06734833068362481;
7 5 2 0.0857160572337043;
7 5 3 0.08724670111287758;
7 5 4 0.06275639904610493;
7 5 5 0.0857160572337043;
7 5 6 0.06122575516693165;
7 5 7 0.06428704292527822;
7 5 8 0.07040961844197138;
7 5 9 0.08265476947535771;
7 5 10 0.06581768680445152;
7 6 1 0.06981349364069951;
7 6 2 0.06981349364069951;
7 6 3 0.0802112480127186;
7 6 4 0.062386526232114464;
7 6 5 0.0802112480127186;
7 6 6 0.0787258545310016;
7 6 7 0.07575506756756757;
7 6 8 0.06387191971383148;
7 6 9 0.05941573926868045;
7 6 10 0.0653573131955485;
8 1 1 0.0812431240063593;
8 1 2 0.07260023847376788;
8 1 3 0.07432881558028616;
8 1 4 0.1019860492845787;
8 1 5 0.10371462639109696;
8 1 6 0.07260023847376788;
8 1 7 0.0708716613672496;
8 1 8 0.10371462639109696;
8 1 9 0.08815743243243243;
8 1 10 0.10371462639109696;
8 2 1 0.06566860095389507;
8 2 2 0.06566860095389507;
8 2 3 0.06566860095389507;
8 2 4 0.06188002782193958;
8 2 5 0.0757714626391097;
8 2 6 0.05682859697933228;
8 2 7 0.0669314586645469;
8 2 8 0.050514308426073136;
8 2 9 0.0757714626391097;
8 2 10 0.050514308426073136;
8 3 1 0.09840759141494436;
8 3 2 0.07693684419713831;
8 3 3 0.08230453100158983;
8 3 4 0.084093759936407;
8 3 5 0.09125067567567569;
8 3 6 0.10735373608903019;
8 3 7 0.07514761526232115;
8 3 8 0.09840759141494436;
8 3 9 0.084093759936407;
8 3 10 0.09482913354531003;
8 4 1 0.08915818759936407;
8 4 2 0.10614069952305247;
8 4 3 0.12736883942766294;
8 4 4 0.11887758346581877;
8 4 5 0.11887758346581877;
8 4 6 0.12736883942766294;
8 4 7 0.11887758346581877;
8 4 8 0.09128100158982512;
8 4 9 0.11250914149443562;
8 4 10 0.11675476947535772;
8 5 1 0.08931848171701115;
8 5 2 0.08931848171701115;
8 5 3 0.07583644674085852;
8 5 4 0.0690954292527822;
8 5 5 0.08931848171701115;
8 5 6 0.0775217011128776;
8 5 7 0.08257746422893482;
8 5 8 0.07415119236883944;
8 5 9 0.0690954292527822;
8 5 10 0.09774475357710653;
8 6 1 0.09158426073131956;
8 6 2 0.07359449523052465;
8 6 3 0.07522992845786963;
8 6 4 0.07359449523052465;
8 6 5 0.07195906200317966;
8 6 6 0.08994882750397457;
8 6 7 0.06541732909379969;
8 6 8 0.08667796104928457;
8 6 9 0.08504252782193958;
8 6 10 0.08994882750397457;
9 1 1 0.10666430842607312;
9 1 2 0.0795462639109698;
9 1 3 0.09220135135135135;
9 1 4 0.08316200317965025;
9 1 5 0.1048564387917329;
9 1 6 0.0958170906200318;
9 1 7 0.07412265500794912;
9 1 8 0.0795462639109698;
9 1 9 0.09400922098569157;
9 1 10 0.08135413354531003;
9 2 1 0.05415226550079491;
9 2 2 0.05283147853736089;
9 2 3 0.06603934817170111;
9 2 4 0.07000170906200319;
9 2 5 0.07924721780604133;
9 2 6 0.07264328298887122;
9 2 7 0.07132249602543721;
9 2 8 0.05415226550079491;
9 2 9 0.05283147853736089;
9 2 10 0.06603934817170111;
9 3 1 0.08420866454689985;
9 3 2 0.08046605723370429;
9 3 3 0.10105039745627982;
9 3 4 0.11040691573926867;
9 3 5 0.10666430842607312;
9 3 6 0.09917909379968204;
9 3 7 0.08420866454689985;
9 3 8 0.08607996820349763;
9 3 9 0.09356518282988871;
9 3 10 0.08233736089030208;
9 4 1 0.1332114467408585;
9 4 2 0.1021287758346582;
9 4 3 0.1332114467408585;
9 4 4 0.12655087440381557;
9 4 5 0.11767011128775835;
9 4 6 0.11100953895071543;
9 4 7 0.1332114467408585;
9 4 8 0.1065691573926868;
9 4 9 0.09990858505564389;
9 4 10 0.11100953895071543;
9 5 1 0.09870333863275041;
9 5 2 0.07226494435612082;
9 5 3 0.0934156597774245;
9 5 4 0.10575357710651828;
9 5 5 0.07579006359300478;
9 5 6 0.09870333863275041;
9 5 7 0.07755262321144675;
9 5 8 0.08812798092209857;
9 5 9 0.08460286168521464;
9 5 10 0.07579006359300478;
9 6 1 0.09236446740858506;
9 6 2 0.09407492050874404;
9 6 3 0.07183903020667726;
9 6 4 0.0786808426073132;
9 6 5 0.08039129570747218;
9 6 6 0.07525993640699523;
9 6 7 0.10262718600953893;
9 6 8 0.09920627980922096;
9 6 9 0.07012857710651828;
9 6 10 0.10262718600953893;
10 1 1 0.11732122416534181;
10 1 2 0.12383906995230523;
10 1 3 0.10645814785373608;
10 1 4 0.12383906995230523;
10 1 5 0.10428553259141493;
10 1 6 0.12383906995230523;
10 1 7 0.09559507154213037;
10 1 8 0.10645814785373608;
10 1 9 0.0869046104928458;
10 1 10 0.09342245627980922;
10 2 1 0.07777581478537361;
10 2 2 0.09206116852146264;
10 2 3 0.07777581478537361;
10 2 4 0.07936307631160573;
10 2 5 0.08412486089030206;
10 2 6 0.08888664546899842;
10 2 7 0.07460129173290939;
10 2 8 0.09523569157392688;
10 2 9 0.08412486089030206;
10 2 10 0.07301403020667727;
10 3 1 0.11244236883942767;
10 3 2 0.11244236883942767;
10 3 3 0.09445158982511924;
10 3 4 0.10344697933227345;
10 3 5 0.11694006359300478;
10 3 6 0.1011981319554849;
10 3 7 0.10569582670906201;
10 3 8 0.09220274244833068;
10 3 9 0.08995389507154214;
10 3 10 0.09445158982511924;
10 4 1 0.14407869634340223;
10 4 2 0.12273370429252783;
10 4 3 0.14407869634340223;
10 4 4 0.12273370429252783;
10 4 5 0.13607432432432434;
10 4 6 0.13073807631160572;
10 4 7 0.11472933227344992;
10 4 8 0.13073807631160572;
10 4 9 0.1280699523052464;
10 4 10 0.10672496025437203;
10 5 1 0.10379002384737679;
10 5 2 0.11438084260731321;
10 5 3 0.08472655007949127;
10 5 4 0.08684471383147854;
10 5 5 0.10379002384737679;
10 5 6 0.12708982511923692;
10 5 7 0.10379002384737679;
10 5 8 0.11438084260731321;
10 5 9 0.10590818759936409;
10 5 10 0.12285349761526232;
10 6 1 0.10483277027027027;
10 6 2 0.11511049284578698;
10 6 3 0.08427732511923687;
10 6 4 0.09455504769475358;
10 6 5 0.09455504769475358;
10 6 6 0.10894385930047694;
10 6 7 0.0904439586645469;
10 6 8 0.08838841414944355;
10 6 9 0.09455504769475358;
10 6 10 0.08222178060413354;
]

global d = [
1 1 1 0;
1 1 2 111;
1 1 3 86;
1 1 4 51;
1 1 5 262;
1 1 6 88;
1 1 7 247;
1 1 8 281;
1 1 9 143;
1 1 10 253;
1 2 1 0;
1 2 2 224;
1 2 3 151;
1 2 4 104;
1 2 5 165;
1 2 6 183;
1 2 7 212;
1 2 8 263;
1 2 9 286;
1 2 10 0;
1 3 1 255;
1 3 2 154;
1 3 3 247;
1 3 4 156;
1 3 5 174;
1 3 6 0;
1 3 7 112;
1 3 8 189;
1 3 9 289;
1 3 10 0;
1 4 1 126;
1 4 2 97;
1 4 3 76;
1 4 4 75;
1 4 5 261;
1 4 6 68;
1 4 7 53;
1 4 8 118;
1 4 9 156;
1 4 10 174;
1 5 1 112;
1 5 2 88;
1 5 3 88;
1 5 4 237;
1 5 5 122;
1 5 6 234;
1 5 7 59;
1 5 8 125;
1 5 9 53;
1 5 10 168;
1 6 1 247;
1 6 2 198;
1 6 3 181;
1 6 4 295;
1 6 5 0;
1 6 6 81;
1 6 7 109;
1 6 8 95;
1 6 9 89;
1 6 10 153;
2 1 1 112;
2 1 2 162;
2 1 3 248;
2 1 4 102;
2 1 5 285;
2 1 6 78;
2 1 7 185;
2 1 8 250;
2 1 9 75;
2 1 10 164;
2 2 1 140;
2 2 2 248;
2 2 3 0;
2 2 4 269;
2 2 5 0;
2 2 6 273;
2 2 7 207;
2 2 8 287;
2 2 9 191;
2 2 10 112;
2 3 1 260;
2 3 2 261;
2 3 3 253;
2 3 4 211;
2 3 5 79;
2 3 6 0;
2 3 7 200;
2 3 8 0;
2 3 9 268;
2 3 10 0;
2 4 1 287;
2 4 2 111;
2 4 3 170;
2 4 4 125;
2 4 5 202;
2 4 6 252;
2 4 7 257;
2 4 8 0;
2 4 9 238;
2 4 10 59;
2 5 1 190;
2 5 2 91;
2 5 3 277;
2 5 4 229;
2 5 5 153;
2 5 6 232;
2 5 7 109;
2 5 8 261;
2 5 9 124;
2 5 10 270;
2 6 1 212;
2 6 2 112;
2 6 3 236;
2 6 4 206;
2 6 5 72;
2 6 6 64;
2 6 7 294;
2 6 8 147;
2 6 9 108;
2 6 10 176;
3 1 1 192;
3 1 2 0;
3 1 3 70;
3 1 4 0;
3 1 5 152;
3 1 6 0;
3 1 7 220;
3 1 8 222;
3 1 9 0;
3 1 10 78;
3 2 1 0;
3 2 2 231;
3 2 3 295;
3 2 4 239;
3 2 5 241;
3 2 6 217;
3 2 7 152;
3 2 8 149;
3 2 9 96;
3 2 10 0;
3 3 1 0;
3 3 2 281;
3 3 3 98;
3 3 4 0;
3 3 5 84;
3 3 6 284;
3 3 7 250;
3 3 8 146;
3 3 9 0;
3 3 10 243;
3 4 1 0;
3 4 2 77;
3 4 3 0;
3 4 4 204;
3 4 5 103;
3 4 6 290;
3 4 7 0;
3 4 8 232;
3 4 9 292;
3 4 10 54;
3 5 1 144;
3 5 2 205;
3 5 3 272;
3 5 4 0;
3 5 5 281;
3 5 6 259;
3 5 7 263;
3 5 8 142;
3 5 9 0;
3 5 10 186;
3 6 1 281;
3 6 2 67;
3 6 3 151;
3 6 4 77;
3 6 5 158;
3 6 6 57;
3 6 7 132;
3 6 8 0;
3 6 9 58;
3 6 10 0;
4 1 1 269;
4 1 2 199;
4 1 3 187;
4 1 4 0;
4 1 5 96;
4 1 6 92;
4 1 7 245;
4 1 8 128;
4 1 9 248;
4 1 10 289;
4 2 1 217;
4 2 2 104;
4 2 3 0;
4 2 4 211;
4 2 5 125;
4 2 6 153;
4 2 7 0;
4 2 8 0;
4 2 9 268;
4 2 10 215;
4 3 1 131;
4 3 2 168;
4 3 3 225;
4 3 4 91;
4 3 5 195;
4 3 6 267;
4 3 7 68;
4 3 8 186;
4 3 9 274;
4 3 10 245;
4 4 1 218;
4 4 2 298;
4 4 3 262;
4 4 4 134;
4 4 5 66;
4 4 6 121;
4 4 7 294;
4 4 8 231;
4 4 9 0;
4 4 10 0;
4 5 1 151;
4 5 2 111;
4 5 3 264;
4 5 4 123;
4 5 5 293;
4 5 6 0;
4 5 7 90;
4 5 8 64;
4 5 9 94;
4 5 10 116;
4 6 1 170;
4 6 2 0;
4 6 3 261;
4 6 4 0;
4 6 5 158;
4 6 6 271;
4 6 7 163;
4 6 8 0;
4 6 9 192;
4 6 10 241;
5 1 1 216;
5 1 2 226;
5 1 3 153;
5 1 4 300;
5 1 5 0;
5 1 6 253;
5 1 7 166;
5 1 8 101;
5 1 9 120;
5 1 10 191;
5 2 1 0;
5 2 2 177;
5 2 3 0;
5 2 4 203;
5 2 5 76;
5 2 6 230;
5 2 7 201;
5 2 8 70;
5 2 9 0;
5 2 10 136;
5 3 1 294;
5 3 2 234;
5 3 3 191;
5 3 4 280;
5 3 5 263;
5 3 6 248;
5 3 7 258;
5 3 8 176;
5 3 9 244;
5 3 10 167;
5 4 1 294;
5 4 2 118;
5 4 3 52;
5 4 4 195;
5 4 5 275;
5 4 6 233;
5 4 7 78;
5 4 8 179;
5 4 9 125;
5 4 10 289;
5 5 1 261;
5 5 2 194;
5 5 3 277;
5 5 4 0;
5 5 5 190;
5 5 6 188;
5 5 7 113;
5 5 8 259;
5 5 9 217;
5 5 10 102;
5 6 1 134;
5 6 2 284;
5 6 3 0;
5 6 4 246;
5 6 5 155;
5 6 6 51;
5 6 7 143;
5 6 8 0;
5 6 9 81;
5 6 10 124;
6 1 1 224;
6 1 2 84;
6 1 3 219;
6 1 4 218;
6 1 5 118;
6 1 6 293;
6 1 7 125;
6 1 8 98;
6 1 9 196;
6 1 10 146;
6 2 1 169;
6 2 2 292;
6 2 3 288;
6 2 4 227;
6 2 5 0;
6 2 6 60;
6 2 7 0;
6 2 8 122;
6 2 9 161;
6 2 10 0;
6 3 1 117;
6 3 2 153;
6 3 3 291;
6 3 4 185;
6 3 5 116;
6 3 6 114;
6 3 7 0;
6 3 8 261;
6 3 9 162;
6 3 10 277;
6 4 1 0;
6 4 2 70;
6 4 3 0;
6 4 4 236;
6 4 5 296;
6 4 6 214;
6 4 7 174;
6 4 8 55;
6 4 9 285;
6 4 10 262;
6 5 1 281;
6 5 2 0;
6 5 3 202;
6 5 4 276;
6 5 5 110;
6 5 6 160;
6 5 7 0;
6 5 8 0;
6 5 9 187;
6 5 10 58;
6 6 1 110;
6 6 2 102;
6 6 3 201;
6 6 4 0;
6 6 5 72;
6 6 6 238;
6 6 7 0;
6 6 8 205;
6 6 9 0;
6 6 10 0;
7 1 1 205;
7 1 2 203;
7 1 3 264;
7 1 4 130;
7 1 5 58;
7 1 6 55;
7 1 7 146;
7 1 8 0;
7 1 9 0;
7 1 10 123;
7 2 1 0;
7 2 2 142;
7 2 3 62;
7 2 4 117;
7 2 5 0;
7 2 6 265;
7 2 7 108;
7 2 8 134;
7 2 9 177;
7 2 10 207;
7 3 1 0;
7 3 2 239;
7 3 3 294;
7 3 4 247;
7 3 5 143;
7 3 6 233;
7 3 7 81;
7 3 8 0;
7 3 9 78;
7 3 10 74;
7 4 1 117;
7 4 2 173;
7 4 3 271;
7 4 4 285;
7 4 5 0;
7 4 6 97;
7 4 7 0;
7 4 8 189;
7 4 9 0;
7 4 10 162;
7 5 1 0;
7 5 2 0;
7 5 3 246;
7 5 4 245;
7 5 5 0;
7 5 6 137;
7 5 7 239;
7 5 8 143;
7 5 9 192;
7 5 10 253;
7 6 1 92;
7 6 2 232;
7 6 3 215;
7 6 4 133;
7 6 5 105;
7 6 6 168;
7 6 7 145;
7 6 8 273;
7 6 9 0;
7 6 10 0;
8 1 1 69;
8 1 2 140;
8 1 3 0;
8 1 4 285;
8 1 5 221;
8 1 6 114;
8 1 7 79;
8 1 8 189;
8 1 9 199;
8 1 10 208;
8 2 1 0;
8 2 2 128;
8 2 3 220;
8 2 4 257;
8 2 5 63;
8 2 6 0;
8 2 7 289;
8 2 8 107;
8 2 9 223;
8 2 10 0;
8 3 1 99;
8 3 2 269;
8 3 3 229;
8 3 4 194;
8 3 5 164;
8 3 6 0;
8 3 7 0;
8 3 8 132;
8 3 9 87;
8 3 10 192;
8 4 1 300;
8 4 2 149;
8 4 3 257;
8 4 4 58;
8 4 5 138;
8 4 6 247;
8 4 7 187;
8 4 8 105;
8 4 9 188;
8 4 10 193;
8 5 1 141;
8 5 2 92;
8 5 3 93;
8 5 4 142;
8 5 5 133;
8 5 6 0;
8 5 7 0;
8 5 8 68;
8 5 9 144;
8 5 10 0;
8 6 1 101;
8 6 2 78;
8 6 3 216;
8 6 4 257;
8 6 5 175;
8 6 6 0;
8 6 7 51;
8 6 8 192;
8 6 9 258;
8 6 10 194;
9 1 1 150;
9 1 2 175;
9 1 3 0;
9 1 4 71;
9 1 5 207;
9 1 6 278;
9 1 7 50;
9 1 8 96;
9 1 9 271;
9 1 10 254;
9 2 1 85;
9 2 2 0;
9 2 3 68;
9 2 4 124;
9 2 5 73;
9 2 6 116;
9 2 7 0;
9 2 8 221;
9 2 9 195;
9 2 10 99;
9 3 1 127;
9 3 2 138;
9 3 3 248;
9 3 4 0;
9 3 5 70;
9 3 6 149;
9 3 7 253;
9 3 8 159;
9 3 9 0;
9 3 10 129;
9 4 1 0;
9 4 2 0;
9 4 3 0;
9 4 4 233;
9 4 5 250;
9 4 6 0;
9 4 7 264;
9 4 8 62;
9 4 9 197;
9 4 10 75;
9 5 1 0;
9 5 2 123;
9 5 3 300;
9 5 4 228;
9 5 5 0;
9 5 6 0;
9 5 7 248;
9 5 8 154;
9 5 9 151;
9 5 10 165;
9 6 1 287;
9 6 2 0;
9 6 3 172;
9 6 4 91;
9 6 5 0;
9 6 6 180;
9 6 7 90;
9 6 8 250;
9 6 9 163;
9 6 10 208;
10 1 1 262;
10 1 2 177;
10 1 3 159;
10 1 4 263;
10 1 5 255;
10 1 6 176;
10 1 7 0;
10 1 8 146;
10 1 9 240;
10 1 10 181;
10 2 1 201;
10 2 2 107;
10 2 3 287;
10 2 4 260;
10 2 5 222;
10 2 6 0;
10 2 7 74;
10 2 8 293;
10 2 9 0;
10 2 10 72;
10 3 1 0;
10 3 2 254;
10 3 3 0;
10 3 4 174;
10 3 5 196;
10 3 6 259;
10 3 7 299;
10 3 8 0;
10 3 9 0;
10 3 10 0;
10 4 1 56;
10 4 2 232;
10 4 3 0;
10 4 4 290;
10 4 5 292;
10 4 6 175;
10 4 7 110;
10 4 8 136;
10 4 9 0;
10 4 10 241;
10 5 1 132;
10 5 2 171;
10 5 3 81;
10 5 4 144;
10 5 5 79;
10 5 6 149;
10 5 7 0;
10 5 8 70;
10 5 9 70;
10 5 10 223;
10 6 1 250;
10 6 2 0;
10 6 3 222;
10 6 4 74;
10 6 5 0;
10 6 6 211;
10 6 7 134;
10 6 8 279;
10 6 9 86;
10 6 10 214;
]

global Cap_c = [
1 1 1 9673.0;
1 1 2 9673.0;
1 1 3 9673.0;
1 1 4 9673.0;
1 1 5 9673.0;
1 1 6 9673.0;
1 1 7 9673.0;
1 1 8 9673.0;
1 1 9 9673.0;
1 1 10 9673.0;
1 2 1 9673.0;
1 2 2 9673.0;
1 2 3 9673.0;
1 2 4 9673.0;
1 2 5 9673.0;
1 2 6 9673.0;
1 2 7 9673.0;
1 2 8 9673.0;
1 2 9 9673.0;
1 2 10 9673.0;
2 1 1 9673.0;
2 1 2 9673.0;
2 1 3 9673.0;
2 1 4 9673.0;
2 1 5 9673.0;
2 1 6 9673.0;
2 1 7 9673.0;
2 1 8 9673.0;
2 1 9 9673.0;
2 1 10 9673.0;
2 2 1 9673.0;
2 2 2 9673.0;
2 2 3 9673.0;
2 2 4 9673.0;
2 2 5 9673.0;
2 2 6 9673.0;
2 2 7 9673.0;
2 2 8 9673.0;
2 2 9 9673.0;
2 2 10 9673.0;
3 1 1 9673.0;
3 1 2 9673.0;
3 1 3 9673.0;
3 1 4 9673.0;
3 1 5 9673.0;
3 1 6 9673.0;
3 1 7 9673.0;
3 1 8 9673.0;
3 1 9 9673.0;
3 1 10 9673.0;
3 2 1 9673.0;
3 2 2 9673.0;
3 2 3 9673.0;
3 2 4 9673.0;
3 2 5 9673.0;
3 2 6 9673.0;
3 2 7 9673.0;
3 2 8 9673.0;
3 2 9 9673.0;
3 2 10 9673.0;
4 1 1 9673.0;
4 1 2 9673.0;
4 1 3 9673.0;
4 1 4 9673.0;
4 1 5 9673.0;
4 1 6 9673.0;
4 1 7 9673.0;
4 1 8 9673.0;
4 1 9 9673.0;
4 1 10 9673.0;
4 2 1 9673.0;
4 2 2 9673.0;
4 2 3 9673.0;
4 2 4 9673.0;
4 2 5 9673.0;
4 2 6 9673.0;
4 2 7 9673.0;
4 2 8 9673.0;
4 2 9 9673.0;
4 2 10 9673.0;
5 1 1 9673.0;
5 1 2 9673.0;
5 1 3 9673.0;
5 1 4 9673.0;
5 1 5 9673.0;
5 1 6 9673.0;
5 1 7 9673.0;
5 1 8 9673.0;
5 1 9 9673.0;
5 1 10 9673.0;
5 2 1 9673.0;
5 2 2 9673.0;
5 2 3 9673.0;
5 2 4 9673.0;
5 2 5 9673.0;
5 2 6 9673.0;
5 2 7 9673.0;
5 2 8 9673.0;
5 2 9 9673.0;
5 2 10 9673.0;
6 1 1 9673.0;
6 1 2 9673.0;
6 1 3 9673.0;
6 1 4 9673.0;
6 1 5 9673.0;
6 1 6 9673.0;
6 1 7 9673.0;
6 1 8 9673.0;
6 1 9 9673.0;
6 1 10 9673.0;
6 2 1 9673.0;
6 2 2 9673.0;
6 2 3 9673.0;
6 2 4 9673.0;
6 2 5 9673.0;
6 2 6 9673.0;
6 2 7 9673.0;
6 2 8 9673.0;
6 2 9 9673.0;
6 2 10 9673.0;
]

global Cap_p = [892984.0 892984.0 892984.0 892984.0 892984.0 892984.0 892984.0 892984.0 892984.0 892984.0; 760690.0 760690.0 760690.0 760690.0 760690.0 760690.0 760690.0 760690.0 760690.0 760690.0]
#-----------------------------------------