###################################################
# Classe 24 : K = 6, M = 2, T = 10, N = 20
# Exemplo: 4.   c24ex04.dat          Semente: 2323
#-----------------------Dados----------------------
global K = 6
global M = 2
global T = 10
global N = 20

global L = [540, 460]

global l = [56, 58, 61, 67, 71, 79, 81, 86, 91, 92, 99, 99, 108, 111, 112, 113, 115, 121, 129, 134]

global Q1 = 1e5
global Q2 = 1e5

global rho = [2.0, 2.0, 2.0, 2.0, 2.0, 2.0]

global b = [1080.0 920.0; 1080.0 920.0; 1080.0 920.0; 1080.0 920.0; 1080.0 920.0; 1080.0 920.0]

global f = [29.16 24.84; 29.16 24.84; 29.16 24.84; 29.16 24.84; 29.16 24.84; 29.16 24.84]

global c_km = [50.76 25.76; 41.04 36.8; 33.48 29.44; 54.0 19.32; 33.48 34.96; 24.84 38.64]

global p_km = [6.243 3.168; 5.048 4.526; 4.118 3.621; 6.642 2.376; 4.118 4.3; 3.055 4.753]

global c_x = [
1 1 1 17.712;
1 1 2 17.712;
1 1 3 17.712;
1 1 4 17.712;
1 1 5 17.712;
1 1 6 17.712;
1 1 7 17.712;
1 1 8 17.712;
1 1 9 17.712;
1 1 10 17.712;
1 2 1 14.351;
1 2 2 14.351;
1 2 3 14.351;
1 2 4 14.351;
1 2 5 14.351;
1 2 6 14.351;
1 2 7 14.351;
1 2 8 14.351;
1 2 9 14.351;
1 2 10 14.351;
2 1 1 26.46;
2 1 2 26.46;
2 1 3 26.46;
2 1 4 26.46;
2 1 5 26.46;
2 1 6 26.46;
2 1 7 26.46;
2 1 8 26.46;
2 1 9 26.46;
2 1 10 26.46;
2 2 1 18.584;
2 2 2 18.584;
2 2 3 18.584;
2 2 4 18.584;
2 2 5 18.584;
2 2 6 18.584;
2 2 7 18.584;
2 2 8 18.584;
2 2 9 18.584;
2 2 10 18.584;
3 1 1 22.896;
3 1 2 22.896;
3 1 3 22.896;
3 1 4 22.896;
3 1 5 22.896;
3 1 6 22.896;
3 1 7 22.896;
3 1 8 22.896;
3 1 9 22.896;
3 1 10 22.896;
3 2 1 17.848;
3 2 2 17.848;
3 2 3 17.848;
3 2 4 17.848;
3 2 5 17.848;
3 2 6 17.848;
3 2 7 17.848;
3 2 8 17.848;
3 2 9 17.848;
3 2 10 17.848;
4 1 1 18.36;
4 1 2 18.36;
4 1 3 18.36;
4 1 4 18.36;
4 1 5 18.36;
4 1 6 18.36;
4 1 7 18.36;
4 1 8 18.36;
4 1 9 18.36;
4 1 10 18.36;
4 2 1 16.652;
4 2 2 16.652;
4 2 3 16.652;
4 2 4 16.652;
4 2 5 16.652;
4 2 6 16.652;
4 2 7 16.652;
4 2 8 16.652;
4 2 9 16.652;
4 2 10 16.652;
5 1 1 23.112;
5 1 2 23.112;
5 1 3 23.112;
5 1 4 23.112;
5 1 5 23.112;
5 1 6 23.112;
5 1 7 23.112;
5 1 8 23.112;
5 1 9 23.112;
5 1 10 23.112;
5 2 1 19.412;
5 2 2 19.412;
5 2 3 19.412;
5 2 4 19.412;
5 2 5 19.412;
5 2 6 19.412;
5 2 7 19.412;
5 2 8 19.412;
5 2 9 19.412;
5 2 10 19.412;
6 1 1 26.244;
6 1 2 26.244;
6 1 3 26.244;
6 1 4 26.244;
6 1 5 26.244;
6 1 6 26.244;
6 1 7 26.244;
6 1 8 26.244;
6 1 9 26.244;
6 1 10 26.244;
6 2 1 14.812;
6 2 2 14.812;
6 2 3 14.812;
6 2 4 14.812;
6 2 5 14.812;
6 2 6 14.812;
6 2 7 14.812;
6 2 8 14.812;
6 2 9 14.812;
6 2 10 14.812;
]

global c_z = [
1 1 1 0.62;
1 1 2 0.62;
1 1 3 0.62;
1 1 4 0.62;
1 1 5 0.62;
1 1 6 0.62;
1 1 7 0.62;
1 1 8 0.62;
1 1 9 0.62;
1 1 10 0.62;
1 2 1 0.445;
1 2 2 0.445;
1 2 3 0.445;
1 2 4 0.445;
1 2 5 0.445;
1 2 6 0.445;
1 2 7 0.445;
1 2 8 0.445;
1 2 9 0.445;
1 2 10 0.445;
2 1 1 1.27;
2 1 2 1.27;
2 1 3 1.27;
2 1 4 1.27;
2 1 5 1.27;
2 1 6 1.27;
2 1 7 1.27;
2 1 8 1.27;
2 1 9 1.27;
2 1 10 1.27;
2 2 1 0.558;
2 2 2 0.558;
2 2 3 0.558;
2 2 4 0.558;
2 2 5 0.558;
2 2 6 0.558;
2 2 7 0.558;
2 2 8 0.558;
2 2 9 0.558;
2 2 10 0.558;
3 1 1 0.847;
3 1 2 0.847;
3 1 3 0.847;
3 1 4 0.847;
3 1 5 0.847;
3 1 6 0.847;
3 1 7 0.847;
3 1 8 0.847;
3 1 9 0.847;
3 1 10 0.847;
3 2 1 0.66;
3 2 2 0.66;
3 2 3 0.66;
3 2 4 0.66;
3 2 5 0.66;
3 2 6 0.66;
3 2 7 0.66;
3 2 8 0.66;
3 2 9 0.66;
3 2 10 0.66;
4 1 1 0.881;
4 1 2 0.881;
4 1 3 0.881;
4 1 4 0.881;
4 1 5 0.881;
4 1 6 0.881;
4 1 7 0.881;
4 1 8 0.881;
4 1 9 0.881;
4 1 10 0.881;
4 2 1 0.5;
4 2 2 0.5;
4 2 3 0.5;
4 2 4 0.5;
4 2 5 0.5;
4 2 6 0.5;
4 2 7 0.5;
4 2 8 0.5;
4 2 9 0.5;
4 2 10 0.5;
5 1 1 0.809;
5 1 2 0.809;
5 1 3 0.809;
5 1 4 0.809;
5 1 5 0.809;
5 1 6 0.809;
5 1 7 0.809;
5 1 8 0.809;
5 1 9 0.809;
5 1 10 0.809;
5 2 1 0.679;
5 2 2 0.679;
5 2 3 0.679;
5 2 4 0.679;
5 2 5 0.679;
5 2 6 0.679;
5 2 7 0.679;
5 2 8 0.679;
5 2 9 0.679;
5 2 10 0.679;
6 1 1 1.26;
6 1 2 1.26;
6 1 3 1.26;
6 1 4 1.26;
6 1 5 1.26;
6 1 6 1.26;
6 1 7 1.26;
6 1 8 1.26;
6 1 9 1.26;
6 1 10 1.26;
6 2 1 0.637;
6 2 2 0.637;
6 2 3 0.637;
6 2 4 0.637;
6 2 5 0.637;
6 2 6 0.637;
6 2 7 0.637;
6 2 8 0.637;
6 2 9 0.637;
6 2 10 0.637;
]

global c_y = [
1 1 1 2.657;
1 1 2 2.657;
1 1 3 2.657;
1 1 4 2.657;
1 1 5 2.657;
1 1 6 2.657;
1 1 7 2.657;
1 1 8 2.657;
1 1 9 2.657;
1 1 10 2.657;
1 2 1 1.866;
1 2 2 1.866;
1 2 3 1.866;
1 2 4 1.866;
1 2 5 1.866;
1 2 6 1.866;
1 2 7 1.866;
1 2 8 1.866;
1 2 9 1.866;
1 2 10 1.866;
2 1 1 2.646;
2 1 2 2.646;
2 1 3 2.646;
2 1 4 2.646;
2 1 5 2.646;
2 1 6 2.646;
2 1 7 2.646;
2 1 8 2.646;
2 1 9 2.646;
2 1 10 2.646;
2 2 1 2.788;
2 2 2 2.788;
2 2 3 2.788;
2 2 4 2.788;
2 2 5 2.788;
2 2 6 2.788;
2 2 7 2.788;
2 2 8 2.788;
2 2 9 2.788;
2 2 10 2.788;
3 1 1 2.976;
3 1 2 2.976;
3 1 3 2.976;
3 1 4 2.976;
3 1 5 2.976;
3 1 6 2.976;
3 1 7 2.976;
3 1 8 2.976;
3 1 9 2.976;
3 1 10 2.976;
3 2 1 1.963;
3 2 2 1.963;
3 2 3 1.963;
3 2 4 1.963;
3 2 5 1.963;
3 2 6 1.963;
3 2 7 1.963;
3 2 8 1.963;
3 2 9 1.963;
3 2 10 1.963;
4 1 1 1.836;
4 1 2 1.836;
4 1 3 1.836;
4 1 4 1.836;
4 1 5 1.836;
4 1 6 1.836;
4 1 7 1.836;
4 1 8 1.836;
4 1 9 1.836;
4 1 10 1.836;
4 2 1 2.165;
4 2 2 2.165;
4 2 3 2.165;
4 2 4 2.165;
4 2 5 2.165;
4 2 6 2.165;
4 2 7 2.165;
4 2 8 2.165;
4 2 9 2.165;
4 2 10 2.165;
5 1 1 3.467;
5 1 2 3.467;
5 1 3 3.467;
5 1 4 3.467;
5 1 5 3.467;
5 1 6 3.467;
5 1 7 3.467;
5 1 8 3.467;
5 1 9 3.467;
5 1 10 3.467;
5 2 1 1.941;
5 2 2 1.941;
5 2 3 1.941;
5 2 4 1.941;
5 2 5 1.941;
5 2 6 1.941;
5 2 7 1.941;
5 2 8 1.941;
5 2 9 1.941;
5 2 10 1.941;
6 1 1 3.412;
6 1 2 3.412;
6 1 3 3.412;
6 1 4 3.412;
6 1 5 3.412;
6 1 6 3.412;
6 1 7 3.412;
6 1 8 3.412;
6 1 9 3.412;
6 1 10 3.412;
6 2 1 2.074;
6 2 2 2.074;
6 2 3 2.074;
6 2 4 2.074;
6 2 5 2.074;
6 2 6 2.074;
6 2 7 2.074;
6 2 8 2.074;
6 2 9 2.074;
6 2 10 2.074;
]

global c_sc = [
1 1 1 0.13;
1 1 2 0.13;
1 1 3 0.13;
1 1 4 0.13;
1 1 5 0.13;
1 1 6 0.13;
1 1 7 0.13;
1 1 8 0.13;
1 1 9 0.13;
1 1 10 0.13;
1 2 1 0.086;
1 2 2 0.086;
1 2 3 0.086;
1 2 4 0.086;
1 2 5 0.086;
1 2 6 0.086;
1 2 7 0.086;
1 2 8 0.086;
1 2 9 0.086;
1 2 10 0.086;
2 1 1 0.101;
2 1 2 0.101;
2 1 3 0.101;
2 1 4 0.101;
2 1 5 0.101;
2 1 6 0.101;
2 1 7 0.101;
2 1 8 0.101;
2 1 9 0.101;
2 1 10 0.101;
2 2 1 0.095;
2 2 2 0.095;
2 2 3 0.095;
2 2 4 0.095;
2 2 5 0.095;
2 2 6 0.095;
2 2 7 0.095;
2 2 8 0.095;
2 2 9 0.095;
2 2 10 0.095;
3 1 1 0.092;
3 1 2 0.092;
3 1 3 0.092;
3 1 4 0.092;
3 1 5 0.092;
3 1 6 0.092;
3 1 7 0.092;
3 1 8 0.092;
3 1 9 0.092;
3 1 10 0.092;
3 2 1 0.073;
3 2 2 0.073;
3 2 3 0.073;
3 2 4 0.073;
3 2 5 0.073;
3 2 6 0.073;
3 2 7 0.073;
3 2 8 0.073;
3 2 9 0.073;
3 2 10 0.073;
4 1 1 0.066;
4 1 2 0.066;
4 1 3 0.066;
4 1 4 0.066;
4 1 5 0.066;
4 1 6 0.066;
4 1 7 0.066;
4 1 8 0.066;
4 1 9 0.066;
4 1 10 0.066;
4 2 1 0.091;
4 2 2 0.091;
4 2 3 0.091;
4 2 4 0.091;
4 2 5 0.091;
4 2 6 0.091;
4 2 7 0.091;
4 2 8 0.091;
4 2 9 0.091;
4 2 10 0.091;
5 1 1 0.111;
5 1 2 0.111;
5 1 3 0.111;
5 1 4 0.111;
5 1 5 0.111;
5 1 6 0.111;
5 1 7 0.111;
5 1 8 0.111;
5 1 9 0.111;
5 1 10 0.111;
5 2 1 0.083;
5 2 2 0.083;
5 2 3 0.083;
5 2 4 0.083;
5 2 5 0.083;
5 2 6 0.083;
5 2 7 0.083;
5 2 8 0.083;
5 2 9 0.083;
5 2 10 0.083;
6 1 1 0.116;
6 1 2 0.116;
6 1 3 0.116;
6 1 4 0.116;
6 1 5 0.116;
6 1 6 0.116;
6 1 7 0.116;
6 1 8 0.116;
6 1 9 0.116;
6 1 10 0.116;
6 2 1 0.1;
6 2 2 0.1;
6 2 3 0.1;
6 2 4 0.1;
6 2 5 0.1;
6 2 6 0.1;
6 2 7 0.1;
6 2 8 0.1;
6 2 9 0.1;
6 2 10 0.1;
]

global c_w = [
1 1 1 0.301;
1 1 2 0.301;
1 1 3 0.301;
1 1 4 0.301;
1 1 5 0.301;
1 1 6 0.301;
1 1 7 0.301;
1 1 8 0.301;
1 1 9 0.301;
1 1 10 0.301;
1 2 1 0.244;
1 2 2 0.244;
1 2 3 0.244;
1 2 4 0.244;
1 2 5 0.244;
1 2 6 0.244;
1 2 7 0.244;
1 2 8 0.244;
1 2 9 0.244;
1 2 10 0.244;
2 1 1 0.688;
2 1 2 0.688;
2 1 3 0.688;
2 1 4 0.688;
2 1 5 0.688;
2 1 6 0.688;
2 1 7 0.688;
2 1 8 0.688;
2 1 9 0.688;
2 1 10 0.688;
2 2 1 0.353;
2 2 2 0.353;
2 2 3 0.353;
2 2 4 0.353;
2 2 5 0.353;
2 2 6 0.353;
2 2 7 0.353;
2 2 8 0.353;
2 2 9 0.353;
2 2 10 0.353;
3 1 1 0.435;
3 1 2 0.435;
3 1 3 0.435;
3 1 4 0.435;
3 1 5 0.435;
3 1 6 0.435;
3 1 7 0.435;
3 1 8 0.435;
3 1 9 0.435;
3 1 10 0.435;
3 2 1 0.464;
3 2 2 0.464;
3 2 3 0.464;
3 2 4 0.464;
3 2 5 0.464;
3 2 6 0.464;
3 2 7 0.464;
3 2 8 0.464;
3 2 9 0.464;
3 2 10 0.464;
4 1 1 0.367;
4 1 2 0.367;
4 1 3 0.367;
4 1 4 0.367;
4 1 5 0.367;
4 1 6 0.367;
4 1 7 0.367;
4 1 8 0.367;
4 1 9 0.367;
4 1 10 0.367;
4 2 1 0.283;
4 2 2 0.283;
4 2 3 0.283;
4 2 4 0.283;
4 2 5 0.283;
4 2 6 0.283;
4 2 7 0.283;
4 2 8 0.283;
4 2 9 0.283;
4 2 10 0.283;
5 1 1 0.532;
5 1 2 0.532;
5 1 3 0.532;
5 1 4 0.532;
5 1 5 0.532;
5 1 6 0.532;
5 1 7 0.532;
5 1 8 0.532;
5 1 9 0.532;
5 1 10 0.532;
5 2 1 0.524;
5 2 2 0.524;
5 2 3 0.524;
5 2 4 0.524;
5 2 5 0.524;
5 2 6 0.524;
5 2 7 0.524;
5 2 8 0.524;
5 2 9 0.524;
5 2 10 0.524;
6 1 1 0.656;
6 1 2 0.656;
6 1 3 0.656;
6 1 4 0.656;
6 1 5 0.656;
6 1 6 0.656;
6 1 7 0.656;
6 1 8 0.656;
6 1 9 0.656;
6 1 10 0.656;
6 2 1 0.252;
6 2 2 0.252;
6 2 3 0.252;
6 2 4 0.252;
6 2 5 0.252;
6 2 6 0.252;
6 2 7 0.252;
6 2 8 0.252;
6 2 9 0.252;
6 2 10 0.252;
]

global c_e = [
1 1 1 0.02668680445151033;
1 1 2 0.0315389507154213;
1 1 3 0.029112877583465813;
1 1 4 0.02668680445151033;
1 1 5 0.0357845786963434;
1 1 6 0.03639109697933227;
1 1 7 0.02668680445151033;
1 1 8 0.02426073131955485;
1 1 9 0.02608028616852146;
1 1 10 0.02426073131955485;
1 2 1 0.06603481717011128;
1 2 2 0.05560826709062003;
1 2 3 0.0671933227344992;
1 2 4 0.0463402225755167;
1 2 5 0.057925278219395866;
1 2 6 0.052132750397456275;
1 2 7 0.057925278219395866;
1 2 8 0.049815739268680444;
1 2 9 0.050974244833068366;
1 2 10 0.05908378378378379;
1 3 1 0.054025755166931644;
1 3 2 0.053025278219395865;
1 3 3 0.055026232114467416;
1 3 4 0.04001907790143085;
1 3 5 0.04702241653418124;
1 3 6 0.05702718600953895;
1 3 7 0.04602193958664547;
1 3 8 0.04602193958664547;
1 3 9 0.04802289348171701;
1 3 10 0.05102432432432433;
1 4 1 0.03327503974562798;
1 4 2 0.042678855325914145;
1 4 3 0.03761526232114467;
1 4 4 0.039785373608903024;
1 4 5 0.042678855325914145;
1 4 6 0.032551669316375195;
1 4 7 0.032551669316375195;
1 4 8 0.03833863275039745;
1 4 9 0.030381558028616848;
1 4 10 0.042678855325914145;
1 5 1 0.06111033386327505;
1 5 2 0.06111033386327505;
1 5 3 0.0505335453100159;
1 5 4 0.0505335453100159;
1 5 5 0.05875993640699524;
1 5 6 0.06816152623211448;
1 5 7 0.06111033386327505;
1 5 8 0.04818314785373609;
1 5 9 0.05640953895071543;
1 5 10 0.06463593004769477;
1 6 1 0.044461685214626394;
1 6 2 0.04041971383147854;
1 6 3 0.05759809220985691;
1 6 4 0.044461685214626394;
1 6 5 0.04951414944356121;
1 6 6 0.04547217806041336;
1 6 7 0.05355612082670907;
1 6 8 0.043451192368839424;
1 6 9 0.044461685214626394;
1 6 10 0.04749316375198728;
2 1 1 0.03329352146263911;
2 1 2 0.031408982511923686;
2 1 3 0.03329352146263911;
2 1 4 0.026383545310015893;
2 1 5 0.037690779014308416;
2 1 6 0.03517806041335453;
2 1 7 0.02512718600953895;
2 1 8 0.028896263910969788;
2 1 9 0.03392170111287758;
2 1 10 0.030152623211446735;
2 2 1 0.056394395866454686;
2 2 2 0.0647935612082671;
2 2 3 0.06719332273449921;
2 2 4 0.049195111287758345;
2 2 5 0.06599344197138315;
2 2 6 0.056394395866454686;
2 2 7 0.056394395866454686;
2 2 8 0.0587941573926868;
2 2 9 0.06839320349761525;
2 2 10 0.05759427662957075;
2 3 1 0.06113628775834658;
2 3 2 0.048701788553259136;
2 3 3 0.06010007949125597;
2 3 4 0.04352074721780604;
2 3 5 0.05802766295707473;
2 3 6 0.05491903815580287;
2 3 7 0.045593163751987284;
2 3 8 0.059063871224165336;
2 3 9 0.055955246422893484;
2 3 10 0.04248453895071542;
2 4 1 0.032215818759936406;
2 4 2 0.03521263910969793;
2 4 3 0.032215818759936406;
2 4 4 0.03146661367249602;
2 4 5 0.03521263910969793;
2 4 6 0.04120627980922099;
2 4 7 0.03970786963434022;
2 4 8 0.03970786963434022;
2 4 9 0.03820945945945946;
2 4 10 0.043453895071542126;
2 5 1 0.05598982511923689;
2 5 2 0.06207567567567569;
2 5 3 0.05112114467408586;
2 5 4 0.06451001589825121;
2 5 5 0.052338314785373624;
2 5 6 0.06329284578696345;
2 5 7 0.05720699523052465;
2 5 8 0.052338314785373624;
2 5 9 0.0499039745627981;
2 5 10 0.05720699523052465;
2 6 1 0.04500302066772655;
2 6 2 0.048142766295707476;
2 6 3 0.041863275039745636;
2 6 4 0.055468839427662966;
2 6 5 0.05337567567567568;
2 6 6 0.06070174880763116;
2 6 7 0.055468839427662966;
2 6 8 0.06070174880763116;
2 6 9 0.05860858505564389;
2 6 10 0.050235930047694756;
3 1 1 0.03831895866454689;
3 1 2 0.03435492845786963;
3 1 3 0.029730226550079487;
3 1 4 0.03501560015898251;
3 1 5 0.03435492845786963;
3 1 6 0.03171224165341812;
3 1 7 0.028408883147853732;
3 1 8 0.029730226550079487;
3 1 9 0.032372913354531;
3 1 10 0.02906955484896661;
3 2 1 0.054263573131955484;
3 2 2 0.06183523449920509;
3 2 3 0.051739686009538946;
3 2 4 0.05047774244833069;
3 2 5 0.06183523449920509;
3 2 6 0.0694068958664547;
3 2 7 0.07193078298887122;
3 2 8 0.05047774244833069;
3 2 9 0.06688300874403816;
3 2 10 0.07319272655007948;
3 3 1 0.05231065182829888;
3 3 2 0.05231065182829888;
3 3 3 0.050131041335453104;
3 3 4 0.05449026232114468;
3 3 5 0.05340045707472178;
3 3 6 0.055580067567567566;
3 3 7 0.05666987281399047;
3 3 8 0.05122084658187599;
3 3 9 0.05775967806041335;
3 3 10 0.05775967806041335;
3 4 1 0.033882154213036565;
3 4 2 0.04412559618441972;
3 4 3 0.03309419713831478;
3 4 4 0.04176172496025437;
3 4 5 0.04018581081081081;
3 4 6 0.03860989666136725;
3 4 7 0.03860989666136725;
3 4 8 0.033882154213036565;
3 4 9 0.04412559618441972;
3 4 10 0.04412559618441972;
3 5 1 0.05760572337042926;
3 5 2 0.0524852146263911;
3 5 3 0.05376534181240064;
3 5 4 0.05760572337042926;
3 5 5 0.07040699523052467;
3 5 6 0.07296724960254372;
3 5 7 0.06272623211446743;
3 5 8 0.05504546899841019;
3 5 9 0.05632559618441972;
3 5 10 0.07680763116057235;
3 6 1 0.049532193958664546;
3 6 2 0.060539348171701125;
3 6 3 0.053935055643879175;
3 6 4 0.06164006359300478;
3 6 5 0.05943863275039747;
3 6 6 0.052834340222575514;
3 6 7 0.05613648648648649;
3 6 8 0.053935055643879175;
3 6 9 0.04623004769475358;
3 6 10 0.05063290937996821;
4 1 1 0.032654511128775834;
4 1 2 0.03991106915739268;
4 1 3 0.03991106915739268;
4 1 4 0.03845975755166932;
4 1 5 0.02975188791732909;
4 1 6 0.03773410174880763;
4 1 7 0.04136238076311605;
4 1 8 0.03338016693163751;
4 1 9 0.029026232114467407;
4 1 10 0.04136238076311605;
4 2 1 0.0831641494435612;
4 2 2 0.05544276629570748;
4 2 3 0.06514525039745628;
4 2 4 0.06514525039745628;
4 2 5 0.06514525039745628;
4 2 6 0.06375918124006359;
4 2 7 0.06930345786963434;
4 2 8 0.0831641494435612;
4 2 9 0.07207559618441972;
4 2 10 0.07068952702702704;
4 3 1 0.05266796502384738;
4 3 2 0.0502739666136725;
4 3 3 0.06583495627980923;
4 3 4 0.07062295310015898;
4 3 5 0.049076967408585054;
4 3 6 0.06583495627980923;
4 3 7 0.06104695945945946;
4 3 8 0.06942595389507154;
4 3 9 0.051470965818759935;
4 3 10 0.057455961844197136;
4 4 1 0.05106220190779014;
4 4 2 0.05192766295707471;
4 4 3 0.045869435612082676;
4 4 4 0.04240759141494435;
4 4 5 0.0363493640699523;
4 4 6 0.045003974562798095;
4 4 7 0.03461844197138315;
4 4 8 0.05019674085850556;
4 4 9 0.03894574721780604;
4 4 10 0.04240759141494435;
4 5 1 0.06327186009538953;
4 5 2 0.06467790143084262;
4 5 3 0.05764769475357712;
4 5 4 0.07733227344992052;
4 5 5 0.07170810810810813;
4 5 6 0.07733227344992052;
4 5 7 0.08155039745627983;
4 5 8 0.06467790143084262;
4 5 9 0.08155039745627983;
4 5 10 0.0674899841017488;
4 6 1 0.05561319554848967;
4 6 2 0.054404213036565986;
4 6 3 0.054404213036565986;
4 6 4 0.0725389507154213;
4 6 5 0.07012098569157393;
4 6 6 0.050777265500794914;
4 6 7 0.05803116057233704;
4 6 8 0.06044912559618442;
4 6 9 0.061658108108108116;
4 6 10 0.06649403815580286;
5 1 1 0.03998688394276629;
5 1 2 0.04536973370429252;
5 1 3 0.03306607710651828;
5 1 4 0.0392179054054054;
5 1 5 0.03614199125596183;
5 1 6 0.03844892686804451;
5 1 7 0.04383177662957074;
5 1 8 0.04152484101748807;
5 1 9 0.03998688394276629;
5 1 10 0.04152484101748807;
5 2 1 0.08666035373608903;
5 2 2 0.088129173290938;
5 2 3 0.06756569952305247;
5 2 4 0.088129173290938;
5 2 5 0.07784743640699524;
5 2 6 0.08666035373608903;
5 2 7 0.061690421303656595;
5 2 8 0.08519153418124006;
5 2 9 0.08666035373608903;
5 2 10 0.07784743640699524;
5 3 1 0.05327539745627981;
5 3 2 0.07230232511923688;
5 3 3 0.05581232114467408;
5 3 4 0.06342309220985691;
5 3 5 0.07230232511923688;
5 3 6 0.05073847376788554;
5 3 7 0.057080782988871225;
5 3 8 0.05581232114467408;
5 3 9 0.06469155405405405;
5 3 10 0.05581232114467408;
5 4 1 0.04493938791732909;
5 4 2 0.05044217011128776;
5 4 3 0.03851947535771065;
5 4 4 0.05135930047694754;
5 4 5 0.04585651828298887;
5 4 6 0.053193561208267084;
5 4 7 0.04127086645468998;
5 4 8 0.04585651828298887;
5 4 9 0.04493938791732909;
5 4 10 0.04493938791732909;
5 5 1 0.0744992050874404;
5 5 2 0.08194912559618445;
5 5 3 0.07300922098569158;
5 5 4 0.07151923688394278;
5 5 5 0.08790906200317967;
5 5 6 0.0744992050874404;
5 5 7 0.08790906200317967;
5 5 8 0.07002925278219396;
5 5 9 0.08641907790143086;
5 5 10 0.08641907790143086;
5 6 1 0.05637106518282989;
5 6 2 0.06790151033386328;
5 6 3 0.061495707472178064;
5 6 4 0.053808744038155804;
5 6 5 0.05637106518282989;
5 6 6 0.05765222575516693;
5 6 7 0.06790151033386328;
5 6 8 0.07686963434022258;
5 6 9 0.060214546899841015;
5 6 10 0.07046383147853737;
6 1 1 0.04791494435612082;
6 1 2 0.03850308028616852;
6 1 3 0.04791494435612082;
6 1 4 0.04021432829888711;
6 1 5 0.03764745627980921;
6 1 6 0.045348072337042925;
6 1 7 0.046203696343402226;
6 1 8 0.03593620826709062;
6 1 9 0.03764745627980921;
6 1 10 0.035080584260731316;
6 2 1 0.0866189785373609;
6 2 2 0.06700713434022258;
6 2 3 0.07681305643879173;
6 2 4 0.0866189785373609;
6 2 5 0.08498465818759936;
6 2 6 0.06537281399046105;
6 2 7 0.07844737678855326;
6 2 8 0.07354441573926869;
6 2 9 0.07027577503974562;
6 2 10 0.06537281399046105;
6 3 1 0.07056935612082671;
6 3 2 0.07903767885532592;
6 3 3 0.08044906597774244;
6 3 4 0.07621490461049285;
6 3 5 0.08044906597774244;
6 3 6 0.07198074324324324;
6 3 7 0.08186045310015898;
6 3 8 0.06068964626391097;
6 3 9 0.07903767885532592;
6 3 10 0.08468322734499205;
6 4 1 0.042859697933227345;
6 4 2 0.042859697933227345;
6 4 3 0.05714626391096979;
6 4 4 0.043880166931637515;
6 4 5 0.052043918918918915;
6 4 6 0.04694157392686805;
6 4 7 0.05714626391096979;
6 4 8 0.053064387917329085;
6 4 9 0.061228139904610485;
6 4 10 0.05102344992050874;
6 5 1 0.09781430842607315;
6 5 2 0.07791987281399046;
6 5 3 0.07128839427662959;
6 5 4 0.08455135135135136;
6 5 5 0.08123561208267092;
6 5 6 0.09284069952305249;
6 5 7 0.06631478537360892;
6 5 8 0.07791987281399046;
6 5 9 0.06797265500794913;
6 5 10 0.08289348171701115;
6 6 1 0.0712758346581876;
6 6 2 0.05702066772655009;
6 6 3 0.06129721780604134;
6 6 4 0.08267996820349761;
6 6 5 0.06272273449920508;
6 6 6 0.07555238473767886;
6 6 7 0.06414825119236885;
6 6 8 0.07697790143084261;
6 6 9 0.08267996820349761;
6 6 10 0.07555238473767886;
7 1 1 0.05000526629570746;
7 1 2 0.035091414944356115;
7 1 3 0.04035512718600954;
7 1 4 0.042986983306836236;
7 1 5 0.035091414944356115;
7 1 6 0.042986983306836236;
7 1 7 0.03947784181240063;
7 1 8 0.045618839427662955;
7 1 9 0.04210969793322734;
7 1 10 0.042986983306836236;
7 2 1 0.08713616852146265;
7 2 2 0.0888118640699523;
7 2 3 0.06870351748807631;
7 2 4 0.0988660373608903;
7 2 5 0.10054173290937997;
7 2 6 0.06870351748807631;
7 2 7 0.06870351748807631;
7 2 8 0.08210908187599364;
7 2 9 0.0837847774244833;
7 2 10 0.09048755961844197;
7 3 1 0.07525015898251193;
7 3 2 0.07525015898251193;
7 3 3 0.06367321144674086;
7 3 4 0.08103863275039747;
7 3 5 0.07525015898251193;
7 3 6 0.07090880365659777;
7 3 7 0.0766972774244833;
7 3 8 0.07090880365659777;
7 3 9 0.06801456677265501;
7 3 10 0.060778974562798085;
7 4 1 0.06173191573926867;
7 4 2 0.044991057233704286;
7 4 3 0.0606856120826709;
7 4 4 0.0606856120826709;
7 4 5 0.05231518282988871;
7 4 6 0.05859300476947536;
7 4 7 0.051268879173290934;
7 4 8 0.04708366454689984;
7 4 9 0.05963930842607312;
7 4 10 0.05231518282988871;
7 5 1 0.0951910969793323;
7 5 2 0.1019904610492846;
7 5 3 0.09179141494435614;
7 5 4 0.07479300476947537;
7 5 5 0.09859077901430843;
7 5 6 0.09009157392686806;
7 5 7 0.08839173290937999;
7 5 8 0.08839173290937999;
7 5 9 0.09009157392686806;
7 5 10 0.09009157392686806;
7 6 1 0.0643106518282989;
7 6 2 0.0745418918918919;
7 6 3 0.0847731319554849;
7 6 4 0.0701570747217806;
7 6 5 0.06869546899841018;
7 6 6 0.07892670906200319;
7 6 7 0.08038831478537362;
7 6 8 0.06577225755166932;
7 6 9 0.0643106518282989;
7 6 10 0.07746510333863275;
8 1 1 0.055886327503974556;
8 1 2 0.05402344992050873;
8 1 3 0.037257551669316366;
8 1 4 0.04284618441971383;
8 1 5 0.05495488871224164;
8 1 6 0.05402344992050873;
8 1 7 0.03912042925278219;
8 1 8 0.04657193958664546;
8 1 9 0.0400518680445151;
8 1 10 0.053092011128775825;
8 2 1 0.07116534181240063;
8 2 2 0.09607321144674087;
8 2 3 0.10318974562798092;
8 2 4 0.10674801271860096;
8 2 5 0.08361927662957074;
8 2 6 0.0889566772655008;
8 2 7 0.0889566772655008;
8 2 8 0.0996314785373609;
8 2 9 0.0996314785373609;
8 2 10 0.10674801271860096;
8 3 1 0.08604101748807631;
8 3 2 0.08757746422893481;
8 3 3 0.07067655007949127;
8 3 4 0.08143167726550081;
8 3 5 0.08911391096979332;
8 3 6 0.09218680445151034;
8 3 7 0.08757746422893481;
8 3 8 0.061457869634340224;
8 3 9 0.07682233704292528;
8 3 10 0.08143167726550081;
8 4 1 0.0610989666136725;
8 4 2 0.047768282988871216;
8 4 3 0.06665341812400635;
8 4 4 0.06220985691573927;
8 4 5 0.053322734499205084;
8 4 6 0.046657392686804446;
8 4 7 0.05554451510333863;
8 4 8 0.06220985691573927;
8 4 9 0.054433624801271854;
8 4 10 0.06220985691573927;
8 5 1 0.09565278219395869;
8 5 2 0.08843370429252784;
8 5 3 0.081214626391097;
8 5 4 0.08301939586645471;
8 5 5 0.10648139904610494;
8 5 6 0.09204324324324326;
8 5 7 0.07940985691573929;
8 5 8 0.07760508744038157;
8 5 9 0.08662893481717013;
8 5 10 0.09926232114467412;
8 6 1 0.08379872813990462;
8 6 2 0.08069507154213036;
8 6 3 0.06672861685214626;
8 6 4 0.08379872813990462;
8 6 5 0.09000604133545309;
8 6 6 0.06672861685214626;
8 6 7 0.09000604133545309;
8 6 8 0.08069507154213036;
8 6 9 0.09310969793322735;
8 6 10 0.07448775834658188;
9 1 1 0.04927961049284578;
9 1 2 0.051250794912559614;
9 1 3 0.05814994038155802;
9 1 4 0.039423688394276624;
9 1 5 0.051250794912559614;
9 1 6 0.04435164944356121;
9 1 7 0.05322197933227344;
9 1 8 0.05223638712241653;
9 1 9 0.05322197933227344;
9 1 10 0.04435164944356121;
9 2 1 0.08659829093799681;
9 2 2 0.09789372019077902;
9 2 3 0.08848086248012718;
9 2 4 0.08471571939586646;
9 2 5 0.09977629173290939;
9 2 6 0.07718543322734499;
9 2 7 0.08848086248012718;
9 2 8 0.11107172098569157;
9 2 9 0.08095057631160572;
9 2 10 0.10542400635930049;
9 3 1 0.07315987678855326;
9 3 2 0.07966297694753577;
9 3 3 0.08291452702702704;
9 3 4 0.0812887519872814;
9 3 5 0.09104340222575519;
9 3 6 0.06990832670906201;
9 3 7 0.08779185214626391;
9 3 8 0.08941762718600955;
9 3 9 0.09429495230524641;
9 3 10 0.06828255166931638;
9 4 1 0.05994932432432432;
9 4 2 0.06935313990461048;
9 4 3 0.06230027821939587;
9 4 4 0.06817766295707471;
9 4 5 0.05172098569157392;
9 4 6 0.06935313990461048;
9 4 7 0.057598370429252775;
9 4 8 0.05994932432432432;
9 4 9 0.057598370429252775;
9 4 10 0.06230027821939587;
9 5 1 0.10312368839427664;
9 5 2 0.105033386327504;
9 5 3 0.10694308426073136;
9 5 4 0.11076248012718602;
9 5 5 0.08784610492845789;
9 5 6 0.105033386327504;
9 5 7 0.11267217806041337;
9 5 8 0.08593640699523054;
9 5 9 0.0802073131955485;
9 5 10 0.11076248012718602;
9 6 1 0.06568203497615263;
9 6 2 0.07060818759936408;
9 6 3 0.06732408585055644;
9 6 4 0.08046049284578696;
9 6 5 0.07060818759936408;
9 6 6 0.08046049284578696;
9 6 7 0.0837445945945946;
9 6 8 0.08867074721780605;
9 6 9 0.09359689984101749;
9 6 10 0.06568203497615263;
10 1 1 0.05081756756756756;
10 1 2 0.05181399046104928;
10 1 3 0.05480325914149443;
10 1 4 0.04085333863275039;
10 1 5 0.04184976152623211;
10 1 6 0.05978537360890301;
10 1 7 0.05181399046104928;
10 1 8 0.04184976152623211;
10 1 9 0.04284618441971383;
10 1 10 0.05579968203497615;
10 2 1 0.10467925278219396;
10 2 2 0.09325969793322735;
10 2 3 0.10848577106518283;
10 2 4 0.11038903020667726;
10 2 5 0.09896947535771065;
10 2 6 0.07613036565977743;
10 2 7 0.11419554848966612;
10 2 8 0.0799368839427663;
10 2 9 0.11038903020667726;
10 2 10 0.07613036565977743;
10 3 1 0.0723201907790143;
10 3 2 0.08875659777424484;
10 3 3 0.08546931637519874;
10 3 4 0.08711295707472179;
10 3 5 0.08546931637519874;
10 3 6 0.06738926868044515;
10 3 7 0.07560747217806041;
10 3 8 0.07889475357710651;
10 3 9 0.06738926868044515;
10 3 10 0.08711295707472179;
10 4 1 0.05941971383147853;
10 4 2 0.04753577106518283;
10 4 3 0.0487241653418124;
10 4 4 0.06298489666136725;
10 4 5 0.052289348171701104;
10 4 6 0.06298489666136725;
10 4 7 0.05110095389507154;
10 4 8 0.07011526232114466;
10 4 9 0.0487241653418124;
10 4 10 0.0487241653418124;
10 5 1 0.10425691573926872;
10 5 2 0.09460349761526234;
10 5 3 0.08688076311605725;
10 5 4 0.11391033386327505;
10 5 5 0.10618759936406998;
10 5 6 0.11004896661367251;
10 5 7 0.10039554848966617;
10 5 8 0.10039554848966617;
10 5 9 0.09074213036565978;
10 5 10 0.10425691573926872;
10 6 1 0.06806391096979332;
10 6 2 0.0763643879173291;
10 6 3 0.08134467408585055;
10 6 4 0.07470429252782194;
10 6 5 0.08798505564387919;
10 6 6 0.0796845786963434;
10 6 7 0.08798505564387919;
10 6 8 0.09462543720190779;
10 6 9 0.0763643879173291;
10 6 10 0.07138410174880765;
11 1 1 0.04610622019077901;
11 1 2 0.05790083465818759;
11 1 3 0.05682859697933227;
11 1 4 0.06433426073131955;
11 1 5 0.04717845786963434;
11 1 6 0.050395170906200305;
11 1 7 0.051467408585055635;
11 1 8 0.05682859697933227;
11 1 9 0.05253964626391096;
11 1 10 0.06326202305246421;
11 2 1 0.0983074721780604;
11 2 2 0.10854783386327505;
11 2 3 0.10445168918918919;
11 2 4 0.08601903815580286;
11 2 5 0.10649976152623213;
11 2 6 0.10445168918918919;
11 2 7 0.08601903815580286;
11 2 8 0.08601903815580286;
11 2 9 0.10854783386327505;
11 2 10 0.09216325516693165;
11 3 1 0.10612201907790143;
11 3 2 0.07251671303656597;
11 3 3 0.10612201907790143;
11 3 4 0.074285413354531;
11 3 5 0.09374111685214627;
11 3 6 0.0831289149443561;
11 3 7 0.074285413354531;
11 3 8 0.07782281399046105;
11 3 9 0.08136021462639109;
11 3 10 0.09904721780604135;
11 4 1 0.06521959459459459;
11 4 2 0.07161367249602543;
11 4 3 0.06649841017488076;
11 4 4 0.06394077901430842;
11 4 5 0.07289248807631159;
11 4 6 0.06266196343402225;
11 4 7 0.07545011923688394;
11 4 8 0.07161367249602543;
11 4 9 0.07289248807631159;
11 4 10 0.06266196343402225;
11 5 1 0.10803434022257555;
11 5 2 0.12049984101748809;
11 5 3 0.09141367249602546;
11 5 4 0.11842225755166932;
11 5 5 0.11426709062003182;
11 5 6 0.09556883942766298;
11 5 7 0.09556883942766298;
11 5 8 0.11011192368839431;
11 5 9 0.08933608903020669;
11 5 10 0.09141367249602546;
11 6 1 0.09825238473767886;
11 6 2 0.10718441971383148;
11 6 3 0.08753394276629571;
11 6 4 0.07502909379968203;
11 6 5 0.10003879173290939;
11 6 6 0.08396112877583466;
11 6 7 0.10539801271860096;
11 6 8 0.08217472178060414;
11 6 9 0.08574753577106518;
11 6 10 0.08574753577106518;
12 1 1 0.04610622019077901;
12 1 2 0.05361188394276629;
12 1 3 0.06111754769475356;
12 1 4 0.043961744833068354;
12 1 5 0.04825069554848967;
12 1 6 0.05790083465818759;
12 1 7 0.04610622019077901;
12 1 8 0.051467408585055635;
12 1 9 0.05468412162162162;
12 1 10 0.060045310015898246;
12 2 1 0.08806711049284578;
12 2 2 0.11878819554848966;
12 2 3 0.09421132750397455;
12 2 4 0.11878819554848966;
12 2 5 0.10649976152623213;
12 2 6 0.10649976152623213;
12 2 7 0.12083626788553259;
12 2 8 0.08397096581875993;
12 2 9 0.10854783386327505;
12 2 10 0.09625939984101747;
12 3 1 0.07782281399046105;
12 3 2 0.07959151430842608;
12 3 3 0.07959151430842608;
12 3 4 0.0955098171701113;
12 3 5 0.10258461844197138;
12 3 6 0.08843501589825119;
12 3 7 0.09727851748807632;
12 3 8 0.0955098171701113;
12 3 9 0.10258461844197138;
12 3 10 0.09197241653418124;
12 4 1 0.05498906995230524;
12 4 2 0.06649841017488076;
12 4 3 0.051152623211446736;
12 4 4 0.05626788553259141;
12 4 5 0.06138314785373608;
12 4 6 0.051152623211446736;
12 4 7 0.07672893481717011;
12 4 8 0.07289248807631159;
12 4 9 0.06138314785373608;
12 4 10 0.05754670111287759;
12 5 1 0.12049984101748809;
12 5 2 0.09349125596184422;
12 5 3 0.11218950715421307;
12 5 4 0.09141367249602546;
12 5 5 0.08725850556438793;
12 5 6 0.10595675675675678;
12 5 7 0.09764642289348173;
12 5 8 0.08933608903020669;
12 5 9 0.09349125596184422;
12 5 10 0.10595675675675678;
12 6 1 0.10718441971383148;
12 6 2 0.0732426868044515;
12 6 3 0.10539801271860096;
12 6 4 0.09110675675675677;
12 6 5 0.0732426868044515;
12 6 6 0.08396112877583466;
12 6 7 0.10361160572337043;
12 6 8 0.10003879173290939;
12 6 9 0.08932034976152624;
12 6 10 0.10718441971383148;
13 1 1 0.06901311605723369;
13 1 2 0.05731597774244832;
13 1 3 0.05614626391096978;
13 1 4 0.06433426073131955;
13 1 5 0.06550397456279809;
13 1 6 0.061994833068362475;
13 1 7 0.06667368839427662;
13 1 8 0.06901311605723369;
13 1 9 0.061994833068362475;
13 1 10 0.04795826709062002;
13 2 1 0.11171303656597774;
13 2 2 0.1340556438791733;
13 2 3 0.09830747217806042;
13 2 4 0.11394729729729729;
13 2 5 0.1340556438791733;
13 2 6 0.10501025437201908;
13 2 7 0.11618155802861686;
13 2 8 0.12511860095389507;
13 2 9 0.12958712241653417;
13 2 10 0.12511860095389507;
13 3 1 0.08103863275039745;
13 3 2 0.08103863275039745;
13 3 3 0.10226303656597775;
13 3 4 0.10805151033386329;
13 3 5 0.11576947535771065;
13 3 6 0.08103863275039745;
13 3 7 0.09647456279809222;
13 3 8 0.10612201907790145;
13 3 9 0.08682710651828299;
13 3 10 0.08682710651828299;
13 4 1 0.05719793322734498;
13 4 2 0.08230922098569157;
13 4 3 0.08370429252782192;
13 4 4 0.06417329093799681;
13 4 5 0.06277821939586645;
13 4 6 0.05580286168521462;
13 4 7 0.07951907790143083;
13 4 8 0.07533386327503976;
13 4 9 0.08091414944356119;
13 4 10 0.07812400635930047;
13 5 1 0.13598728139904612;
13 5 2 0.10652337042925279;
13 5 3 0.09519109697933228;
13 5 4 0.1155891891891892;
13 5 5 0.13145437201907792;
13 5 6 0.1019904610492846;
13 5 7 0.13598728139904612;
13 5 8 0.09292464228934817;
13 5 9 0.13372082670906202;
13 5 10 0.12692146263910972;
13 6 1 0.11303084260731319;
13 6 2 0.07795230524642291;
13 6 3 0.0857475357710652;
13 6 4 0.07795230524642291;
13 6 5 0.10328680445151034;
13 6 6 0.09354276629570747;
13 6 7 0.10913322734499206;
13 6 8 0.10328680445151034;
13 6 9 0.0837987281399046;
13 6 10 0.10133799682034977;
14 1 1 0.06612132352941176;
14 1 2 0.06491911764705882;
14 1 3 0.06251470588235293;
14 1 4 0.06011029411764705;
14 1 5 0.06131249999999999;
14 1 6 0.04929044117647058;
14 1 7 0.07093014705882351;
14 1 8 0.06491911764705882;
14 1 9 0.06371691176470588;
14 1 10 0.06371691176470588;
14 2 1 0.1171125;
14 2 2 0.1102235294117647;
14 2 3 0.13089044117647058;
14 2 4 0.13089044117647058;
14 2 5 0.12400147058823531;
14 2 6 0.13318676470588234;
14 2 7 0.10333455882352942;
14 2 8 0.1171125;
14 2 9 0.09874191176470587;
14 2 10 0.11251985294117647;
14 3 1 0.11898529411764705;
14 3 2 0.08725588235294118;
14 3 3 0.1011375;
14 3 4 0.11501911764705881;
14 3 5 0.09915441176470588;
14 3 6 0.11898529411764705;
14 3 7 0.08130661764705882;
14 3 8 0.0892389705882353;
14 3 9 0.08527279411764706;
14 3 10 0.1011375;
14 4 1 0.07025735294117647;
14 4 2 0.08316176470588234;
14 4 3 0.06022058823529411;
14 4 4 0.07169117647058823;
14 4 5 0.07742647058823529;
14 4 6 0.06308823529411765;
14 4 7 0.0645220588235294;
14 4 8 0.07169117647058823;
14 4 9 0.0688235294117647;
14 4 10 0.0688235294117647;
14 5 1 0.1327764705882353;
14 5 2 0.09550588235294119;
14 5 3 0.10016470588235295;
14 5 4 0.11647058823529415;
14 5 5 0.11880000000000002;
14 5 6 0.12811764705882356;
14 5 7 0.1234588235294118;
14 5 8 0.09783529411764708;
14 5 9 0.10249411764705885;
14 5 10 0.11181176470588237;
14 6 1 0.10215;
14 6 2 0.10014705882352942;
14 6 3 0.12017647058823529;
14 6 4 0.11216470588235296;
14 6 5 0.08612647058823529;
14 6 6 0.09614117647058824;
14 6 7 0.1181735294117647;
14 6 8 0.10014705882352942;
14 6 9 0.11216470588235296;
14 6 10 0.1181735294117647;
15 1 1 0.0715691573926868;
15 1 2 0.0691430842607313;
15 1 3 0.06186486486486486;
15 1 4 0.05943879173290937;
15 1 5 0.04973449920508743;
15 1 6 0.0485214626391097;
15 1 7 0.07278219395866455;
15 1 8 0.06186486486486486;
15 1 9 0.05943879173290937;
15 1 10 0.05337360890302066;
15 2 1 0.11121653418124006;
15 2 2 0.12975262321144676;
15 2 3 0.09499745627980921;
15 2 4 0.11353354531001589;
15 2 5 0.11816756756756758;
15 2 6 0.12743561208267093;
15 2 7 0.13670365659777425;
15 2 8 0.12511860095389507;
15 2 9 0.1343866454689984;
15 2 10 0.10194848966613673;
15 3 1 0.08203910969793322;
15 3 2 0.11005246422893483;
15 3 3 0.10004769475357711;
15 3 4 0.08404006359300477;
15 3 5 0.08604101748807631;
15 3 6 0.09604578696343402;
15 3 7 0.0900429252782194;
15 3 8 0.11005246422893483;
15 3 9 0.11005246422893483;
15 3 10 0.0800381558028617;
15 4 1 0.05931637519872813;
15 4 2 0.06510333863275039;
15 4 3 0.08535771065182829;
15 4 4 0.06799682034976152;
15 4 5 0.08535771065182829;
15 4 6 0.05931637519872813;
15 4 7 0.07812400635930047;
15 4 8 0.07089030206677265;
15 4 9 0.08246422893481715;
15 4 10 0.07378378378378378;
15 5 1 0.1222206677265501;
15 5 2 0.11751987281399048;
15 5 3 0.10811828298887124;
15 5 4 0.13397265500794914;
15 5 5 0.11751987281399048;
15 5 6 0.098716693163752;
15 5 7 0.13867344992050876;
15 5 8 0.10576788553259144;
15 5 9 0.13867344992050876;
15 5 10 0.11516947535771066;
15 6 1 0.111154213036566;
15 6 2 0.08690238473767885;
15 6 3 0.09498632750397457;
15 6 4 0.09498632750397457;
15 6 5 0.111154213036566;
15 6 6 0.111154213036566;
15 6 7 0.10913322734499206;
15 6 8 0.111154213036566;
15 6 9 0.10913322734499206;
15 6 10 0.12125914149443562;
16 1 1 0.06608883147853735;
16 1 2 0.05874562798092209;
16 1 3 0.07098430047694752;
16 1 4 0.04895468998410175;
16 1 5 0.05874562798092209;
16 1 6 0.055074026232114465;
16 1 7 0.05629789348171701;
16 1 8 0.06364109697933228;
16 1 9 0.062417229729729726;
16 1 10 0.06364109697933228;
16 2 1 0.1379242249602544;
16 2 2 0.1379242249602544;
16 2 3 0.13091112877583466;
16 2 4 0.13091112877583466;
16 2 5 0.10052104531001589;
16 2 6 0.12857343004769475;
16 2 7 0.11688493640699522;
16 2 8 0.1028587440381558;
16 2 9 0.098183346581876;
16 2 10 0.1122095389507154;
16 3 1 0.09488451907790144;
16 3 2 0.08075278219395868;
16 3 3 0.08882806041335453;
16 3 4 0.09488451907790144;
16 3 5 0.09286569952305247;
16 3 6 0.11911035373608904;
16 3 7 0.11911035373608904;
16 3 8 0.10497861685214628;
16 3 9 0.0847904213036566;
16 3 10 0.09488451907790144;
16 4 1 0.08028120031796503;
16 4 2 0.05984598569157392;
16 4 3 0.06568461844197138;
16 4 4 0.07882154213036566;
16 4 5 0.06276530206677265;
16 4 6 0.07736188394276629;
16 4 7 0.08028120031796503;
16 4 8 0.06568461844197138;
16 4 9 0.07152325119236883;
16 4 10 0.06714427662957075;
16 5 1 0.11382639109697934;
16 5 2 0.12805468998410177;
16 5 3 0.13279745627980927;
16 5 4 0.13042607313195553;
16 5 5 0.12331192368839432;
16 5 6 0.14228298887122418;
16 5 7 0.09485532591414947;
16 5 8 0.12568330683624804;
16 5 9 0.09722670906200319;
16 5 10 0.12331192368839432;
16 6 1 0.08971732909379969;
16 6 2 0.10602957074721782;
16 6 3 0.09583441971383148;
16 6 4 0.12234181240063594;
16 6 5 0.12030278219395868;
16 6 6 0.1182637519872814;
16 6 7 0.0836002384737679;
16 6 8 0.08971732909379969;
16 6 9 0.0836002384737679;
16 6 10 0.08156120826709062;
17 1 1 0.07224065977742446;
17 1 2 0.06476748807631161;
17 1 3 0.05978537360890301;
17 1 4 0.062276430842607304;
17 1 5 0.06103090222575516;
17 1 6 0.07099513116057232;
17 1 7 0.05231220190779013;
17 1 8 0.07099513116057232;
17 1 9 0.06601301669316374;
17 1 10 0.058539844992050866;
17 2 1 0.09516295707472178;
17 2 2 0.10943740063593006;
17 2 3 0.09754203100158983;
17 2 4 0.1023001788553259;
17 2 5 0.10467925278219396;
17 2 6 0.107058326709062;
17 2 7 0.1023001788553259;
17 2 8 0.1284699920508744;
17 2 9 0.11419554848966612;
17 2 10 0.13798628775834657;
17 3 1 0.11505484896661368;
17 3 2 0.08423658585055643;
17 3 3 0.10067299284578697;
17 3 4 0.08218203497615262;
17 3 5 0.09245478934817171;
17 3 6 0.11916395071542128;
17 3 7 0.09450934022257552;
17 3 8 0.09861844197138314;
17 3 9 0.0904002384737679;
17 3 10 0.10478209459459459;
17 4 1 0.08764407790143083;
17 4 2 0.0846730922098569;
17 4 3 0.06981816375198727;
17 4 4 0.08318759936406996;
17 4 5 0.05941971383147853;
17 4 6 0.07427464228934817;
17 4 7 0.06536168521462639;
17 4 8 0.081702106518283;
17 4 9 0.07427464228934817;
17 4 10 0.081702106518283;
17 5 1 0.11342766295707474;
17 5 2 0.10377424483306838;
17 5 3 0.10618759936406998;
17 5 4 0.1399745627980922;
17 5 5 0.1423879173290938;
17 5 6 0.10618759936406998;
17 5 7 0.11584101748807632;
17 5 8 0.1230810810810811;
17 5 9 0.0965341812400636;
17 5 10 0.1279077901430843;
17 6 1 0.11205643879173292;
17 6 2 0.09960572337042925;
17 6 3 0.10583108108108108;
17 6 4 0.11620667726550081;
17 6 5 0.11413155802861687;
17 6 6 0.10168084260731321;
17 6 7 0.10168084260731321;
17 6 8 0.11620667726550081;
17 6 9 0.09960572337042925;
17 6 10 0.12243203497615263;
18 1 1 0.07469922496025436;
18 1 2 0.06683614864864865;
18 1 3 0.07338871224165341;
18 1 4 0.07600973767885531;
18 1 5 0.06945717408585056;
18 1 6 0.057662559618441966;
18 1 7 0.06028358505564387;
18 1 8 0.052420508744038155;
18 1 9 0.07732025039745627;
18 1 10 0.07732025039745627;
18 2 1 0.15019197138314785;
18 2 2 0.1051343799682035;
18 2 3 0.14268237281399046;
18 2 4 0.1451855723370429;
18 2 5 0.12766317567567567;
18 2 6 0.10012798092209858;
18 2 7 0.13016637519872815;
18 2 8 0.11514717806041336;
18 2 9 0.15019197138314785;
18 2 10 0.10012798092209858;
18 3 1 0.09079328298887122;
18 3 2 0.1275429451510334;
18 3 3 0.11241073131955485;
18 3 4 0.09511677265500795;
18 3 5 0.12321945548489666;
18 3 6 0.09511677265500795;
18 3 7 0.11457247615262323;
18 3 8 0.11241073131955485;
18 3 9 0.12105771065182831;
18 3 10 0.11457247615262323;
18 4 1 0.0765868441971383;
18 4 2 0.06720886327503975;
18 4 3 0.0890908187599364;
18 4 4 0.0890908187599364;
18 4 5 0.0890908187599364;
18 4 6 0.06564586645468998;
18 4 7 0.09065381558028615;
18 4 8 0.07502384737678855;
18 4 9 0.08440182829888712;
18 4 10 0.08440182829888712;
18 5 1 0.1421990461049285;
18 5 2 0.12950270270270273;
18 5 3 0.12188489666136727;
18 5 4 0.12188489666136727;
18 5 5 0.12950270270270273;
18 5 6 0.11934562798092212;
18 5 7 0.14727758346581876;
18 5 8 0.13204197138314788;
18 5 9 0.12188489666136727;
18 5 10 0.15235612082670907;
18 6 1 0.11353608903020669;
18 6 2 0.10043577106518284;
18 6 3 0.11571947535771068;
18 6 4 0.09388561208267092;
18 6 5 0.11571947535771068;
18 6 6 0.12445302066772655;
18 6 7 0.09170222575516694;
18 6 8 0.12663640699523052;
18 6 9 0.09825238473767886;
18 6 10 0.1026191573926868;
19 1 1 0.055886327503974556;
19 1 2 0.05868064387917328;
19 1 3 0.07963801669316373;
19 1 4 0.055886327503974556;
19 1 5 0.07544654213036567;
19 1 6 0.05728348569157391;
19 1 7 0.08382949125596183;
19 1 8 0.05728348569157391;
19 1 9 0.07544654213036567;
19 1 10 0.08382949125596183;
19 2 1 0.14410981717011132;
19 2 2 0.1601220190779014;
19 2 3 0.1574533187599364;
19 2 4 0.1574533187599364;
19 2 5 0.11475411367249602;
19 2 6 0.10674801271860096;
19 2 7 0.13343501589825119;
19 2 8 0.12809761526232114;
19 2 9 0.12542891494435612;
19 2 10 0.13610371621621623;
19 3 1 0.1267568561208267;
19 3 2 0.11984284578696343;
19 3 3 0.09218680445151034;
19 3 4 0.11984284578696343;
19 3 5 0.13367086645468998;
19 3 6 0.13828020667726548;
19 3 7 0.11292883545310016;
19 3 8 0.10140548489666136;
19 3 9 0.12445218600953897;
19 3 10 0.13367086645468998;
19 4 1 0.0683197535771065;
19 4 2 0.07665143084260731;
19 4 3 0.09998012718600952;
19 4 4 0.07331875993640699;
19 4 5 0.07831776629570746;
19 4 6 0.07998410174880762;
19 4 7 0.0933147853736089;
19 4 8 0.09831379173290937;
19 4 9 0.07998410174880762;
19 4 10 0.0683197535771065;
19 5 1 0.12452909379968206;
19 5 2 0.1380648648648649;
19 5 3 0.11911478537360892;
19 5 4 0.15430779014308427;
19 5 5 0.13265055643879176;
19 5 6 0.15701494435612084;
19 5 7 0.14077201907790146;
19 5 8 0.11099332273449922;
19 5 9 0.15701494435612084;
19 5 10 0.1380648648648649;
19 6 1 0.13268131955484896;
19 6 2 0.09776518282988872;
19 6 3 0.09310969793322735;
19 6 4 0.11871486486486488;
19 6 5 0.13268131955484896;
19 6 6 0.1117316375198728;
19 6 7 0.09310969793322735;
19 6 8 0.13500906200317964;
19 6 9 0.10940389507154213;
19 6 10 0.12337034976152625;
20 1 1 0.05950377583465818;
20 1 2 0.05950377583465818;
20 1 3 0.07546820349761527;
20 1 4 0.0827247615262321;
20 1 5 0.058052464228934814;
20 1 6 0.07691951510333864;
20 1 7 0.07691951510333864;
20 1 8 0.0870786963434022;
20 1 9 0.0827247615262321;
20 1 10 0.07111426868044514;
20 2 1 0.15801188394276627;
20 2 2 0.15523974562798093;
20 2 3 0.15523974562798093;
20 2 4 0.14137905405405407;
20 2 5 0.11088553259141495;
20 2 6 0.15801188394276627;
20 2 7 0.15801188394276627;
20 2 8 0.1663282988871224;
20 2 9 0.14969546899841019;
20 2 10 0.11088553259141495;
20 3 1 0.11730592209856916;
20 3 2 0.13645790937996818;
20 3 3 0.13645790937996818;
20 3 4 0.1388519077901431;
20 3 5 0.14363990461049284;
20 3 6 0.11491192368839427;
20 3 7 0.11730592209856916;
20 3 8 0.100547933227345;
20 3 9 0.1125179252782194;
20 3 10 0.12209391891891892;
20 4 1 0.09693163751987281;
20 4 2 0.07616057233704292;
20 4 3 0.09866255961844196;
20 4 4 0.10039348171701112;
20 4 5 0.09866255961844196;
20 4 6 0.07962241653418123;
20 4 7 0.07962241653418123;
20 4 8 0.09693163751987281;
20 4 9 0.0848151828298887;
20 4 10 0.08654610492845786;
20 5 1 0.15747662957074726;
20 5 2 0.14341621621621625;
20 5 3 0.14341621621621625;
20 5 4 0.12654372019077906;
20 5 5 0.14622829888712247;
20 5 6 0.12373163751987284;
20 5 7 0.16310079491255966;
20 5 8 0.11810747217806043;
20 5 9 0.15466454689984105;
20 5 10 0.1349799682034976;
20 6 1 0.11606232114467407;
20 6 2 0.13782400635930048;
20 6 3 0.1450779014308426;
20 6 4 0.13057011128775836;
20 6 5 0.1039724960254372;
20 6 6 0.11848028616852146;
20 6 7 0.13298807631160572;
20 6 8 0.128152146263911;
20 6 9 0.13782400635930048;
20 6 10 0.11122639109697934;
]

global d = [
1 1 1 122;
1 1 2 0;
1 1 3 199;
1 1 4 109;
1 1 5 0;
1 1 6 213;
1 1 7 280;
1 1 8 150;
1 1 9 174;
1 1 10 88;
1 2 1 213;
1 2 2 293;
1 2 3 234;
1 2 4 130;
1 2 5 122;
1 2 6 110;
1 2 7 216;
1 2 8 184;
1 2 9 103;
1 2 10 281;
1 3 1 281;
1 3 2 60;
1 3 3 249;
1 3 4 0;
1 3 5 209;
1 3 6 241;
1 3 7 80;
1 3 8 0;
1 3 9 108;
1 3 10 114;
1 4 1 148;
1 4 2 60;
1 4 3 164;
1 4 4 157;
1 4 5 50;
1 4 6 59;
1 4 7 204;
1 4 8 190;
1 4 9 99;
1 4 10 0;
1 5 1 273;
1 5 2 206;
1 5 3 83;
1 5 4 156;
1 5 5 212;
1 5 6 106;
1 5 7 121;
1 5 8 250;
1 5 9 187;
1 5 10 0;
1 6 1 59;
1 6 2 296;
1 6 3 71;
1 6 4 97;
1 6 5 56;
1 6 6 273;
1 6 7 124;
1 6 8 254;
1 6 9 295;
1 6 10 51;
2 1 1 68;
2 1 2 238;
2 1 3 0;
2 1 4 0;
2 1 5 298;
2 1 6 259;
2 1 7 210;
2 1 8 207;
2 1 9 81;
2 1 10 202;
2 2 1 154;
2 2 2 127;
2 2 3 143;
2 2 4 92;
2 2 5 126;
2 2 6 280;
2 2 7 70;
2 2 8 147;
2 2 9 66;
2 2 10 118;
2 3 1 112;
2 3 2 221;
2 3 3 77;
2 3 4 268;
2 3 5 62;
2 3 6 280;
2 3 7 263;
2 3 8 202;
2 3 9 247;
2 3 10 130;
2 4 1 286;
2 4 2 0;
2 4 3 213;
2 4 4 175;
2 4 5 147;
2 4 6 78;
2 4 7 293;
2 4 8 270;
2 4 9 0;
2 4 10 156;
2 5 1 211;
2 5 2 0;
2 5 3 224;
2 5 4 297;
2 5 5 288;
2 5 6 62;
2 5 7 235;
2 5 8 270;
2 5 9 249;
2 5 10 224;
2 6 1 0;
2 6 2 132;
2 6 3 0;
2 6 4 0;
2 6 5 263;
2 6 6 243;
2 6 7 188;
2 6 8 159;
2 6 9 254;
2 6 10 68;
3 1 1 183;
3 1 2 50;
3 1 3 147;
3 1 4 184;
3 1 5 218;
3 1 6 0;
3 1 7 288;
3 1 8 290;
3 1 9 160;
3 1 10 0;
3 2 1 155;
3 2 2 99;
3 2 3 207;
3 2 4 79;
3 2 5 235;
3 2 6 280;
3 2 7 284;
3 2 8 111;
3 2 9 0;
3 2 10 122;
3 3 1 140;
3 3 2 112;
3 3 3 116;
3 3 4 0;
3 3 5 0;
3 3 6 127;
3 3 7 220;
3 3 8 212;
3 3 9 242;
3 3 10 222;
3 4 1 126;
3 4 2 55;
3 4 3 255;
3 4 4 231;
3 4 5 78;
3 4 6 173;
3 4 7 131;
3 4 8 168;
3 4 9 257;
3 4 10 0;
3 5 1 0;
3 5 2 246;
3 5 3 282;
3 5 4 283;
3 5 5 285;
3 5 6 0;
3 5 7 0;
3 5 8 0;
3 5 9 168;
3 5 10 257;
3 6 1 229;
3 6 2 140;
3 6 3 229;
3 6 4 146;
3 6 5 146;
3 6 6 276;
3 6 7 57;
3 6 8 115;
3 6 9 0;
3 6 10 205;
4 1 1 243;
4 1 2 266;
4 1 3 268;
4 1 4 237;
4 1 5 219;
4 1 6 114;
4 1 7 293;
4 1 8 63;
4 1 9 0;
4 1 10 63;
4 2 1 282;
4 2 2 0;
4 2 3 283;
4 2 4 86;
4 2 5 0;
4 2 6 135;
4 2 7 286;
4 2 8 69;
4 2 9 0;
4 2 10 226;
4 3 1 256;
4 3 2 55;
4 3 3 147;
4 3 4 80;
4 3 5 67;
4 3 6 86;
4 3 7 79;
4 3 8 178;
4 3 9 205;
4 3 10 105;
4 4 1 56;
4 4 2 0;
4 4 3 179;
4 4 4 275;
4 4 5 0;
4 4 6 95;
4 4 7 255;
4 4 8 0;
4 4 9 113;
4 4 10 152;
4 5 1 54;
4 5 2 0;
4 5 3 132;
4 5 4 260;
4 5 5 87;
4 5 6 0;
4 5 7 244;
4 5 8 90;
4 5 9 219;
4 5 10 299;
4 6 1 260;
4 6 2 138;
4 6 3 219;
4 6 4 254;
4 6 5 225;
4 6 6 110;
4 6 7 247;
4 6 8 85;
4 6 9 182;
4 6 10 298;
5 1 1 253;
5 1 2 263;
5 1 3 214;
5 1 4 198;
5 1 5 220;
5 1 6 118;
5 1 7 258;
5 1 8 137;
5 1 9 55;
5 1 10 0;
5 2 1 112;
5 2 2 151;
5 2 3 180;
5 2 4 0;
5 2 5 0;
5 2 6 0;
5 2 7 250;
5 2 8 56;
5 2 9 245;
5 2 10 225;
5 3 1 286;
5 3 2 199;
5 3 3 220;
5 3 4 234;
5 3 5 0;
5 3 6 0;
5 3 7 67;
5 3 8 122;
5 3 9 265;
5 3 10 285;
5 4 1 73;
5 4 2 225;
5 4 3 110;
5 4 4 132;
5 4 5 192;
5 4 6 0;
5 4 7 0;
5 4 8 276;
5 4 9 113;
5 4 10 57;
5 5 1 56;
5 5 2 191;
5 5 3 287;
5 5 4 235;
5 5 5 248;
5 5 6 219;
5 5 7 0;
5 5 8 279;
5 5 9 238;
5 5 10 0;
5 6 1 83;
5 6 2 300;
5 6 3 250;
5 6 4 232;
5 6 5 158;
5 6 6 51;
5 6 7 0;
5 6 8 140;
5 6 9 0;
5 6 10 0;
6 1 1 292;
6 1 2 215;
6 1 3 87;
6 1 4 141;
6 1 5 126;
6 1 6 206;
6 1 7 0;
6 1 8 0;
6 1 9 176;
6 1 10 250;
6 2 1 92;
6 2 2 215;
6 2 3 164;
6 2 4 144;
6 2 5 215;
6 2 6 0;
6 2 7 154;
6 2 8 94;
6 2 9 293;
6 2 10 112;
6 3 1 256;
6 3 2 237;
6 3 3 222;
6 3 4 284;
6 3 5 114;
6 3 6 102;
6 3 7 276;
6 3 8 86;
6 3 9 0;
6 3 10 150;
6 4 1 0;
6 4 2 193;
6 4 3 187;
6 4 4 129;
6 4 5 219;
6 4 6 237;
6 4 7 291;
6 4 8 240;
6 4 9 0;
6 4 10 288;
6 5 1 229;
6 5 2 0;
6 5 3 0;
6 5 4 201;
6 5 5 0;
6 5 6 113;
6 5 7 282;
6 5 8 297;
6 5 9 105;
6 5 10 0;
6 6 1 0;
6 6 2 254;
6 6 3 282;
6 6 4 297;
6 6 5 241;
6 6 6 0;
6 6 7 183;
6 6 8 104;
6 6 9 231;
6 6 10 52;
7 1 1 60;
7 1 2 276;
7 1 3 164;
7 1 4 0;
7 1 5 198;
7 1 6 82;
7 1 7 121;
7 1 8 0;
7 1 9 236;
7 1 10 0;
7 2 1 227;
7 2 2 252;
7 2 3 0;
7 2 4 63;
7 2 5 0;
7 2 6 123;
7 2 7 239;
7 2 8 148;
7 2 9 128;
7 2 10 128;
7 3 1 274;
7 3 2 0;
7 3 3 203;
7 3 4 119;
7 3 5 59;
7 3 6 150;
7 3 7 0;
7 3 8 82;
7 3 9 55;
7 3 10 204;
7 4 1 76;
7 4 2 111;
7 4 3 141;
7 4 4 211;
7 4 5 0;
7 4 6 205;
7 4 7 238;
7 4 8 0;
7 4 9 196;
7 4 10 237;
7 5 1 271;
7 5 2 251;
7 5 3 265;
7 5 4 179;
7 5 5 0;
7 5 6 69;
7 5 7 146;
7 5 8 287;
7 5 9 250;
7 5 10 0;
7 6 1 0;
7 6 2 63;
7 6 3 0;
7 6 4 235;
7 6 5 99;
7 6 6 260;
7 6 7 0;
7 6 8 0;
7 6 9 57;
7 6 10 280;
8 1 1 123;
8 1 2 204;
8 1 3 246;
8 1 4 0;
8 1 5 163;
8 1 6 135;
8 1 7 143;
8 1 8 134;
8 1 9 271;
8 1 10 0;
8 2 1 86;
8 2 2 0;
8 2 3 101;
8 2 4 210;
8 2 5 85;
8 2 6 81;
8 2 7 196;
8 2 8 250;
8 2 9 112;
8 2 10 221;
8 3 1 102;
8 3 2 99;
8 3 3 0;
8 3 4 63;
8 3 5 206;
8 3 6 0;
8 3 7 121;
8 3 8 54;
8 3 9 233;
8 3 10 0;
8 4 1 163;
8 4 2 293;
8 4 3 84;
8 4 4 265;
8 4 5 171;
8 4 6 147;
8 4 7 81;
8 4 8 77;
8 4 9 0;
8 4 10 66;
8 5 1 0;
8 5 2 120;
8 5 3 293;
8 5 4 191;
8 5 5 125;
8 5 6 100;
8 5 7 235;
8 5 8 264;
8 5 9 265;
8 5 10 128;
8 6 1 0;
8 6 2 0;
8 6 3 207;
8 6 4 0;
8 6 5 196;
8 6 6 53;
8 6 7 71;
8 6 8 0;
8 6 9 233;
8 6 10 138;
9 1 1 145;
9 1 2 0;
9 1 3 0;
9 1 4 144;
9 1 5 109;
9 1 6 224;
9 1 7 280;
9 1 8 177;
9 1 9 0;
9 1 10 152;
9 2 1 273;
9 2 2 123;
9 2 3 0;
9 2 4 0;
9 2 5 255;
9 2 6 276;
9 2 7 65;
9 2 8 72;
9 2 9 257;
9 2 10 260;
9 3 1 175;
9 3 2 108;
9 3 3 52;
9 3 4 149;
9 3 5 52;
9 3 6 165;
9 3 7 0;
9 3 8 211;
9 3 9 112;
9 3 10 164;
9 4 1 206;
9 4 2 102;
9 4 3 203;
9 4 4 200;
9 4 5 147;
9 4 6 224;
9 4 7 55;
9 4 8 268;
9 4 9 62;
9 4 10 198;
9 5 1 261;
9 5 2 151;
9 5 3 293;
9 5 4 93;
9 5 5 0;
9 5 6 75;
9 5 7 285;
9 5 8 188;
9 5 9 0;
9 5 10 255;
9 6 1 150;
9 6 2 137;
9 6 3 110;
9 6 4 60;
9 6 5 245;
9 6 6 0;
9 6 7 52;
9 6 8 0;
9 6 9 88;
9 6 10 78;
10 1 1 278;
10 1 2 75;
10 1 3 103;
10 1 4 61;
10 1 5 205;
10 1 6 297;
10 1 7 250;
10 1 8 131;
10 1 9 243;
10 1 10 71;
10 2 1 0;
10 2 2 0;
10 2 3 240;
10 2 4 199;
10 2 5 73;
10 2 6 297;
10 2 7 0;
10 2 8 292;
10 2 9 203;
10 2 10 283;
10 3 1 61;
10 3 2 119;
10 3 3 116;
10 3 4 112;
10 3 5 248;
10 3 6 102;
10 3 7 82;
10 3 8 105;
10 3 9 275;
10 3 10 101;
10 4 1 0;
10 4 2 0;
10 4 3 175;
10 4 4 0;
10 4 5 0;
10 4 6 175;
10 4 7 70;
10 4 8 0;
10 4 9 116;
10 4 10 65;
10 5 1 96;
10 5 2 105;
10 5 3 191;
10 5 4 115;
10 5 5 299;
10 5 6 0;
10 5 7 225;
10 5 8 272;
10 5 9 113;
10 5 10 269;
10 6 1 258;
10 6 2 0;
10 6 3 212;
10 6 4 191;
10 6 5 91;
10 6 6 0;
10 6 7 57;
10 6 8 295;
10 6 9 224;
10 6 10 141;
11 1 1 185;
11 1 2 286;
11 1 3 0;
11 1 4 267;
11 1 5 275;
11 1 6 198;
11 1 7 257;
11 1 8 191;
11 1 9 130;
11 1 10 0;
11 2 1 257;
11 2 2 295;
11 2 3 212;
11 2 4 75;
11 2 5 202;
11 2 6 194;
11 2 7 206;
11 2 8 294;
11 2 9 89;
11 2 10 0;
11 3 1 249;
11 3 2 177;
11 3 3 0;
11 3 4 0;
11 3 5 152;
11 3 6 0;
11 3 7 0;
11 3 8 82;
11 3 9 241;
11 3 10 207;
11 4 1 73;
11 4 2 192;
11 4 3 0;
11 4 4 205;
11 4 5 96;
11 4 6 123;
11 4 7 80;
11 4 8 214;
11 4 9 65;
11 4 10 107;
11 5 1 127;
11 5 2 208;
11 5 3 139;
11 5 4 163;
11 5 5 64;
11 5 6 108;
11 5 7 0;
11 5 8 126;
11 5 9 146;
11 5 10 97;
11 6 1 132;
11 6 2 163;
11 6 3 288;
11 6 4 0;
11 6 5 129;
11 6 6 280;
11 6 7 50;
11 6 8 0;
11 6 9 116;
11 6 10 0;
12 1 1 77;
12 1 2 0;
12 1 3 260;
12 1 4 220;
12 1 5 70;
12 1 6 238;
12 1 7 58;
12 1 8 0;
12 1 9 279;
12 1 10 56;
12 2 1 148;
12 2 2 259;
12 2 3 0;
12 2 4 278;
12 2 5 224;
12 2 6 294;
12 2 7 167;
12 2 8 63;
12 2 9 0;
12 2 10 148;
12 3 1 272;
12 3 2 126;
12 3 3 214;
12 3 4 89;
12 3 5 253;
12 3 6 209;
12 3 7 174;
12 3 8 170;
12 3 9 237;
12 3 10 219;
12 4 1 283;
12 4 2 234;
12 4 3 129;
12 4 4 115;
12 4 5 0;
12 4 6 171;
12 4 7 243;
12 4 8 97;
12 4 9 296;
12 4 10 161;
12 5 1 256;
12 5 2 226;
12 5 3 81;
12 5 4 0;
12 5 5 92;
12 5 6 0;
12 5 7 157;
12 5 8 203;
12 5 9 159;
12 5 10 205;
12 6 1 189;
12 6 2 208;
12 6 3 249;
12 6 4 116;
12 6 5 0;
12 6 6 121;
12 6 7 160;
12 6 8 123;
12 6 9 83;
12 6 10 0;
13 1 1 125;
13 1 2 0;
13 1 3 250;
13 1 4 123;
13 1 5 85;
13 1 6 258;
13 1 7 73;
13 1 8 0;
13 1 9 292;
13 1 10 93;
13 2 1 98;
13 2 2 66;
13 2 3 0;
13 2 4 0;
13 2 5 122;
13 2 6 189;
13 2 7 155;
13 2 8 257;
13 2 9 121;
13 2 10 109;
13 3 1 87;
13 3 2 293;
13 3 3 0;
13 3 4 87;
13 3 5 227;
13 3 6 205;
13 3 7 262;
13 3 8 239;
13 3 9 113;
13 3 10 202;
13 4 1 0;
13 4 2 71;
13 4 3 269;
13 4 4 146;
13 4 5 243;
13 4 6 100;
13 4 7 0;
13 4 8 0;
13 4 9 256;
13 4 10 64;
13 5 1 237;
13 5 2 126;
13 5 3 219;
13 5 4 0;
13 5 5 78;
13 5 6 296;
13 5 7 290;
13 5 8 250;
13 5 9 157;
13 5 10 296;
13 6 1 240;
13 6 2 0;
13 6 3 85;
13 6 4 0;
13 6 5 153;
13 6 6 190;
13 6 7 275;
13 6 8 0;
13 6 9 180;
13 6 10 290;
14 1 1 226;
14 1 2 88;
14 1 3 259;
14 1 4 112;
14 1 5 0;
14 1 6 113;
14 1 7 58;
14 1 8 267;
14 1 9 191;
14 1 10 171;
14 2 1 160;
14 2 2 216;
14 2 3 53;
14 2 4 271;
14 2 5 178;
14 2 6 270;
14 2 7 271;
14 2 8 104;
14 2 9 131;
14 2 10 216;
14 3 1 204;
14 3 2 293;
14 3 3 259;
14 3 4 0;
14 3 5 226;
14 3 6 212;
14 3 7 285;
14 3 8 98;
14 3 9 106;
14 3 10 246;
14 4 1 0;
14 4 2 50;
14 4 3 72;
14 4 4 106;
14 4 5 206;
14 4 6 0;
14 4 7 125;
14 4 8 152;
14 4 9 0;
14 4 10 115;
14 5 1 247;
14 5 2 265;
14 5 3 0;
14 5 4 163;
14 5 5 186;
14 5 6 80;
14 5 7 145;
14 5 8 269;
14 5 9 213;
14 5 10 274;
14 6 1 251;
14 6 2 116;
14 6 3 295;
14 6 4 0;
14 6 5 245;
14 6 6 99;
14 6 7 131;
14 6 8 167;
14 6 9 185;
14 6 10 135;
15 1 1 288;
15 1 2 201;
15 1 3 0;
15 1 4 229;
15 1 5 79;
15 1 6 295;
15 1 7 221;
15 1 8 94;
15 1 9 90;
15 1 10 116;
15 2 1 0;
15 2 2 251;
15 2 3 157;
15 2 4 77;
15 2 5 53;
15 2 6 225;
15 2 7 163;
15 2 8 298;
15 2 9 59;
15 2 10 165;
15 3 1 0;
15 3 2 298;
15 3 3 0;
15 3 4 100;
15 3 5 192;
15 3 6 174;
15 3 7 171;
15 3 8 199;
15 3 9 184;
15 3 10 274;
15 4 1 146;
15 4 2 100;
15 4 3 217;
15 4 4 106;
15 4 5 157;
15 4 6 238;
15 4 7 59;
15 4 8 89;
15 4 9 257;
15 4 10 77;
15 5 1 156;
15 5 2 115;
15 5 3 291;
15 5 4 0;
15 5 5 0;
15 5 6 276;
15 5 7 140;
15 5 8 242;
15 5 9 197;
15 5 10 272;
15 6 1 220;
15 6 2 128;
15 6 3 0;
15 6 4 172;
15 6 5 53;
15 6 6 62;
15 6 7 0;
15 6 8 76;
15 6 9 0;
15 6 10 292;
16 1 1 91;
16 1 2 72;
16 1 3 76;
16 1 4 181;
16 1 5 92;
16 1 6 300;
16 1 7 0;
16 1 8 255;
16 1 9 203;
16 1 10 237;
16 2 1 159;
16 2 2 268;
16 2 3 0;
16 2 4 0;
16 2 5 171;
16 2 6 217;
16 2 7 0;
16 2 8 0;
16 2 9 208;
16 2 10 224;
16 3 1 0;
16 3 2 161;
16 3 3 51;
16 3 4 226;
16 3 5 0;
16 3 6 139;
16 3 7 251;
16 3 8 0;
16 3 9 124;
16 3 10 72;
16 4 1 0;
16 4 2 289;
16 4 3 292;
16 4 4 148;
16 4 5 136;
16 4 6 75;
16 4 7 117;
16 4 8 180;
16 4 9 294;
16 4 10 96;
16 5 1 0;
16 5 2 102;
16 5 3 208;
16 5 4 0;
16 5 5 98;
16 5 6 279;
16 5 7 65;
16 5 8 224;
16 5 9 55;
16 5 10 128;
16 6 1 0;
16 6 2 130;
16 6 3 202;
16 6 4 228;
16 6 5 128;
16 6 6 285;
16 6 7 209;
16 6 8 128;
16 6 9 210;
16 6 10 0;
17 1 1 261;
17 1 2 241;
17 1 3 62;
17 1 4 208;
17 1 5 106;
17 1 6 218;
17 1 7 139;
17 1 8 218;
17 1 9 132;
17 1 10 278;
17 2 1 158;
17 2 2 116;
17 2 3 136;
17 2 4 241;
17 2 5 211;
17 2 6 0;
17 2 7 214;
17 2 8 122;
17 2 9 123;
17 2 10 56;
17 3 1 81;
17 3 2 163;
17 3 3 240;
17 3 4 206;
17 3 5 275;
17 3 6 111;
17 3 7 223;
17 3 8 111;
17 3 9 0;
17 3 10 284;
17 4 1 0;
17 4 2 162;
17 4 3 279;
17 4 4 0;
17 4 5 198;
17 4 6 244;
17 4 7 196;
17 4 8 209;
17 4 9 236;
17 4 10 223;
17 5 1 175;
17 5 2 287;
17 5 3 280;
17 5 4 0;
17 5 5 225;
17 5 6 156;
17 5 7 132;
17 5 8 274;
17 5 9 69;
17 5 10 164;
17 6 1 246;
17 6 2 232;
17 6 3 183;
17 6 4 206;
17 6 5 0;
17 6 6 115;
17 6 7 229;
17 6 8 0;
17 6 9 276;
17 6 10 60;
18 1 1 180;
18 1 2 206;
18 1 3 67;
18 1 4 96;
18 1 5 129;
18 1 6 0;
18 1 7 176;
18 1 8 239;
18 1 9 0;
18 1 10 0;
18 2 1 218;
18 2 2 108;
18 2 3 148;
18 2 4 0;
18 2 5 228;
18 2 6 169;
18 2 7 276;
18 2 8 255;
18 2 9 150;
18 2 10 202;
18 3 1 140;
18 3 2 0;
18 3 3 167;
18 3 4 167;
18 3 5 300;
18 3 6 0;
18 3 7 93;
18 3 8 106;
18 3 9 198;
18 3 10 201;
18 4 1 220;
18 4 2 0;
18 4 3 120;
18 4 4 153;
18 4 5 198;
18 4 6 58;
18 4 7 71;
18 4 8 145;
18 4 9 171;
18 4 10 233;
18 5 1 128;
18 5 2 195;
18 5 3 247;
18 5 4 180;
18 5 5 205;
18 5 6 88;
18 5 7 135;
18 5 8 121;
18 5 9 219;
18 5 10 164;
18 6 1 165;
18 6 2 255;
18 6 3 0;
18 6 4 107;
18 6 5 128;
18 6 6 225;
18 6 7 263;
18 6 8 239;
18 6 9 245;
18 6 10 296;
19 1 1 118;
19 1 2 119;
19 1 3 203;
19 1 4 279;
19 1 5 147;
19 1 6 138;
19 1 7 62;
19 1 8 269;
19 1 9 61;
19 1 10 220;
19 2 1 0;
19 2 2 88;
19 2 3 268;
19 2 4 0;
19 2 5 0;
19 2 6 98;
19 2 7 57;
19 2 8 0;
19 2 9 281;
19 2 10 240;
19 3 1 0;
19 3 2 79;
19 3 3 257;
19 3 4 73;
19 3 5 0;
19 3 6 0;
19 3 7 0;
19 3 8 0;
19 3 9 277;
19 3 10 184;
19 4 1 129;
19 4 2 134;
19 4 3 63;
19 4 4 268;
19 4 5 0;
19 4 6 0;
19 4 7 180;
19 4 8 115;
19 4 9 263;
19 4 10 0;
19 5 1 287;
19 5 2 97;
19 5 3 274;
19 5 4 0;
19 5 5 71;
19 5 6 111;
19 5 7 117;
19 5 8 214;
19 5 9 225;
19 5 10 277;
19 6 1 0;
19 6 2 0;
19 6 3 0;
19 6 4 124;
19 6 5 263;
19 6 6 245;
19 6 7 0;
19 6 8 266;
19 6 9 249;
19 6 10 158;
20 1 1 167;
20 1 2 184;
20 1 3 221;
20 1 4 0;
20 1 5 212;
20 1 6 122;
20 1 7 76;
20 1 8 63;
20 1 9 143;
20 1 10 141;
20 2 1 190;
20 2 2 78;
20 2 3 0;
20 2 4 171;
20 2 5 58;
20 2 6 88;
20 2 7 293;
20 2 8 281;
20 2 9 0;
20 2 10 223;
20 3 1 101;
20 3 2 216;
20 3 3 158;
20 3 4 170;
20 3 5 104;
20 3 6 82;
20 3 7 241;
20 3 8 51;
20 3 9 146;
20 3 10 67;
20 4 1 223;
20 4 2 272;
20 4 3 159;
20 4 4 74;
20 4 5 214;
20 4 6 143;
20 4 7 151;
20 4 8 224;
20 4 9 230;
20 4 10 71;
20 5 1 225;
20 5 2 228;
20 5 3 189;
20 5 4 195;
20 5 5 225;
20 5 6 85;
20 5 7 147;
20 5 8 210;
20 5 9 147;
20 5 10 0;
20 6 1 0;
20 6 2 101;
20 6 3 58;
20 6 4 0;
20 6 5 226;
20 6 6 211;
20 6 7 160;
20 6 8 266;
20 6 9 271;
20 6 10 178;
]

global Cap_c = [
1 1 1 19275.0;
1 1 2 19275.0;
1 1 3 19275.0;
1 1 4 19275.0;
1 1 5 19275.0;
1 1 6 19275.0;
1 1 7 19275.0;
1 1 8 19275.0;
1 1 9 19275.0;
1 1 10 19275.0;
1 2 1 19275.0;
1 2 2 19275.0;
1 2 3 19275.0;
1 2 4 19275.0;
1 2 5 19275.0;
1 2 6 19275.0;
1 2 7 19275.0;
1 2 8 19275.0;
1 2 9 19275.0;
1 2 10 19275.0;
2 1 1 19275.0;
2 1 2 19275.0;
2 1 3 19275.0;
2 1 4 19275.0;
2 1 5 19275.0;
2 1 6 19275.0;
2 1 7 19275.0;
2 1 8 19275.0;
2 1 9 19275.0;
2 1 10 19275.0;
2 2 1 19275.0;
2 2 2 19275.0;
2 2 3 19275.0;
2 2 4 19275.0;
2 2 5 19275.0;
2 2 6 19275.0;
2 2 7 19275.0;
2 2 8 19275.0;
2 2 9 19275.0;
2 2 10 19275.0;
3 1 1 19275.0;
3 1 2 19275.0;
3 1 3 19275.0;
3 1 4 19275.0;
3 1 5 19275.0;
3 1 6 19275.0;
3 1 7 19275.0;
3 1 8 19275.0;
3 1 9 19275.0;
3 1 10 19275.0;
3 2 1 19275.0;
3 2 2 19275.0;
3 2 3 19275.0;
3 2 4 19275.0;
3 2 5 19275.0;
3 2 6 19275.0;
3 2 7 19275.0;
3 2 8 19275.0;
3 2 9 19275.0;
3 2 10 19275.0;
4 1 1 19275.0;
4 1 2 19275.0;
4 1 3 19275.0;
4 1 4 19275.0;
4 1 5 19275.0;
4 1 6 19275.0;
4 1 7 19275.0;
4 1 8 19275.0;
4 1 9 19275.0;
4 1 10 19275.0;
4 2 1 19275.0;
4 2 2 19275.0;
4 2 3 19275.0;
4 2 4 19275.0;
4 2 5 19275.0;
4 2 6 19275.0;
4 2 7 19275.0;
4 2 8 19275.0;
4 2 9 19275.0;
4 2 10 19275.0;
5 1 1 19275.0;
5 1 2 19275.0;
5 1 3 19275.0;
5 1 4 19275.0;
5 1 5 19275.0;
5 1 6 19275.0;
5 1 7 19275.0;
5 1 8 19275.0;
5 1 9 19275.0;
5 1 10 19275.0;
5 2 1 19275.0;
5 2 2 19275.0;
5 2 3 19275.0;
5 2 4 19275.0;
5 2 5 19275.0;
5 2 6 19275.0;
5 2 7 19275.0;
5 2 8 19275.0;
5 2 9 19275.0;
5 2 10 19275.0;
6 1 1 19275.0;
6 1 2 19275.0;
6 1 3 19275.0;
6 1 4 19275.0;
6 1 5 19275.0;
6 1 6 19275.0;
6 1 7 19275.0;
6 1 8 19275.0;
6 1 9 19275.0;
6 1 10 19275.0;
6 2 1 19275.0;
6 2 2 19275.0;
6 2 3 19275.0;
6 2 4 19275.0;
6 2 5 19275.0;
6 2 6 19275.0;
6 2 7 19275.0;
6 2 8 19275.0;
6 2 9 19275.0;
6 2 10 19275.0;
]

global Cap_p = [1.773875e6 1.773875e6 1.773875e6 1.773875e6 1.773875e6 1.773875e6 1.773875e6 1.773875e6 1.773875e6 1.773875e6; 1.511078e6 1.511078e6 1.511078e6 1.511078e6 1.511078e6 1.511078e6 1.511078e6 1.511078e6 1.511078e6 1.511078e6]
#-----------------------------------------