###################################################
# Classe 24 : K = 6, M = 2, T = 10, N = 20
# Exemplo: 7.   c24ex07.dat          Semente: 3548
#-----------------------Dados----------------------
global K = 6
global M = 2
global T = 10
global N = 20

global L = [540, 460]

global l = [50, 51, 52, 53, 62, 66, 67, 77, 80, 87, 88, 98, 99, 100, 129, 135, 142, 147, 149, 149]

global Q1 = 1e5
global Q2 = 1e5

global rho = [2.0, 2.0, 2.0, 2.0, 2.0, 2.0]

global b = [1080.0 920.0; 1080.0 920.0; 1080.0 920.0; 1080.0 920.0; 1080.0 920.0; 1080.0 920.0]

global f = [21.6 18.4; 21.6 18.4; 21.6 18.4; 21.6 18.4; 21.6 18.4; 21.6 18.4]

global c_km = [28.08 32.2; 41.04 20.24; 30.24 43.24; 31.32 30.36; 51.84 22.08; 39.96 29.44]

global p_km = [3.791 4.347; 5.54 2.732; 4.082 5.837; 4.228 4.099; 6.998 2.981; 5.395 3.974]

global c_x = [
1 1 1 22.248;
1 1 2 22.248;
1 1 3 22.248;
1 1 4 22.248;
1 1 5 22.248;
1 1 6 22.248;
1 1 7 22.248;
1 1 8 22.248;
1 1 9 22.248;
1 1 10 22.248;
1 2 1 14.443;
1 2 2 14.443;
1 2 3 14.443;
1 2 4 14.443;
1 2 5 14.443;
1 2 6 14.443;
1 2 7 14.443;
1 2 8 14.443;
1 2 9 14.443;
1 2 10 14.443;
2 1 1 21.276;
2 1 2 21.276;
2 1 3 21.276;
2 1 4 21.276;
2 1 5 21.276;
2 1 6 21.276;
2 1 7 21.276;
2 1 8 21.276;
2 1 9 21.276;
2 1 10 21.276;
2 2 1 22.172;
2 2 2 22.172;
2 2 3 22.172;
2 2 4 22.172;
2 2 5 22.172;
2 2 6 22.172;
2 2 7 22.172;
2 2 8 22.172;
2 2 9 22.172;
2 2 10 22.172;
3 1 1 24.192;
3 1 2 24.192;
3 1 3 24.192;
3 1 4 24.192;
3 1 5 24.192;
3 1 6 24.192;
3 1 7 24.192;
3 1 8 24.192;
3 1 9 24.192;
3 1 10 24.192;
3 2 1 22.907;
3 2 2 22.907;
3 2 3 22.907;
3 2 4 22.907;
3 2 5 22.907;
3 2 6 22.907;
3 2 7 22.907;
3 2 8 22.907;
3 2 9 22.907;
3 2 10 22.907;
4 1 1 22.355;
4 1 2 22.355;
4 1 3 22.355;
4 1 4 22.355;
4 1 5 22.355;
4 1 6 22.355;
4 1 7 22.355;
4 1 8 22.355;
4 1 9 22.355;
4 1 10 22.355;
4 2 1 17.204;
4 2 2 17.204;
4 2 3 17.204;
4 2 4 17.204;
4 2 5 17.204;
4 2 6 17.204;
4 2 7 17.204;
4 2 8 17.204;
4 2 9 17.204;
4 2 10 17.204;
5 1 1 25.055;
5 1 2 25.055;
5 1 3 25.055;
5 1 4 25.055;
5 1 5 25.055;
5 1 6 25.055;
5 1 7 25.055;
5 1 8 25.055;
5 1 9 25.055;
5 1 10 25.055;
5 2 1 20.516;
5 2 2 20.516;
5 2 3 20.516;
5 2 4 20.516;
5 2 5 20.516;
5 2 6 20.516;
5 2 7 20.516;
5 2 8 20.516;
5 2 9 20.516;
5 2 10 20.516;
6 1 1 21.6;
6 1 2 21.6;
6 1 3 21.6;
6 1 4 21.6;
6 1 5 21.6;
6 1 6 21.6;
6 1 7 21.6;
6 1 8 21.6;
6 1 9 21.6;
6 1 10 21.6;
6 2 1 19.412;
6 2 2 19.412;
6 2 3 19.412;
6 2 4 19.412;
6 2 5 19.412;
6 2 6 19.412;
6 2 7 19.412;
6 2 8 19.412;
6 2 9 19.412;
6 2 10 19.412;
]

global c_z = [
1 1 1 0.667;
1 1 2 0.667;
1 1 3 0.667;
1 1 4 0.667;
1 1 5 0.667;
1 1 6 0.667;
1 1 7 0.667;
1 1 8 0.667;
1 1 9 0.667;
1 1 10 0.667;
1 2 1 0.433;
1 2 2 0.433;
1 2 3 0.433;
1 2 4 0.433;
1 2 5 0.433;
1 2 6 0.433;
1 2 7 0.433;
1 2 8 0.433;
1 2 9 0.433;
1 2 10 0.433;
2 1 1 1.021;
2 1 2 1.021;
2 1 3 1.021;
2 1 4 1.021;
2 1 5 1.021;
2 1 6 1.021;
2 1 7 1.021;
2 1 8 1.021;
2 1 9 1.021;
2 1 10 1.021;
2 2 1 0.71;
2 2 2 0.71;
2 2 3 0.71;
2 2 4 0.71;
2 2 5 0.71;
2 2 6 0.71;
2 2 7 0.71;
2 2 8 0.71;
2 2 9 0.71;
2 2 10 0.71;
3 1 1 0.895;
3 1 2 0.895;
3 1 3 0.895;
3 1 4 0.895;
3 1 5 0.895;
3 1 6 0.895;
3 1 7 0.895;
3 1 8 0.895;
3 1 9 0.895;
3 1 10 0.895;
3 2 1 0.802;
3 2 2 0.802;
3 2 3 0.802;
3 2 4 0.802;
3 2 5 0.802;
3 2 6 0.802;
3 2 7 0.802;
3 2 8 0.802;
3 2 9 0.802;
3 2 10 0.802;
4 1 1 0.76;
4 1 2 0.76;
4 1 3 0.76;
4 1 4 0.76;
4 1 5 0.76;
4 1 6 0.76;
4 1 7 0.76;
4 1 8 0.76;
4 1 9 0.76;
4 1 10 0.76;
4 2 1 0.86;
4 2 2 0.86;
4 2 3 0.86;
4 2 4 0.86;
4 2 5 0.86;
4 2 6 0.86;
4 2 7 0.86;
4 2 8 0.86;
4 2 9 0.86;
4 2 10 0.86;
5 1 1 1.253;
5 1 2 1.253;
5 1 3 1.253;
5 1 4 1.253;
5 1 5 1.253;
5 1 6 1.253;
5 1 7 1.253;
5 1 8 1.253;
5 1 9 1.253;
5 1 10 1.253;
5 2 1 0.677;
5 2 2 0.677;
5 2 3 0.677;
5 2 4 0.677;
5 2 5 0.677;
5 2 6 0.677;
5 2 7 0.677;
5 2 8 0.677;
5 2 9 0.677;
5 2 10 0.677;
6 1 1 0.994;
6 1 2 0.994;
6 1 3 0.994;
6 1 4 0.994;
6 1 5 0.994;
6 1 6 0.994;
6 1 7 0.994;
6 1 8 0.994;
6 1 9 0.994;
6 1 10 0.994;
6 2 1 0.582;
6 2 2 0.582;
6 2 3 0.582;
6 2 4 0.582;
6 2 5 0.582;
6 2 6 0.582;
6 2 7 0.582;
6 2 8 0.582;
6 2 9 0.582;
6 2 10 0.582;
]

global c_y = [
1 1 1 2.67;
1 1 2 2.67;
1 1 3 2.67;
1 1 4 2.67;
1 1 5 2.67;
1 1 6 2.67;
1 1 7 2.67;
1 1 8 2.67;
1 1 9 2.67;
1 1 10 2.67;
1 2 1 1.733;
1 2 2 1.733;
1 2 3 1.733;
1 2 4 1.733;
1 2 5 1.733;
1 2 6 1.733;
1 2 7 1.733;
1 2 8 1.733;
1 2 9 1.733;
1 2 10 1.733;
2 1 1 2.128;
2 1 2 2.128;
2 1 3 2.128;
2 1 4 2.128;
2 1 5 2.128;
2 1 6 2.128;
2 1 7 2.128;
2 1 8 2.128;
2 1 9 2.128;
2 1 10 2.128;
2 2 1 2.882;
2 2 2 2.882;
2 2 3 2.882;
2 2 4 2.882;
2 2 5 2.882;
2 2 6 2.882;
2 2 7 2.882;
2 2 8 2.882;
2 2 9 2.882;
2 2 10 2.882;
3 1 1 3.387;
3 1 2 3.387;
3 1 3 3.387;
3 1 4 3.387;
3 1 5 3.387;
3 1 6 3.387;
3 1 7 3.387;
3 1 8 3.387;
3 1 9 3.387;
3 1 10 3.387;
3 2 1 2.52;
3 2 2 2.52;
3 2 3 2.52;
3 2 4 2.52;
3 2 5 2.52;
3 2 6 2.52;
3 2 7 2.52;
3 2 8 2.52;
3 2 9 2.52;
3 2 10 2.52;
4 1 1 3.13;
4 1 2 3.13;
4 1 3 3.13;
4 1 4 3.13;
4 1 5 3.13;
4 1 6 3.13;
4 1 7 3.13;
4 1 8 3.13;
4 1 9 3.13;
4 1 10 3.13;
4 2 1 2.581;
4 2 2 2.581;
4 2 3 2.581;
4 2 4 2.581;
4 2 5 2.581;
4 2 6 2.581;
4 2 7 2.581;
4 2 8 2.581;
4 2 9 2.581;
4 2 10 2.581;
5 1 1 3.508;
5 1 2 3.508;
5 1 3 3.508;
5 1 4 3.508;
5 1 5 3.508;
5 1 6 3.508;
5 1 7 3.508;
5 1 8 3.508;
5 1 9 3.508;
5 1 10 3.508;
5 2 1 2.667;
5 2 2 2.667;
5 2 3 2.667;
5 2 4 2.667;
5 2 5 2.667;
5 2 6 2.667;
5 2 7 2.667;
5 2 8 2.667;
5 2 9 2.667;
5 2 10 2.667;
6 1 1 3.024;
6 1 2 3.024;
6 1 3 3.024;
6 1 4 3.024;
6 1 5 3.024;
6 1 6 3.024;
6 1 7 3.024;
6 1 8 3.024;
6 1 9 3.024;
6 1 10 3.024;
6 2 1 2.718;
6 2 2 2.718;
6 2 3 2.718;
6 2 4 2.718;
6 2 5 2.718;
6 2 6 2.718;
6 2 7 2.718;
6 2 8 2.718;
6 2 9 2.718;
6 2 10 2.718;
]

global c_sc = [
1 1 1 0.083;
1 1 2 0.083;
1 1 3 0.083;
1 1 4 0.083;
1 1 5 0.083;
1 1 6 0.083;
1 1 7 0.083;
1 1 8 0.083;
1 1 9 0.083;
1 1 10 0.083;
1 2 1 0.075;
1 2 2 0.075;
1 2 3 0.075;
1 2 4 0.075;
1 2 5 0.075;
1 2 6 0.075;
1 2 7 0.075;
1 2 8 0.075;
1 2 9 0.075;
1 2 10 0.075;
2 1 1 0.085;
2 1 2 0.085;
2 1 3 0.085;
2 1 4 0.085;
2 1 5 0.085;
2 1 6 0.085;
2 1 7 0.085;
2 1 8 0.085;
2 1 9 0.085;
2 1 10 0.085;
2 2 1 0.133;
2 2 2 0.133;
2 2 3 0.133;
2 2 4 0.133;
2 2 5 0.133;
2 2 6 0.133;
2 2 7 0.133;
2 2 8 0.133;
2 2 9 0.133;
2 2 10 0.133;
3 1 1 0.149;
3 1 2 0.149;
3 1 3 0.149;
3 1 4 0.149;
3 1 5 0.149;
3 1 6 0.149;
3 1 7 0.149;
3 1 8 0.149;
3 1 9 0.149;
3 1 10 0.149;
3 2 1 0.093;
3 2 2 0.093;
3 2 3 0.093;
3 2 4 0.093;
3 2 5 0.093;
3 2 6 0.093;
3 2 7 0.093;
3 2 8 0.093;
3 2 9 0.093;
3 2 10 0.093;
4 1 1 0.11;
4 1 2 0.11;
4 1 3 0.11;
4 1 4 0.11;
4 1 5 0.11;
4 1 6 0.11;
4 1 7 0.11;
4 1 8 0.11;
4 1 9 0.11;
4 1 10 0.11;
4 2 1 0.106;
4 2 2 0.106;
4 2 3 0.106;
4 2 4 0.106;
4 2 5 0.106;
4 2 6 0.106;
4 2 7 0.106;
4 2 8 0.106;
4 2 9 0.106;
4 2 10 0.106;
5 1 1 0.144;
5 1 2 0.144;
5 1 3 0.144;
5 1 4 0.144;
5 1 5 0.144;
5 1 6 0.144;
5 1 7 0.144;
5 1 8 0.144;
5 1 9 0.144;
5 1 10 0.144;
5 2 1 0.112;
5 2 2 0.112;
5 2 3 0.112;
5 2 4 0.112;
5 2 5 0.112;
5 2 6 0.112;
5 2 7 0.112;
5 2 8 0.112;
5 2 9 0.112;
5 2 10 0.112;
6 1 1 0.13;
6 1 2 0.13;
6 1 3 0.13;
6 1 4 0.13;
6 1 5 0.13;
6 1 6 0.13;
6 1 7 0.13;
6 1 8 0.13;
6 1 9 0.13;
6 1 10 0.13;
6 2 1 0.09;
6 2 2 0.09;
6 2 3 0.09;
6 2 4 0.09;
6 2 5 0.09;
6 2 6 0.09;
6 2 7 0.09;
6 2 8 0.09;
6 2 9 0.09;
6 2 10 0.09;
]

global c_w = [
1 1 1 0.667;
1 1 2 0.667;
1 1 3 0.667;
1 1 4 0.667;
1 1 5 0.667;
1 1 6 0.667;
1 1 7 0.667;
1 1 8 0.667;
1 1 9 0.667;
1 1 10 0.667;
1 2 1 0.159;
1 2 2 0.159;
1 2 3 0.159;
1 2 4 0.159;
1 2 5 0.159;
1 2 6 0.159;
1 2 7 0.159;
1 2 8 0.159;
1 2 9 0.159;
1 2 10 0.159;
2 1 1 0.404;
2 1 2 0.404;
2 1 3 0.404;
2 1 4 0.404;
2 1 5 0.404;
2 1 6 0.404;
2 1 7 0.404;
2 1 8 0.404;
2 1 9 0.404;
2 1 10 0.404;
2 2 1 0.244;
2 2 2 0.244;
2 2 3 0.244;
2 2 4 0.244;
2 2 5 0.244;
2 2 6 0.244;
2 2 7 0.244;
2 2 8 0.244;
2 2 9 0.244;
2 2 10 0.244;
3 1 1 0.605;
3 1 2 0.605;
3 1 3 0.605;
3 1 4 0.605;
3 1 5 0.605;
3 1 6 0.605;
3 1 7 0.605;
3 1 8 0.605;
3 1 9 0.605;
3 1 10 0.605;
3 2 1 0.596;
3 2 2 0.596;
3 2 3 0.596;
3 2 4 0.596;
3 2 5 0.596;
3 2 6 0.596;
3 2 7 0.596;
3 2 8 0.596;
3 2 9 0.596;
3 2 10 0.596;
4 1 1 0.447;
4 1 2 0.447;
4 1 3 0.447;
4 1 4 0.447;
4 1 5 0.447;
4 1 6 0.447;
4 1 7 0.447;
4 1 8 0.447;
4 1 9 0.447;
4 1 10 0.447;
4 2 1 0.378;
4 2 2 0.378;
4 2 3 0.378;
4 2 4 0.378;
4 2 5 0.378;
4 2 6 0.378;
4 2 7 0.378;
4 2 8 0.378;
4 2 9 0.378;
4 2 10 0.378;
5 1 1 0.476;
5 1 2 0.476;
5 1 3 0.476;
5 1 4 0.476;
5 1 5 0.476;
5 1 6 0.476;
5 1 7 0.476;
5 1 8 0.476;
5 1 9 0.476;
5 1 10 0.476;
5 2 1 0.472;
5 2 2 0.472;
5 2 3 0.472;
5 2 4 0.472;
5 2 5 0.472;
5 2 6 0.472;
5 2 7 0.472;
5 2 8 0.472;
5 2 9 0.472;
5 2 10 0.472;
6 1 1 0.54;
6 1 2 0.54;
6 1 3 0.54;
6 1 4 0.54;
6 1 5 0.54;
6 1 6 0.54;
6 1 7 0.54;
6 1 8 0.54;
6 1 9 0.54;
6 1 10 0.54;
6 2 1 0.427;
6 2 2 0.427;
6 2 3 0.427;
6 2 4 0.427;
6 2 5 0.427;
6 2 6 0.427;
6 2 7 0.427;
6 2 8 0.427;
6 2 9 0.427;
6 2 10 0.427;
]

global c_e = [
1 1 1 0.032829888712241656;
1 1 2 0.04514109697933228;
1 1 3 0.049244833068362484;
1 1 4 0.0336506359300477;
1 1 5 0.049244833068362484;
1 1 6 0.04514109697933228;
1 1 7 0.04596184419713832;
1 1 8 0.03939586645468998;
1 1 9 0.04267885532591415;
1 1 10 0.03611287758346582;
1 2 1 0.0321939586645469;
1 2 2 0.030262321144674087;
1 2 3 0.027686804451510335;
1 2 4 0.027686804451510335;
1 2 5 0.030262321144674087;
1 2 6 0.026399046104928457;
1 2 7 0.027042925278219394;
1 2 8 0.03798887122416534;
1 2 9 0.026399046104928457;
1 2 10 0.02575516693163752;
1 3 1 0.06324821144674085;
1 3 2 0.052507949125596184;
1 3 3 0.05012122416534181;
1 3 4 0.058474761526232114;
1 3 5 0.04773449920508744;
1 3 6 0.05489467408585055;
1 3 7 0.05608803656597774;
1 3 8 0.06205484896661367;
1 3 9 0.05728139904610492;
1 3 10 0.05012122416534181;
1 4 1 0.048365461049284575;
1 4 2 0.03934817170111288;
1 4 3 0.03934817170111288;
1 4 4 0.04426669316375199;
1 4 5 0.03524940381558028;
1 4 6 0.04262718600953895;
1 4 7 0.04754570747217805;
1 4 8 0.04508644674085851;
1 4 9 0.0401679252782194;
1 4 10 0.048365461049284575;
1 5 1 0.05275039745627981;
1 5 2 0.0546343402225755;
1 5 3 0.055576311605723364;
1 5 4 0.051808426073131957;
1 5 5 0.048040540540540536;
1 5 6 0.038620826709062;
1 5 7 0.05275039745627981;
1 5 8 0.045214626391096975;
1 5 9 0.04333068362480127;
1 5 10 0.05651828298887122;
1 6 1 0.055729332273449915;
1 6 2 0.038434022257551666;
1 6 3 0.055729332273449915;
1 6 4 0.04515997615262321;
1 6 5 0.05092507949125596;
1 6 6 0.04515997615262321;
1 6 7 0.05669018282988871;
1 6 8 0.04227742448330683;
1 6 9 0.04708167726550079;
1 6 10 0.05669018282988871;
2 1 1 0.04855540540540541;
2 1 2 0.04018378378378379;
2 1 3 0.05022972972972973;
2 1 4 0.035997972972972976;
2 1 5 0.04855540540540541;
2 1 6 0.04520675675675676;
2 1 7 0.04939256756756757;
2 1 8 0.03432364864864865;
2 1 9 0.03934662162162162;
2 1 10 0.04855540540540541;
2 2 1 0.030210810810810812;
2 2 2 0.035464864864864866;
2 2 3 0.0288972972972973;
2 2 4 0.038748648648648645;
2 2 5 0.035464864864864866;
2 2 6 0.036778378378378385;
2 2 7 0.03218108108108108;
2 2 8 0.032837837837837835;
2 2 9 0.026270270270270273;
2 2 10 0.038748648648648645;
2 3 1 0.058427027027027026;
2 3 2 0.06207871621621622;
2 3 3 0.06086148648648648;
2 3 4 0.06451317567567567;
2 3 5 0.06938209459459459;
2 3 6 0.07181655405405404;
2 3 7 0.06694763513513513;
2 3 8 0.06573040540540541;
2 3 9 0.07059932432432432;
2 3 10 0.05599256756756757;
2 4 1 0.03344594594594595;
2 4 2 0.03679054054054054;
2 4 3 0.039298986486486484;
2 4 4 0.04849662162162162;
2 4 5 0.04097128378378378;
2 4 6 0.04347972972972973;
2 4 7 0.04347972972972973;
2 4 8 0.04431587837837838;
2 4 9 0.040135135135135135;
2 4 10 0.034282094594594595;
2 5 1 0.05284459459459459;
2 5 2 0.03939324324324324;
2 5 3 0.048040540540540536;
2 5 4 0.05572702702702702;
2 5 5 0.04707972972972972;
2 5 6 0.044197297297297294;
2 5 7 0.05284459459459459;
2 5 8 0.04323648648648648;
2 5 9 0.05764864864864864;
2 5 10 0.05092297297297297;
2 6 1 0.053903716216216216;
2 6 2 0.053903716216216216;
2 6 3 0.041162837837837835;
2 6 4 0.05586385135135134;
2 6 5 0.05684391891891891;
2 6 6 0.053903716216216216;
2 6 7 0.043122972972972975;
2 6 8 0.04018277027027027;
2 6 9 0.04998344594594595;
2 6 10 0.03920270270270271;
3 1 1 0.0401181240063593;
3 1 2 0.04267885532591415;
3 1 3 0.034996661367249604;
3 1 4 0.044386009538950714;
3 1 5 0.046946740858505566;
3 1 6 0.046946740858505566;
3 1 7 0.034996661367249604;
3 1 8 0.047800317965023854;
3 1 9 0.0401181240063593;
3 1 10 0.044386009538950714;
3 2 1 0.03883879173290938;
3 2 2 0.027455007949125598;
3 2 3 0.03348171701112877;
3 2 4 0.0381691573926868;
3 2 5 0.04017806041335453;
3 2 6 0.0381691573926868;
3 2 7 0.034151351351351354;
3 2 8 0.037499523052464234;
3 2 9 0.0328120826709062;
3 2 10 0.026785373608903023;
3 3 1 0.06701923688394276;
3 3 2 0.06329594594594594;
3 3 3 0.07322472178060413;
3 3 4 0.055849364069952306;
3 3 5 0.07074252782193957;
3 3 6 0.06453704292527822;
3 3 7 0.055849364069952306;
3 3 8 0.058331558028616844;
3 3 9 0.07198362480127185;
3 3 10 0.06826033386327504;
3 4 1 0.04688990461049285;
3 4 2 0.037511923688394275;
3 4 3 0.04347972972972973;
3 4 4 0.036659379968203495;
3 4 5 0.051152623211446736;
3 4 6 0.04347972972972973;
3 4 7 0.03921701112877584;
3 4 8 0.04603736089030207;
3 4 9 0.037511923688394275;
3 4 10 0.04006955484896661;
3 5 1 0.047023211446740855;
3 5 2 0.054860413354531005;
3 5 3 0.05584006359300476;
3 5 4 0.05877901430842607;
3 5 5 0.041145310015898245;
3 5 6 0.05388076311605723;
3 5 7 0.047023211446740855;
3 5 8 0.05584006359300476;
3 5 9 0.0577993640699523;
3 5 10 0.04506391096979332;
3 6 1 0.04196995230524642;
3 6 2 0.05396136724960254;
3 6 3 0.058957790143084256;
3 6 4 0.039971383147853735;
3 6 5 0.039971383147853735;
3 6 6 0.05795850556438791;
3 6 7 0.048964944356120824;
3 6 8 0.046966375198728136;
3 6 9 0.046966375198728136;
3 6 10 0.039971383147853735;
4 1 1 0.04697957074721781;
4 1 2 0.052199523052464225;
4 1 3 0.05132953100158982;
4 1 4 0.039149642289348176;
4 1 5 0.045239586645469;
4 1 6 0.04958954689984101;
4 1 7 0.047849562798092216;
4 1 8 0.04349960254372019;
4 1 9 0.04349960254372019;
4 1 10 0.05132953100158982;
4 2 1 0.03207806041335453;
4 2 2 0.03276057233704292;
4 2 3 0.033443084260731316;
4 2 4 0.040268203497615264;
4 2 5 0.03207806041335453;
4 2 6 0.028665500794912556;
4 2 7 0.033443084260731316;
4 2 8 0.03890317965023847;
4 2 9 0.03412559618441972;
4 2 10 0.03753815580286169;
4 3 1 0.05692339030206677;
4 3 2 0.05692339030206677;
4 3 3 0.0657781399046105;
4 3 4 0.05439346184419713;
4 3 5 0.0518635333863275;
4 3 6 0.05312849761526232;
4 3 7 0.0518635333863275;
4 3 8 0.07589785373608902;
4 3 9 0.07336792527821939;
4 3 10 0.07210296104928457;
4 4 1 0.050398449920508744;
4 4 2 0.04952951112877583;
4 4 3 0.03823330683624801;
4 4 4 0.04431587837837838;
4 4 5 0.046053755961844196;
4 4 6 0.03475755166931638;
4 4 7 0.04344693958664547;
4 4 8 0.036495429252782194;
4 4 9 0.04952951112877583;
4 4 10 0.03997118441971383;
4 5 1 0.04593052464228935;
4 5 2 0.05491693163751987;
4 5 3 0.04692901430842607;
4 5 4 0.04992448330683624;
4 5 5 0.04093807631160572;
4 5 6 0.057912400635930034;
4 5 7 0.04593052464228935;
4 5 8 0.05691391096979331;
4 5 9 0.05990937996820348;
4 5 10 0.05691391096979331;
4 6 1 0.04685107313195549;
4 6 2 0.04481406995230525;
4 6 3 0.05499908585055644;
4 6 4 0.052962082670906206;
4 6 5 0.05907309220985691;
4 6 6 0.05907309220985691;
4 6 7 0.061110095389507145;
4 6 8 0.060091593799682035;
4 6 9 0.04990657790143084;
4 6 10 0.05907309220985691;
5 1 1 0.06106359300476947;
5 1 2 0.04579769475357711;
5 1 3 0.046815421303656596;
5 1 4 0.04986860095389507;
5 1 5 0.040709062003179655;
5 1 6 0.04172678855325914;
5 1 7 0.05699268680445152;
5 1 8 0.046815421303656596;
5 1 9 0.04274451510333863;
5 1 10 0.04783314785373609;
5 2 1 0.042315739268680444;
5 2 2 0.03433163751987282;
5 2 3 0.04151732909379968;
5 2 4 0.03832368839427663;
5 2 5 0.04630779014308426;
5 2 6 0.04550937996820349;
5 2 7 0.04710620031796502;
5 2 8 0.03912209856915739;
5 2 9 0.043912559618441975;
5 2 10 0.044710969793322744;
5 3 1 0.0710289348171701;
5 3 2 0.06510985691573927;
5 3 3 0.06806939586645469;
5 3 4 0.06806939586645469;
5 3 5 0.08138732114467409;
5 3 6 0.0710289348171701;
5 3 7 0.08730639904610492;
5 3 8 0.08138732114467409;
5 3 9 0.07842778219395866;
5 3 10 0.07398847376788553;
5 4 1 0.057940182829888706;
5 4 2 0.04574224960254372;
5 4 3 0.05489069952305247;
5 4 4 0.04574224960254372;
5 4 5 0.051841216216216214;
5 4 6 0.051841216216216214;
5 4 7 0.05692368839427664;
5 4 8 0.047775238473767884;
5 4 9 0.057940182829888706;
5 4 10 0.057940182829888706;
5 5 1 0.06657853736089028;
5 5 2 0.052562003179650235;
5 5 3 0.06774658187599364;
5 5 4 0.06541049284578697;
5 5 5 0.05606613672496024;
5 5 6 0.061906359300476936;
5 5 7 0.06891462639109697;
5 5 8 0.04672178060413354;
5 5 9 0.06307440381558028;
5 5 10 0.06073831478537361;
5 6 1 0.0643385532591415;
5 6 2 0.061955643879173294;
5 6 3 0.0714872813990461;
5 6 4 0.05957273449920509;
5 6 5 0.051232551669316374;
5 6 6 0.05718982511923688;
5 6 7 0.0714872813990461;
5 6 8 0.06314709856915739;
5 6 9 0.0667214626391097;
5 6 10 0.05361546104928458;
6 1 1 0.06500317965023848;
6 1 2 0.05525270270270271;
6 1 3 0.061753020667726546;
6 1 4 0.04875238473767886;
6 1 5 0.06066963434022258;
6 1 6 0.04766899841017488;
6 1 7 0.04875238473767886;
6 1 8 0.06500317965023848;
6 1 9 0.05741947535771066;
6 1 10 0.04766899841017488;
6 2 1 0.04334594594594595;
6 2 2 0.03399682034976153;
6 2 3 0.04164610492845786;
6 2 4 0.045045786963434024;
6 2 5 0.03909634340222576;
6 2 6 0.0492953895071542;
6 2 7 0.03654658187599364;
6 2 8 0.05099523052464229;
6 2 9 0.042496025437201906;
6 2 10 0.046745627980922105;
6 3 1 0.0866381160572337;
6 3 2 0.06616001589825118;
6 3 3 0.08033716216216216;
6 3 4 0.07876192368839427;
6 3 5 0.0756114467408585;
6 3 6 0.06616001589825118;
6 3 7 0.08978859300476946;
6 3 8 0.08191240063593004;
6 3 9 0.0645847774244833;
6 3 10 0.08978859300476946;
6 4 1 0.049775437201907795;
6 4 2 0.05626788553259141;
6 4 3 0.051939586645469;
6 4 4 0.04328298887122417;
6 4 5 0.058432034976152625;
6 4 6 0.06167825914149443;
6 4 7 0.053021661367249596;
6 4 8 0.05734996025437202;
6 4 9 0.058432034976152625;
6 4 10 0.04544713831478537;
6 5 1 0.05843990461049284;
6 5 2 0.05843990461049284;
6 5 3 0.05968330683624801;
6 5 4 0.06092670906200316;
6 5 5 0.05346629570747217;
6 5 6 0.06217011128775834;
6 5 7 0.06838712241653418;
6 5 8 0.05843990461049284;
6 5 9 0.06714372019077901;
6 5 10 0.052222893481717;
6 6 1 0.05073290937996821;
6 6 2 0.05707452305246423;
6 6 3 0.05326955484896661;
6 6 4 0.058342845786963436;
6 6 5 0.07102607313195548;
6 6 6 0.05073290937996821;
6 6 7 0.05073290937996821;
6 6 8 0.05073290937996821;
6 6 9 0.05073290937996821;
6 6 10 0.05707452305246423;
7 1 1 0.059389268680445154;
7 1 2 0.04509185214626391;
7 1 3 0.06048906995230525;
7 1 4 0.05608986486486487;
7 1 5 0.0472914546899841;
7 1 6 0.06158887122416535;
7 1 7 0.0494910572337043;
7 1 8 0.05499006359300477;
7 1 9 0.05059085850556439;
7 1 10 0.06268867249602543;
7 2 1 0.038825914149443565;
7 2 2 0.046591096979332274;
7 2 3 0.044002702702702706;
7 2 4 0.045728298887122425;
7 2 5 0.035374721780604135;
7 2 6 0.03968871224165342;
7 2 7 0.0379631160572337;
7 2 8 0.04917949125596184;
7 2 9 0.046591096979332274;
7 2 10 0.05176788553259141;
7 3 1 0.06556333465818759;
7 3 2 0.07036065182829888;
7 3 3 0.08475260333863276;
7 3 4 0.0815543918918919;
7 3 5 0.09594634340222574;
7 3 6 0.07835618044515102;
7 3 7 0.07195975755166932;
7 3 8 0.06556333465818759;
7 3 9 0.07355886327503974;
7 3 10 0.06556333465818759;
7 4 1 0.0604158386327504;
7 4 2 0.049431140699523056;
7 4 3 0.06151430842607314;
7 4 4 0.049431140699523056;
7 4 5 0.05492348966613672;
7 4 6 0.06480971780604133;
7 4 7 0.05821889904610494;
7 4 8 0.04613573131955485;
7 4 9 0.05052961049284579;
7 4 10 0.049431140699523056;
7 5 1 0.06437432432432431;
7 5 2 0.06058759936406994;
7 5 3 0.06058759936406994;
7 5 4 0.07321001589825119;
7 5 5 0.07194777424483305;
7 5 6 0.051751907790143076;
7 5 7 0.05048966613672495;
7 5 8 0.06689880763116057;
7 5 9 0.06437432432432431;
7 5 10 0.05932535771065182;
7 6 1 0.0733897655007949;
7 6 2 0.0605143680445151;
7 6 3 0.07210222575516693;
7 6 4 0.06695206677265501;
7 6 5 0.0540766693163752;
7 6 6 0.06566452702702703;
7 6 7 0.05922682829888712;
7 6 8 0.0540766693163752;
7 6 9 0.05150158982511924;
7 6 10 0.057939288553259145;
8 1 1 0.06193358505564388;
8 1 2 0.05434988076311606;
8 1 3 0.06066963434022258;
8 1 4 0.06066963434022258;
8 1 5 0.07583704292527821;
8 1 6 0.07330914149443561;
8 1 7 0.0669893879173291;
8 1 8 0.07457309220985692;
8 1 9 0.058141732909379976;
8 1 10 0.06193358505564388;
8 2 1 0.04362925278219396;
8 2 2 0.044620826709062;
8 2 3 0.044620826709062;
8 2 4 0.05354499205087441;
8 2 5 0.058502861685214624;
8 2 6 0.052553418124006365;
8 2 7 0.052553418124006365;
8 2 8 0.04362925278219396;
8 2 9 0.0555281399046105;
8 2 10 0.04065453100158982;
8 3 1 0.08453779809220986;
8 3 2 0.07351112877583466;
8 3 3 0.09188891096979332;
8 3 4 0.0937266891891892;
8 3 5 0.09556446740858505;
8 3 6 0.09005113275039744;
8 3 7 0.10291558028616853;
8 3 8 0.09924002384737679;
8 3 9 0.09740224562798093;
8 3 10 0.07718668521462638;
8 4 1 0.05933376391096979;
8 4 2 0.07069554848966614;
8 4 3 0.061858604928457864;
8 4 4 0.055546502384737684;
8 4 5 0.0694331279809221;
8 4 6 0.07195796899841016;
8 4 7 0.06312102543720191;
8 4 8 0.06438344594594594;
8 4 9 0.05428408187599364;
8 4 10 0.05049682034976153;
8 5 1 0.06672925278219395;
8 5 2 0.06527861685214625;
8 5 3 0.07688370429252782;
8 5 4 0.08703815580286167;
8 5 5 0.07688370429252782;
8 5 6 0.06092670906200316;
8 5 7 0.07688370429252782;
8 5 8 0.07688370429252782;
8 5 9 0.08413688394276628;
8 5 10 0.07398243243243242;
8 6 1 0.0606681041335453;
8 6 2 0.07990433227344992;
8 6 3 0.07546520270270271;
8 6 4 0.08138404213036567;
8 6 5 0.08582317170111287;
8 6 6 0.07842462241653418;
8 6 7 0.06658694356120826;
8 6 8 0.06214781399046104;
8 6 9 0.06362752384737679;
8 6 10 0.08730288155802861;
9 1 1 0.056467408585055646;
9 1 2 0.06040699523052465;
9 1 3 0.06303338632750398;
9 1 4 0.06565977742448331;
9 1 5 0.056467408585055646;
9 1 6 0.0774785373608903;
9 1 7 0.0617201907790143;
9 1 8 0.05515421303656598;
9 1 9 0.06040699523052465;
9 1 10 0.06697297297297297;
9 2 1 0.05769157392686805;
9 2 2 0.055631160572337045;
9 2 3 0.05975198728139904;
9 2 4 0.04223847376788553;
9 2 5 0.04326868044515104;
9 2 6 0.053570747217806046;
9 2 7 0.05048012718600954;
9 2 8 0.05460095389507155;
9 2 9 0.06078219395866454;
9 2 10 0.058721780604133536;
9 3 1 0.0801939586645469;
9 3 2 0.0763751987281399;
9 3 3 0.0878314785373609;
9 3 4 0.09928775834658188;
9 3 5 0.0840127186009539;
9 3 6 0.0878314785373609;
9 3 7 0.08974085850556437;
9 3 8 0.08974085850556437;
9 3 9 0.08210333863275039;
9 3 10 0.08210333863275039;
9 4 1 0.05508744038155803;
9 4 2 0.06558028616852146;
9 4 3 0.06951510333863276;
9 4 4 0.07082670906200318;
9 4 5 0.059022257551669316;
9 4 6 0.07344992050874405;
9 4 7 0.07344992050874405;
9 4 8 0.06164546899841016;
9 4 9 0.06558028616852146;
9 4 10 0.06558028616852146;
9 5 1 0.08892209856915738;
9 5 2 0.07083624801271858;
9 5 3 0.0844006359300477;
9 5 4 0.09042925278219395;
9 5 5 0.08741494435612081;
9 5 6 0.07385055643879172;
9 5 7 0.07686486486486485;
9 5 8 0.0663147853736089;
9 5 9 0.06782193958664547;
9 5 10 0.06330047694753577;
9 6 1 0.08301748807631161;
9 6 2 0.0784054054054054;
9 6 3 0.07994276629570747;
9 6 4 0.08609220985691575;
9 6 5 0.07533068362480128;
9 6 6 0.08455484896661367;
9 6 7 0.08609220985691575;
9 6 8 0.08762957074721779;
9 6 9 0.09070429252782193;
9 6 10 0.08455484896661367;
10 1 1 0.07997360890302067;
10 1 2 0.0699769077901431;
10 1 3 0.06426450715421303;
10 1 4 0.07426120826709062;
10 1 5 0.06712070747217806;
10 1 6 0.06712070747217806;
10 1 7 0.06140830683624801;
10 1 8 0.06569260731319555;
10 1 9 0.08140170906200317;
10 1 10 0.06140830683624801;
10 2 1 0.04481399046104929;
10 2 2 0.054897138314785376;
10 2 3 0.05713783783783784;
10 2 4 0.049295389507154216;
10 2 5 0.058258187599364075;
10 2 6 0.060498887122416536;
10 2 7 0.0593785373608903;
10 2 8 0.0661006359300477;
10 2 9 0.054897138314785376;
10 2 10 0.04705468998410175;
10 3 1 0.08928738076311604;
10 3 2 0.11628124006359301;
10 3 3 0.08721093004769474;
10 3 4 0.09966963434022257;
10 3 5 0.10174608505564388;
10 3 6 0.10174608505564388;
10 3 7 0.09966963434022257;
10 3 8 0.1142047893481717;
10 3 9 0.1183576907790143;
10 3 10 0.11005188791732909;
10 4 1 0.07702404610492847;
10 4 2 0.07274493243243242;
10 4 3 0.057054848966613676;
10 4 4 0.05990759141494435;
10 4 5 0.08415590222575517;
10 4 6 0.07274493243243242;
10 4 7 0.0855822734499205;
10 4 8 0.061333962639109695;
10 4 9 0.07417130365659777;
10 4 10 0.0855822734499205;
10 5 1 0.08522957074721779;
10 5 2 0.08850763116057234;
10 5 3 0.0901466613672496;
10 5 4 0.08522957074721779;
10 5 5 0.09670278219395864;
10 5 6 0.08522957074721779;
10 5 7 0.08195151033386326;
10 5 8 0.09178569157392687;
10 5 9 0.08522957074721779;
10 5 10 0.08195151033386326;
10 6 1 0.07857835850556438;
10 6 2 0.07857835850556438;
10 6 3 0.08526587837837837;
10 6 4 0.08526587837837837;
10 6 5 0.10031279809220985;
10 6 6 0.09028151828298887;
10 6 7 0.0702189586645469;
10 6 8 0.07690647853736089;
10 6 9 0.08025023847376787;
10 6 10 0.09028151828298887;
11 1 1 0.06500317965023848;
11 1 2 0.06066963434022258;
11 1 3 0.070781240063593;
11 1 4 0.08089284578696344;
11 1 5 0.08089284578696344;
11 1 6 0.07222575516693164;
11 1 7 0.05778060413354531;
11 1 8 0.05778060413354531;
11 1 9 0.06644769475357712;
11 1 10 0.06500317965023848;
11 2 1 0.05099523052464229;
11 2 2 0.049862003179650234;
11 2 3 0.06119427662957075;
11 2 4 0.04532909379968204;
11 2 5 0.06799364069952304;
11 2 6 0.06572718600953895;
11 2 7 0.05099523052464229;
11 2 8 0.06799364069952304;
11 2 9 0.05892782193958665;
11 2 10 0.046462321144674086;
11 3 1 0.11761780604133545;
11 3 2 0.11551748807631161;
11 3 3 0.0840127186009539;
11 3 4 0.10711621621621621;
11 3 5 0.10711621621621621;
11 3 6 0.11971812400635928;
11 3 7 0.10711621621621621;
11 3 8 0.11131685214626391;
11 3 9 0.0840127186009539;
11 3 10 0.08821335453100158;
11 4 1 0.08079491255961845;
11 4 2 0.07213831478537361;
11 4 3 0.08656597774244833;
11 4 4 0.05915341812400635;
11 4 5 0.06636724960254373;
11 4 6 0.0779093799682035;
11 4 7 0.06925278219395865;
11 4 8 0.07358108108108108;
11 4 9 0.05771065182829889;
11 4 10 0.06348171701112877;
11 5 1 0.07460413354531001;
11 5 2 0.09118282988871224;
11 5 3 0.08952496025437201;
11 5 4 0.07791987281399045;
11 5 5 0.0679726550079491;
11 5 6 0.09781430842607311;
11 5 7 0.07626200317965023;
11 5 8 0.09118282988871224;
11 5 9 0.07957774244833066;
11 5 10 0.08786709062003178;
11 6 1 0.07271717011128775;
11 6 2 0.07779046104928458;
11 6 3 0.09808362480127186;
11 6 4 0.09639252782193958;
11 6 5 0.0828637519872814;
11 6 6 0.07102607313195548;
11 6 7 0.09639252782193958;
11 6 8 0.07102607313195548;
11 6 9 0.07271717011128775;
11 6 10 0.08117265500794911;
12 1 1 0.08847655007949126;
12 1 2 0.07560723370429252;
12 1 3 0.06595524642289348;
12 1 4 0.09491120826709062;
12 1 5 0.070781240063593;
12 1 6 0.09330254372019077;
12 1 7 0.08525922098569158;
12 1 8 0.06917257551669316;
12 1 9 0.09651987281399046;
12 1 10 0.08525922098569158;
12 2 1 0.07319618441971383;
12 2 2 0.05048012718600954;
12 2 3 0.06310015898251192;
12 2 4 0.06310015898251192;
12 2 5 0.0757201907790143;
12 2 6 0.058052146263910975;
12 2 7 0.05048012718600954;
12 2 8 0.05552813990461049;
12 2 9 0.06310015898251192;
12 2 10 0.06941017488076312;
12 3 1 0.09823759936406994;
12 3 2 0.11461053259141493;
12 3 3 0.12162750397456279;
12 3 4 0.1333224562798092;
12 3 5 0.10057658982511923;
12 3 6 0.10993255166931636;
12 3 7 0.13098346581875994;
12 3 8 0.11227154213036565;
12 3 9 0.12162750397456279;
12 3 10 0.1333224562798092;
12 4 1 0.08836943561208269;
12 4 2 0.0739089825119237;
12 4 3 0.09640302066772655;
12 4 4 0.07230226550079491;
12 4 5 0.0915828696343402;
12 4 6 0.0915828696343402;
12 4 7 0.0739089825119237;
12 4 8 0.0739089825119237;
12 4 9 0.06748211446740858;
12 4 10 0.06587539745627981;
12 5 1 0.09231319554848966;
12 5 2 0.07938934817170111;
12 5 3 0.07754308426073131;
12 5 4 0.09231319554848966;
12 5 5 0.11077583465818758;
12 5 6 0.10892957074721779;
12 5 7 0.08862066772655007;
12 5 8 0.0830818759936407;
12 5 9 0.09969825119236883;
12 5 10 0.09415945945945946;
12 6 1 0.10546295707472178;
12 6 2 0.0998131558028617;
12 6 3 0.08851355325914148;
12 6 4 0.09792988871224165;
12 6 5 0.0828637519872814;
12 6 6 0.08851355325914148;
12 6 7 0.07533068362480128;
12 6 8 0.07909721780604133;
12 6 9 0.1073462241653418;
12 6 10 0.11111275834658188;
13 1 1 0.09425461049284578;
13 1 2 0.07150349761526233;
13 1 3 0.0893793720190779;
13 1 4 0.06987841812400636;
13 1 5 0.07150349761526233;
13 1 6 0.09425461049284578;
13 1 7 0.09750476947535772;
13 1 8 0.09587968998410175;
13 1 9 0.06662825914149444;
13 1 10 0.06987841812400636;
13 2 1 0.06119427662957074;
13 2 2 0.07521796502384737;
13 2 3 0.06501891891891892;
13 2 4 0.059919395866454686;
13 2 5 0.0535449920508744;
13 2 6 0.05099523052464229;
13 2 7 0.0713933227344992;
13 2 8 0.07394308426073132;
13 2 9 0.05864451510333863;
13 2 10 0.06374403815580286;
13 3 1 0.1181428855325914;
13 3 2 0.09451430842607313;
13 3 3 0.09924002384737678;
13 3 4 0.1417714626391097;
13 3 5 0.12286860095389507;
13 3 6 0.1323200317965024;
13 3 7 0.13940860492845786;
13 3 8 0.11105431240063592;
13 3 9 0.10396573926868044;
13 3 10 0.11341717011128774;
13 4 1 0.08440182829888712;
13 4 2 0.07628626788553258;
13 4 3 0.06492448330683626;
13 4 4 0.09414050079491255;
13 4 5 0.07141693163751987;
13 4 6 0.07304004372019078;
13 4 7 0.09089427662957075;
13 4 8 0.07466315580286169;
13 4 9 0.07141693163751987;
13 4 10 0.08440182829888712;
13 5 1 0.07460413354531001;
13 5 2 0.08765985691573924;
13 5 3 0.07460413354531001;
13 5 4 0.0857947535771065;
13 5 5 0.09139006359300475;
13 5 6 0.08392965023847376;
13 5 7 0.09139006359300475;
13 5 8 0.1007155802861685;
13 5 9 0.11004109697933226;
13 5 10 0.10631089030206674;
13 6 1 0.10844159379968202;
13 6 2 0.09131923688394275;
13 6 3 0.07609936406995231;
13 6 4 0.08941675278219395;
13 6 5 0.09322172098569156;
13 6 6 0.10463662559618442;
13 6 7 0.07800184817170111;
13 6 8 0.11414904610492846;
13 6 9 0.10083165739268682;
13 6 10 0.07800184817170111;
14 1 1 0.07058426073131956;
14 1 2 0.09520667726550079;
14 1 3 0.0755087440381558;
14 1 4 0.06894276629570747;
14 1 5 0.08371621621621622;
14 1 6 0.09848966613672497;
14 1 7 0.0673012718600954;
14 1 8 0.08043322734499206;
14 1 9 0.08371621621621622;
14 1 10 0.08864069952305247;
14 2 1 0.0592368839427663;
14 2 2 0.060524642289348174;
14 2 3 0.0592368839427663;
14 2 4 0.056661367249602544;
14 2 5 0.05408585055643879;
14 2 6 0.05151033386327504;
14 2 7 0.056661367249602544;
14 2 8 0.0746899841017488;
14 2 9 0.0708267090620032;
14 2 10 0.05408585055643879;
14 3 1 0.14081677265500794;
14 3 2 0.12888314785373609;
14 3 3 0.1097893481717011;
14 3 4 0.14320349761526233;
14 3 5 0.11694952305246423;
14 3 6 0.13843004769475356;
14 3 7 0.10024244833068362;
14 3 8 0.12888314785373609;
14 3 9 0.11456279809220984;
14 3 10 0.13843004769475356;
14 4 1 0.06885930047694754;
14 4 2 0.06558028616852146;
14 4 3 0.08197535771065183;
14 4 4 0.06558028616852146;
14 4 5 0.09673092209856915;
14 4 6 0.08361486486486486;
14 4 7 0.07705683624801271;
14 4 8 0.08689387917329094;
14 4 9 0.09673092209856915;
14 4 10 0.07049880763116056;
14 5 1 0.08477742448330683;
14 5 2 0.0753577106518283;
14 5 3 0.09608108108108107;
14 5 4 0.10173290937996819;
14 5 5 0.07912559618441971;
14 5 6 0.11303656597774243;
14 5 7 0.10173290937996819;
14 5 8 0.11303656597774243;
14 5 9 0.08477742448330683;
14 5 10 0.08100953895071542;
14 6 1 0.08647655007949126;
14 6 2 0.09416335453100158;
14 6 3 0.08647655007949126;
14 6 4 0.10761526232114468;
14 6 5 0.10377186009538951;
14 6 6 0.08647655007949126;
14 6 7 0.10185015898251192;
14 6 8 0.10953696343402224;
14 6 9 0.10761526232114468;
14 6 10 0.09416335453100158;
15 1 1 0.09105369634340223;
15 1 2 0.10587639109697934;
15 1 3 0.1143465023847377;
15 1 4 0.09952380763116057;
15 1 5 0.12069908585055641;
15 1 6 0.10375886327503975;
15 1 7 0.12493414149443562;
15 1 8 0.12493414149443562;
15 1 9 0.1101114467408585;
15 1 10 0.08681864069952304;
15 2 1 0.09468887122416532;
15 2 2 0.08638282988871224;
15 2 3 0.07807678855325914;
15 2 4 0.07807678855325914;
15 2 5 0.08139920508744038;
15 2 6 0.09468887122416532;
15 2 7 0.083060413354531;
15 2 8 0.07309316375198728;
15 2 9 0.09801128775834658;
15 2 10 0.083060413354531;
15 3 1 0.16625926073131958;
15 3 2 0.18473251192368836;
15 3 3 0.15702263513513515;
15 3 4 0.12931275834658187;
15 3 5 0.15702263513513515;
15 3 6 0.18473251192368836;
15 3 7 0.12931275834658187;
15 3 8 0.1693381359300477;
15 3 9 0.1385493839427663;
15 3 10 0.18473251192368836;
15 4 1 0.0867135333863275;
15 4 2 0.12055296104928456;
15 4 3 0.10151828298887121;
15 4 4 0.10574821144674086;
15 4 5 0.11632303259141495;
15 4 6 0.0994033187599364;
15 4 7 0.11843799682034978;
15 4 8 0.09094346184419713;
15 4 9 0.10997813990461049;
15 4 10 0.11632303259141495;
15 5 1 0.13366573926868044;
15 5 2 0.1360960254372019;
15 5 3 0.1409565977742448;
15 5 4 0.09964173290937994;
15 5 5 0.10936287758346581;
15 5 6 0.10207201907790142;
15 5 7 0.131235453100159;
15 5 8 0.10693259141494434;
15 5 9 0.131235453100159;
15 5 10 0.10693259141494434;
15 6 1 0.1338656995230525;
15 6 2 0.14626067170111287;
15 6 3 0.11155474960254373;
15 6 4 0.0991597774244833;
15 6 5 0.13882368839427664;
15 6 6 0.0991597774244833;
15 6 7 0.10907575516693163;
15 6 8 0.11651273847376788;
15 6 9 0.1140337440381558;
15 6 10 0.14130268282988867;
16 1 1 0.12631299682034974;
16 1 2 0.1329610492845787;
16 1 3 0.11966494435612084;
16 1 4 0.11523290937996822;
16 1 5 0.0952887519872814;
16 1 6 0.11523290937996822;
16 1 7 0.10858485691573928;
16 1 8 0.11744892686804452;
16 1 9 0.11744892686804452;
16 1 10 0.11523290937996822;
16 2 1 0.0799697933227345;
16 2 2 0.06953895071542131;
16 2 3 0.09213910969793322;
16 2 4 0.0851852146263911;
16 2 5 0.0851852146263911;
16 2 6 0.07127742448330683;
16 2 7 0.06953895071542131;
16 2 8 0.09909300476947534;
16 2 9 0.09909300476947534;
16 2 10 0.06953895071542131;
16 3 1 0.1482156200317965;
16 3 2 0.13854938394276628;
16 3 3 0.1836584856915739;
16 3 4 0.1901026430842607;
16 3 5 0.1611039348171701;
16 3 6 0.1417714626391097;
16 3 7 0.13210522655007947;
16 3 8 0.15465977742448328;
16 3 9 0.13210522655007947;
16 3 10 0.1482156200317965;
16 4 1 0.12837341017488077;
16 4 2 0.09517339030206677;
16 4 3 0.11952007154213037;
16 4 4 0.12394674085850557;
16 4 5 0.09296005564387917;
16 4 6 0.08853338632750397;
16 4 7 0.10181339427662957;
16 4 8 0.13058674483306834;
16 4 9 0.10845339825119238;
16 4 10 0.11509340222575518;
16 5 1 0.10681955484896659;
16 5 2 0.11190620031796501;
16 5 3 0.13225278219395864;
16 5 4 0.1093628775834658;
16 5 5 0.12716613672496024;
16 5 6 0.15005604133545306;
16 5 7 0.13988275039745626;
16 5 8 0.11953616852146262;
16 5 9 0.15259936406995228;
16 5 10 0.15005604133545306;
16 6 1 0.14787490063593003;
16 6 2 0.10377186009538951;
16 6 3 0.15046919713831478;
16 6 4 0.1374977146263911;
16 6 5 0.14268630763116058;
16 6 6 0.13230912162162162;
16 6 7 0.12971482511923688;
16 6 8 0.11933763910969793;
16 6 9 0.15565779014308426;
16 6 10 0.1374977146263911;
17 1 1 0.11188426073131955;
17 1 2 0.1375244038155803;
17 1 3 0.11887702702702703;
17 1 4 0.11188426073131955;
17 1 5 0.09789872813990462;
17 1 6 0.13286255961844198;
17 1 7 0.09789872813990462;
17 1 8 0.11887702702702703;
17 1 9 0.09556780604133545;
17 1 10 0.1375244038155803;
17 2 1 0.07497329093799682;
17 2 2 0.08228775834658188;
17 2 3 0.08777360890302066;
17 2 4 0.1060597774244833;
17 2 5 0.07863052464228935;
17 2 6 0.07497329093799682;
17 2 7 0.08777360890302066;
17 2 8 0.08045914149443562;
17 2 9 0.10423116057233704;
17 2 10 0.096916693163752;
17 3 1 0.16267917329093798;
17 3 2 0.19657066772655007;
17 3 3 0.17284662162162162;
17 3 4 0.17623577106518282;
17 3 5 0.13556597774244833;
17 3 6 0.1694574721780604;
17 3 7 0.1559008744038156;
17 3 8 0.14573342607313194;
17 3 9 0.15929002384737675;
17 3 10 0.1694574721780604;
17 4 1 0.13270170906200318;
17 4 2 0.12804550874403817;
17 4 3 0.12804550874403817;
17 4 4 0.11873310810810811;
17 4 5 0.1350298092209857;
17 4 6 0.1373579093799682;
17 4 7 0.11174880763116056;
17 4 8 0.11174880763116056;
17 4 9 0.11873310810810811;
17 4 10 0.0977802066772655;
17 5 1 0.14446073131955484;
17 5 2 0.12305914149443561;
17 5 3 0.15783672496025436;
17 5 4 0.10968314785373608;
17 5 5 0.12573434022257549;
17 5 6 0.14446073131955484;
17 5 7 0.1310847376788553;
17 5 8 0.14178553259141494;
17 5 9 0.10700794912559618;
17 5 10 0.1337599364069952;
17 6 1 0.1473560413354531;
17 6 2 0.1473560413354531;
17 6 3 0.13098314785373608;
17 6 4 0.11461025437201908;
17 6 5 0.1118814387917329;
17 6 6 0.1391695945945946;
17 6 7 0.14462722575516693;
17 6 8 0.15008485691573928;
17 6 9 0.13371196343402225;
17 6 10 0.11461025437201908;
18 1 1 0.12306283783783784;
18 1 2 0.09651987281399046;
18 1 3 0.1447798092209857;
18 1 4 0.09651987281399046;
18 1 5 0.13512782193958667;
18 1 6 0.11823684419713831;
18 1 7 0.11823684419713831;
18 1 8 0.1327148251192369;
18 1 9 0.1254758346581876;
18 1 10 0.1447798092209857;
18 2 1 0.08139920508744038;
18 2 2 0.08707821939586646;
18 2 3 0.07950620031796501;
18 2 4 0.09275723370429254;
18 2 5 0.07950620031796501;
18 2 6 0.09275723370429254;
18 2 7 0.09086422893481717;
18 2 8 0.08707821939586646;
18 2 9 0.09465023847376788;
18 2 10 0.10979427662957074;
18 3 1 0.18244125596184418;
18 3 2 0.1964751987281399;
18 3 3 0.1964751987281399;
18 3 4 0.21050914149443561;
18 3 5 0.21050914149443561;
18 3 6 0.18594974165341813;
18 3 7 0.18244125596184418;
18 3 8 0.15437337042925278;
18 3 9 0.14384791335453098;
18 3 10 0.20700065580286164;
18 4 1 0.13014407790143087;
18 4 2 0.13737430445151033;
18 4 3 0.11327354928457868;
18 4 4 0.11086347376788554;
18 4 5 0.0988130961844197;
18 4 6 0.1349642289348172;
18 4 7 0.10845339825119238;
18 4 8 0.10363324721780605;
18 4 9 0.11086347376788554;
18 4 10 0.11809370031796503;
18 5 1 0.14677798092209857;
18 5 2 0.14400858505564385;
18 5 3 0.1329310015898251;
18 5 4 0.14123918918918918;
18 5 5 0.15785556438791729;
18 5 6 0.1301616057233704;
18 5 7 0.15785556438791729;
18 5 8 0.12185341812400635;
18 5 9 0.14400858505564385;
18 5 10 0.11908402225755166;
18 6 1 0.13559523052464229;
18 6 2 0.15819443561208268;
18 6 3 0.15254463434022258;
18 6 4 0.15254463434022258;
18 6 5 0.13559523052464229;
18 6 6 0.16666913751987278;
18 6 7 0.14124503179650238;
18 6 8 0.15536953497615263;
18 6 9 0.1327703298887122;
18 6 10 0.1610193362480127;
19 1 1 0.1369662957074722;
19 1 2 0.11495385532591415;
19 1 3 0.11984550874403817;
19 1 4 0.11250802861685216;
19 1 5 0.11739968203497615;
19 1 6 0.1467496025437202;
19 1 7 0.12473716216216216;
19 1 8 0.12718298887122417;
19 1 9 0.10272472178060413;
19 1 10 0.09783306836248014;
19 2 1 0.11320683624801271;
19 2 2 0.10169427662957074;
19 2 3 0.11320683624801271;
19 2 4 0.10361303656597776;
19 2 5 0.10936931637519871;
19 2 6 0.11320683624801271;
19 2 7 0.07675039745627982;
19 2 8 0.09977551669316376;
19 2 9 0.10936931637519871;
19 2 10 0.10169427662957074;
19 3 1 0.19559211049284578;
19 3 2 0.20981699125596182;
19 3 3 0.21337321144674082;
19 3 4 0.14580502782193958;
19 3 5 0.20270455087440378;
19 3 6 0.20270455087440378;
19 3 7 0.15647368839427664;
19 3 8 0.18847967011128774;
19 3 9 0.1991483306836248;
19 3 10 0.16358612877583467;
19 4 1 0.11725755166931637;
19 4 2 0.14657193958664547;
19 4 3 0.10504322337042923;
19 4 4 0.14657193958664547;
19 4 5 0.11237182034976154;
19 4 6 0.1392433426073132;
19 4 7 0.11970041732909381;
19 4 8 0.12458614864864864;
19 4 9 0.14412907392686805;
19 4 10 0.14657193958664547;
19 5 1 0.12631836248012718;
19 5 2 0.13473958664546898;
19 5 3 0.148774960254372;
19 5 4 0.15719618441971384;
19 5 5 0.148774960254372;
19 5 6 0.11228298887122415;
19 5 7 0.16281033386327498;
19 5 8 0.13193251192368838;
19 5 9 0.12912543720190778;
19 5 10 0.1656174085850556;
19 6 1 0.11739672098569157;
19 6 2 0.14316673290937995;
19 6 3 0.14316673290937995;
19 6 4 0.12312339030206676;
19 6 5 0.12885005961844195;
19 6 6 0.12885005961844195;
19 6 7 0.12312339030206676;
19 6 8 0.11453338632750397;
19 6 9 0.14603006756756756;
19 6 10 0.1317133942766296;
20 1 1 0.14185794912559616;
20 1 2 0.1369662957074722;
20 1 3 0.10517054848966613;
20 1 4 0.1443037758346582;
20 1 5 0.10761637519872815;
20 1 6 0.11739968203497615;
20 1 7 0.10517054848966613;
20 1 8 0.11984550874403817;
20 1 9 0.13207464228934818;
20 1 10 0.13207464228934818;
20 2 1 0.11128807631160571;
20 2 2 0.10169427662957074;
20 2 3 0.07675039745627982;
20 2 4 0.09785675675675676;
20 2 5 0.09977551669316376;
20 2 6 0.10745055643879176;
20 2 7 0.08634419713831479;
20 2 8 0.0786691573926868;
20 2 9 0.10169427662957074;
20 2 10 0.11128807631160571;
20 3 1 0.20270455087440378;
20 3 2 0.18847967011128774;
20 3 3 0.18847967011128774;
20 3 4 0.1778110095389507;
20 3 5 0.18847967011128774;
20 3 6 0.15291746820349758;
20 3 7 0.20626077106518279;
20 3 8 0.1813672297297297;
20 3 9 0.15647368839427664;
20 3 10 0.20981699125596182;
20 4 1 0.13191474562798094;
20 4 2 0.1001574920508744;
20 4 3 0.12214328298887123;
20 4 4 0.1001574920508744;
20 4 5 0.10504322337042923;
20 4 6 0.1001574920508744;
20 4 7 0.14412907392686805;
20 4 8 0.1392433426073132;
20 4 9 0.14657193958664547;
20 4 10 0.10260035771065182;
20 5 1 0.13473958664546898;
20 5 2 0.1375466613672496;
20 5 3 0.16281033386327498;
20 5 4 0.12351128775834656;
20 5 5 0.11228298887122415;
20 5 6 0.1600032591414944;
20 5 7 0.14316081081081078;
20 5 8 0.1543891096979332;
20 5 9 0.1600032591414944;
20 5 10 0.16281033386327498;
20 6 1 0.13457672893481717;
20 6 2 0.14030339825119237;
20 6 3 0.17180007949125595;
20 6 4 0.12885005961844195;
20 6 5 0.1317133942766296;
20 6 6 0.15175673688394276;
20 6 7 0.15748340620031798;
20 6 8 0.12598672496025437;
20 6 9 0.16893674483306836;
20 6 10 0.16607341017488073;
]

global d = [
1 1 1 0;
1 1 2 189;
1 1 3 0;
1 1 4 272;
1 1 5 232;
1 1 6 201;
1 1 7 288;
1 1 8 52;
1 1 9 140;
1 1 10 0;
1 2 1 226;
1 2 2 252;
1 2 3 0;
1 2 4 0;
1 2 5 96;
1 2 6 0;
1 2 7 87;
1 2 8 217;
1 2 9 127;
1 2 10 233;
1 3 1 293;
1 3 2 271;
1 3 3 174;
1 3 4 0;
1 3 5 0;
1 3 6 253;
1 3 7 0;
1 3 8 226;
1 3 9 78;
1 3 10 0;
1 4 1 131;
1 4 2 0;
1 4 3 199;
1 4 4 115;
1 4 5 161;
1 4 6 0;
1 4 7 220;
1 4 8 134;
1 4 9 0;
1 4 10 156;
1 5 1 66;
1 5 2 0;
1 5 3 204;
1 5 4 0;
1 5 5 0;
1 5 6 227;
1 5 7 0;
1 5 8 119;
1 5 9 187;
1 5 10 158;
1 6 1 275;
1 6 2 100;
1 6 3 154;
1 6 4 65;
1 6 5 161;
1 6 6 289;
1 6 7 93;
1 6 8 223;
1 6 9 287;
1 6 10 271;
2 1 1 258;
2 1 2 0;
2 1 3 159;
2 1 4 198;
2 1 5 144;
2 1 6 161;
2 1 7 108;
2 1 8 213;
2 1 9 131;
2 1 10 286;
2 2 1 51;
2 2 2 146;
2 2 3 94;
2 2 4 125;
2 2 5 295;
2 2 6 237;
2 2 7 276;
2 2 8 258;
2 2 9 63;
2 2 10 149;
2 3 1 172;
2 3 2 266;
2 3 3 228;
2 3 4 54;
2 3 5 260;
2 3 6 249;
2 3 7 216;
2 3 8 155;
2 3 9 168;
2 3 10 116;
2 4 1 0;
2 4 2 212;
2 4 3 230;
2 4 4 74;
2 4 5 61;
2 4 6 0;
2 4 7 148;
2 4 8 269;
2 4 9 260;
2 4 10 0;
2 5 1 295;
2 5 2 187;
2 5 3 115;
2 5 4 148;
2 5 5 101;
2 5 6 61;
2 5 7 89;
2 5 8 245;
2 5 9 0;
2 5 10 225;
2 6 1 82;
2 6 2 176;
2 6 3 0;
2 6 4 229;
2 6 5 88;
2 6 6 300;
2 6 7 0;
2 6 8 70;
2 6 9 243;
2 6 10 257;
3 1 1 99;
3 1 2 231;
3 1 3 233;
3 1 4 0;
3 1 5 61;
3 1 6 84;
3 1 7 198;
3 1 8 243;
3 1 9 153;
3 1 10 158;
3 2 1 177;
3 2 2 116;
3 2 3 229;
3 2 4 122;
3 2 5 169;
3 2 6 0;
3 2 7 91;
3 2 8 180;
3 2 9 111;
3 2 10 282;
3 3 1 220;
3 3 2 0;
3 3 3 284;
3 3 4 256;
3 3 5 50;
3 3 6 156;
3 3 7 58;
3 3 8 192;
3 3 9 153;
3 3 10 0;
3 4 1 170;
3 4 2 0;
3 4 3 62;
3 4 4 0;
3 4 5 113;
3 4 6 291;
3 4 7 88;
3 4 8 278;
3 4 9 289;
3 4 10 176;
3 5 1 284;
3 5 2 0;
3 5 3 93;
3 5 4 299;
3 5 5 0;
3 5 6 126;
3 5 7 52;
3 5 8 170;
3 5 9 281;
3 5 10 144;
3 6 1 96;
3 6 2 177;
3 6 3 76;
3 6 4 75;
3 6 5 269;
3 6 6 84;
3 6 7 221;
3 6 8 106;
3 6 9 119;
3 6 10 0;
4 1 1 160;
4 1 2 174;
4 1 3 0;
4 1 4 213;
4 1 5 80;
4 1 6 91;
4 1 7 178;
4 1 8 0;
4 1 9 53;
4 1 10 270;
4 2 1 152;
4 2 2 0;
4 2 3 0;
4 2 4 118;
4 2 5 0;
4 2 6 171;
4 2 7 247;
4 2 8 280;
4 2 9 147;
4 2 10 122;
4 3 1 291;
4 3 2 258;
4 3 3 127;
4 3 4 0;
4 3 5 135;
4 3 6 131;
4 3 7 83;
4 3 8 161;
4 3 9 55;
4 3 10 147;
4 4 1 0;
4 4 2 53;
4 4 3 239;
4 4 4 239;
4 4 5 105;
4 4 6 261;
4 4 7 296;
4 4 8 106;
4 4 9 139;
4 4 10 187;
4 5 1 184;
4 5 2 266;
4 5 3 104;
4 5 4 210;
4 5 5 58;
4 5 6 159;
4 5 7 0;
4 5 8 273;
4 5 9 202;
4 5 10 249;
4 6 1 121;
4 6 2 154;
4 6 3 238;
4 6 4 89;
4 6 5 101;
4 6 6 167;
4 6 7 290;
4 6 8 175;
4 6 9 60;
4 6 10 105;
5 1 1 232;
5 1 2 170;
5 1 3 0;
5 1 4 0;
5 1 5 52;
5 1 6 0;
5 1 7 0;
5 1 8 96;
5 1 9 99;
5 1 10 143;
5 2 1 65;
5 2 2 162;
5 2 3 177;
5 2 4 0;
5 2 5 0;
5 2 6 0;
5 2 7 229;
5 2 8 246;
5 2 9 148;
5 2 10 0;
5 3 1 280;
5 3 2 0;
5 3 3 0;
5 3 4 280;
5 3 5 190;
5 3 6 292;
5 3 7 0;
5 3 8 255;
5 3 9 265;
5 3 10 0;
5 4 1 292;
5 4 2 124;
5 4 3 125;
5 4 4 239;
5 4 5 79;
5 4 6 84;
5 4 7 297;
5 4 8 195;
5 4 9 189;
5 4 10 141;
5 5 1 248;
5 5 2 177;
5 5 3 65;
5 5 4 234;
5 5 5 197;
5 5 6 266;
5 5 7 114;
5 5 8 0;
5 5 9 0;
5 5 10 193;
5 6 1 289;
5 6 2 0;
5 6 3 223;
5 6 4 59;
5 6 5 0;
5 6 6 0;
5 6 7 53;
5 6 8 196;
5 6 9 104;
5 6 10 282;
6 1 1 0;
6 1 2 133;
6 1 3 129;
6 1 4 93;
6 1 5 175;
6 1 6 149;
6 1 7 231;
6 1 8 203;
6 1 9 121;
6 1 10 249;
6 2 1 228;
6 2 2 236;
6 2 3 60;
6 2 4 251;
6 2 5 0;
6 2 6 0;
6 2 7 166;
6 2 8 108;
6 2 9 0;
6 2 10 101;
6 3 1 105;
6 3 2 0;
6 3 3 0;
6 3 4 140;
6 3 5 219;
6 3 6 237;
6 3 7 261;
6 3 8 277;
6 3 9 257;
6 3 10 0;
6 4 1 0;
6 4 2 86;
6 4 3 56;
6 4 4 110;
6 4 5 287;
6 4 6 257;
6 4 7 98;
6 4 8 215;
6 4 9 223;
6 4 10 82;
6 5 1 262;
6 5 2 185;
6 5 3 256;
6 5 4 0;
6 5 5 286;
6 5 6 137;
6 5 7 230;
6 5 8 250;
6 5 9 269;
6 5 10 63;
6 6 1 288;
6 6 2 196;
6 6 3 0;
6 6 4 150;
6 6 5 82;
6 6 6 137;
6 6 7 226;
6 6 8 223;
6 6 9 154;
6 6 10 0;
7 1 1 80;
7 1 2 98;
7 1 3 181;
7 1 4 246;
7 1 5 270;
7 1 6 143;
7 1 7 259;
7 1 8 210;
7 1 9 0;
7 1 10 230;
7 2 1 182;
7 2 2 188;
7 2 3 253;
7 2 4 135;
7 2 5 181;
7 2 6 276;
7 2 7 171;
7 2 8 50;
7 2 9 294;
7 2 10 189;
7 3 1 139;
7 3 2 54;
7 3 3 136;
7 3 4 50;
7 3 5 0;
7 3 6 218;
7 3 7 84;
7 3 8 181;
7 3 9 232;
7 3 10 128;
7 4 1 132;
7 4 2 52;
7 4 3 156;
7 4 4 82;
7 4 5 125;
7 4 6 62;
7 4 7 51;
7 4 8 0;
7 4 9 256;
7 4 10 283;
7 5 1 297;
7 5 2 168;
7 5 3 0;
7 5 4 234;
7 5 5 262;
7 5 6 80;
7 5 7 0;
7 5 8 199;
7 5 9 236;
7 5 10 243;
7 6 1 293;
7 6 2 90;
7 6 3 168;
7 6 4 190;
7 6 5 207;
7 6 6 257;
7 6 7 56;
7 6 8 0;
7 6 9 0;
7 6 10 115;
8 1 1 229;
8 1 2 71;
8 1 3 192;
8 1 4 0;
8 1 5 151;
8 1 6 69;
8 1 7 201;
8 1 8 227;
8 1 9 263;
8 1 10 0;
8 2 1 204;
8 2 2 0;
8 2 3 0;
8 2 4 57;
8 2 5 249;
8 2 6 276;
8 2 7 147;
8 2 8 242;
8 2 9 200;
8 2 10 166;
8 3 1 116;
8 3 2 0;
8 3 3 141;
8 3 4 289;
8 3 5 0;
8 3 6 77;
8 3 7 237;
8 3 8 234;
8 3 9 92;
8 3 10 144;
8 4 1 140;
8 4 2 274;
8 4 3 88;
8 4 4 225;
8 4 5 217;
8 4 6 222;
8 4 7 212;
8 4 8 238;
8 4 9 65;
8 4 10 103;
8 5 1 0;
8 5 2 256;
8 5 3 74;
8 5 4 113;
8 5 5 160;
8 5 6 239;
8 5 7 270;
8 5 8 249;
8 5 9 146;
8 5 10 100;
8 6 1 136;
8 6 2 299;
8 6 3 186;
8 6 4 0;
8 6 5 83;
8 6 6 198;
8 6 7 125;
8 6 8 215;
8 6 9 216;
8 6 10 202;
9 1 1 61;
9 1 2 0;
9 1 3 0;
9 1 4 136;
9 1 5 0;
9 1 6 83;
9 1 7 99;
9 1 8 284;
9 1 9 282;
9 1 10 65;
9 2 1 285;
9 2 2 76;
9 2 3 70;
9 2 4 111;
9 2 5 52;
9 2 6 183;
9 2 7 197;
9 2 8 182;
9 2 9 0;
9 2 10 111;
9 3 1 230;
9 3 2 167;
9 3 3 0;
9 3 4 245;
9 3 5 0;
9 3 6 128;
9 3 7 216;
9 3 8 262;
9 3 9 256;
9 3 10 127;
9 4 1 0;
9 4 2 79;
9 4 3 270;
9 4 4 79;
9 4 5 280;
9 4 6 181;
9 4 7 167;
9 4 8 200;
9 4 9 194;
9 4 10 116;
9 5 1 249;
9 5 2 159;
9 5 3 121;
9 5 4 0;
9 5 5 0;
9 5 6 158;
9 5 7 0;
9 5 8 201;
9 5 9 265;
9 5 10 50;
9 6 1 188;
9 6 2 52;
9 6 3 0;
9 6 4 0;
9 6 5 189;
9 6 6 131;
9 6 7 264;
9 6 8 255;
9 6 9 206;
9 6 10 253;
10 1 1 78;
10 1 2 199;
10 1 3 283;
10 1 4 168;
10 1 5 286;
10 1 6 0;
10 1 7 118;
10 1 8 89;
10 1 9 224;
10 1 10 0;
10 2 1 141;
10 2 2 0;
10 2 3 283;
10 2 4 0;
10 2 5 162;
10 2 6 199;
10 2 7 298;
10 2 8 194;
10 2 9 126;
10 2 10 144;
10 3 1 0;
10 3 2 0;
10 3 3 185;
10 3 4 0;
10 3 5 204;
10 3 6 267;
10 3 7 0;
10 3 8 222;
10 3 9 95;
10 3 10 0;
10 4 1 201;
10 4 2 0;
10 4 3 123;
10 4 4 0;
10 4 5 0;
10 4 6 158;
10 4 7 0;
10 4 8 0;
10 4 9 207;
10 4 10 119;
10 5 1 0;
10 5 2 155;
10 5 3 98;
10 5 4 244;
10 5 5 284;
10 5 6 101;
10 5 7 68;
10 5 8 250;
10 5 9 0;
10 5 10 146;
10 6 1 56;
10 6 2 195;
10 6 3 277;
10 6 4 229;
10 6 5 287;
10 6 6 74;
10 6 7 199;
10 6 8 250;
10 6 9 64;
10 6 10 140;
11 1 1 128;
11 1 2 138;
11 1 3 201;
11 1 4 0;
11 1 5 294;
11 1 6 135;
11 1 7 66;
11 1 8 91;
11 1 9 143;
11 1 10 101;
11 2 1 180;
11 2 2 91;
11 2 3 106;
11 2 4 99;
11 2 5 211;
11 2 6 293;
11 2 7 241;
11 2 8 138;
11 2 9 270;
11 2 10 101;
11 3 1 163;
11 3 2 0;
11 3 3 134;
11 3 4 209;
11 3 5 0;
11 3 6 210;
11 3 7 297;
11 3 8 103;
11 3 9 62;
11 3 10 116;
11 4 1 264;
11 4 2 186;
11 4 3 0;
11 4 4 111;
11 4 5 84;
11 4 6 172;
11 4 7 292;
11 4 8 0;
11 4 9 85;
11 4 10 69;
11 5 1 162;
11 5 2 104;
11 5 3 265;
11 5 4 0;
11 5 5 220;
11 5 6 191;
11 5 7 228;
11 5 8 175;
11 5 9 203;
11 5 10 228;
11 6 1 85;
11 6 2 131;
11 6 3 241;
11 6 4 220;
11 6 5 181;
11 6 6 296;
11 6 7 55;
11 6 8 180;
11 6 9 0;
11 6 10 0;
12 1 1 106;
12 1 2 112;
12 1 3 119;
12 1 4 207;
12 1 5 0;
12 1 6 292;
12 1 7 124;
12 1 8 114;
12 1 9 231;
12 1 10 245;
12 2 1 59;
12 2 2 0;
12 2 3 241;
12 2 4 110;
12 2 5 163;
12 2 6 110;
12 2 7 0;
12 2 8 157;
12 2 9 221;
12 2 10 0;
12 3 1 0;
12 3 2 160;
12 3 3 182;
12 3 4 70;
12 3 5 187;
12 3 6 89;
12 3 7 241;
12 3 8 142;
12 3 9 140;
12 3 10 249;
12 4 1 158;
12 4 2 278;
12 4 3 200;
12 4 4 299;
12 4 5 289;
12 4 6 124;
12 4 7 127;
12 4 8 170;
12 4 9 161;
12 4 10 83;
12 5 1 92;
12 5 2 154;
12 5 3 184;
12 5 4 55;
12 5 5 97;
12 5 6 101;
12 5 7 96;
12 5 8 183;
12 5 9 232;
12 5 10 285;
12 6 1 0;
12 6 2 81;
12 6 3 111;
12 6 4 128;
12 6 5 0;
12 6 6 50;
12 6 7 286;
12 6 8 200;
12 6 9 51;
12 6 10 159;
13 1 1 292;
13 1 2 157;
13 1 3 51;
13 1 4 181;
13 1 5 274;
13 1 6 116;
13 1 7 266;
13 1 8 244;
13 1 9 209;
13 1 10 177;
13 2 1 186;
13 2 2 194;
13 2 3 0;
13 2 4 212;
13 2 5 89;
13 2 6 256;
13 2 7 105;
13 2 8 194;
13 2 9 0;
13 2 10 79;
13 3 1 137;
13 3 2 299;
13 3 3 178;
13 3 4 143;
13 3 5 0;
13 3 6 197;
13 3 7 0;
13 3 8 265;
13 3 9 0;
13 3 10 131;
13 4 1 0;
13 4 2 220;
13 4 3 0;
13 4 4 112;
13 4 5 0;
13 4 6 265;
13 4 7 177;
13 4 8 0;
13 4 9 119;
13 4 10 238;
13 5 1 237;
13 5 2 0;
13 5 3 232;
13 5 4 240;
13 5 5 291;
13 5 6 212;
13 5 7 0;
13 5 8 111;
13 5 9 94;
13 5 10 74;
13 6 1 186;
13 6 2 94;
13 6 3 55;
13 6 4 157;
13 6 5 0;
13 6 6 91;
13 6 7 216;
13 6 8 181;
13 6 9 293;
13 6 10 244;
14 1 1 0;
14 1 2 254;
14 1 3 0;
14 1 4 72;
14 1 5 134;
14 1 6 68;
14 1 7 230;
14 1 8 227;
14 1 9 252;
14 1 10 252;
14 2 1 61;
14 2 2 186;
14 2 3 82;
14 2 4 174;
14 2 5 81;
14 2 6 197;
14 2 7 0;
14 2 8 0;
14 2 9 286;
14 2 10 0;
14 3 1 222;
14 3 2 228;
14 3 3 0;
14 3 4 276;
14 3 5 125;
14 3 6 171;
14 3 7 80;
14 3 8 174;
14 3 9 216;
14 3 10 64;
14 4 1 119;
14 4 2 181;
14 4 3 129;
14 4 4 264;
14 4 5 135;
14 4 6 231;
14 4 7 212;
14 4 8 232;
14 4 9 249;
14 4 10 53;
14 5 1 144;
14 5 2 0;
14 5 3 144;
14 5 4 236;
14 5 5 268;
14 5 6 57;
14 5 7 76;
14 5 8 277;
14 5 9 63;
14 5 10 0;
14 6 1 183;
14 6 2 146;
14 6 3 113;
14 6 4 169;
14 6 5 73;
14 6 6 0;
14 6 7 210;
14 6 8 0;
14 6 9 182;
14 6 10 257;
15 1 1 287;
15 1 2 123;
15 1 3 189;
15 1 4 230;
15 1 5 274;
15 1 6 240;
15 1 7 0;
15 1 8 250;
15 1 9 0;
15 1 10 97;
15 2 1 76;
15 2 2 57;
15 2 3 0;
15 2 4 140;
15 2 5 201;
15 2 6 288;
15 2 7 279;
15 2 8 159;
15 2 9 259;
15 2 10 284;
15 3 1 282;
15 3 2 138;
15 3 3 219;
15 3 4 0;
15 3 5 227;
15 3 6 144;
15 3 7 240;
15 3 8 283;
15 3 9 210;
15 3 10 110;
15 4 1 278;
15 4 2 170;
15 4 3 154;
15 4 4 164;
15 4 5 213;
15 4 6 111;
15 4 7 176;
15 4 8 57;
15 4 9 0;
15 4 10 0;
15 5 1 222;
15 5 2 157;
15 5 3 277;
15 5 4 118;
15 5 5 136;
15 5 6 115;
15 5 7 152;
15 5 8 208;
15 5 9 209;
15 5 10 227;
15 6 1 283;
15 6 2 164;
15 6 3 289;
15 6 4 172;
15 6 5 130;
15 6 6 146;
15 6 7 225;
15 6 8 0;
15 6 9 235;
15 6 10 98;
16 1 1 285;
16 1 2 268;
16 1 3 106;
16 1 4 184;
16 1 5 204;
16 1 6 112;
16 1 7 122;
16 1 8 50;
16 1 9 128;
16 1 10 0;
16 2 1 0;
16 2 2 172;
16 2 3 289;
16 2 4 223;
16 2 5 75;
16 2 6 90;
16 2 7 148;
16 2 8 275;
16 2 9 280;
16 2 10 134;
16 3 1 232;
16 3 2 261;
16 3 3 0;
16 3 4 286;
16 3 5 156;
16 3 6 0;
16 3 7 186;
16 3 8 0;
16 3 9 0;
16 3 10 120;
16 4 1 60;
16 4 2 0;
16 4 3 203;
16 4 4 0;
16 4 5 69;
16 4 6 255;
16 4 7 109;
16 4 8 226;
16 4 9 272;
16 4 10 0;
16 5 1 0;
16 5 2 294;
16 5 3 158;
16 5 4 172;
16 5 5 141;
16 5 6 274;
16 5 7 227;
16 5 8 112;
16 5 9 254;
16 5 10 0;
16 6 1 120;
16 6 2 165;
16 6 3 155;
16 6 4 295;
16 6 5 0;
16 6 6 0;
16 6 7 81;
16 6 8 202;
16 6 9 64;
16 6 10 217;
17 1 1 210;
17 1 2 0;
17 1 3 220;
17 1 4 99;
17 1 5 228;
17 1 6 124;
17 1 7 72;
17 1 8 51;
17 1 9 236;
17 1 10 179;
17 2 1 228;
17 2 2 145;
17 2 3 160;
17 2 4 243;
17 2 5 0;
17 2 6 123;
17 2 7 199;
17 2 8 143;
17 2 9 106;
17 2 10 280;
17 3 1 127;
17 3 2 86;
17 3 3 0;
17 3 4 0;
17 3 5 252;
17 3 6 123;
17 3 7 57;
17 3 8 110;
17 3 9 172;
17 3 10 223;
17 4 1 156;
17 4 2 123;
17 4 3 0;
17 4 4 210;
17 4 5 283;
17 4 6 0;
17 4 7 276;
17 4 8 271;
17 4 9 87;
17 4 10 160;
17 5 1 71;
17 5 2 288;
17 5 3 257;
17 5 4 63;
17 5 5 249;
17 5 6 263;
17 5 7 220;
17 5 8 51;
17 5 9 262;
17 5 10 231;
17 6 1 298;
17 6 2 188;
17 6 3 164;
17 6 4 153;
17 6 5 81;
17 6 6 137;
17 6 7 197;
17 6 8 135;
17 6 9 135;
17 6 10 108;
18 1 1 0;
18 1 2 0;
18 1 3 192;
18 1 4 282;
18 1 5 146;
18 1 6 91;
18 1 7 0;
18 1 8 182;
18 1 9 84;
18 1 10 204;
18 2 1 291;
18 2 2 132;
18 2 3 240;
18 2 4 252;
18 2 5 73;
18 2 6 0;
18 2 7 92;
18 2 8 0;
18 2 9 218;
18 2 10 279;
18 3 1 224;
18 3 2 104;
18 3 3 208;
18 3 4 154;
18 3 5 211;
18 3 6 78;
18 3 7 145;
18 3 8 82;
18 3 9 79;
18 3 10 110;
18 4 1 78;
18 4 2 210;
18 4 3 0;
18 4 4 61;
18 4 5 252;
18 4 6 195;
18 4 7 87;
18 4 8 231;
18 4 9 204;
18 4 10 158;
18 5 1 276;
18 5 2 185;
18 5 3 79;
18 5 4 221;
18 5 5 98;
18 5 6 75;
18 5 7 212;
18 5 8 194;
18 5 9 129;
18 5 10 0;
18 6 1 142;
18 6 2 97;
18 6 3 198;
18 6 4 0;
18 6 5 167;
18 6 6 0;
18 6 7 178;
18 6 8 152;
18 6 9 0;
18 6 10 136;
19 1 1 227;
19 1 2 0;
19 1 3 192;
19 1 4 120;
19 1 5 281;
19 1 6 0;
19 1 7 0;
19 1 8 103;
19 1 9 284;
19 1 10 163;
19 2 1 0;
19 2 2 196;
19 2 3 267;
19 2 4 154;
19 2 5 167;
19 2 6 117;
19 2 7 0;
19 2 8 265;
19 2 9 203;
19 2 10 114;
19 3 1 145;
19 3 2 230;
19 3 3 214;
19 3 4 110;
19 3 5 0;
19 3 6 0;
19 3 7 118;
19 3 8 0;
19 3 9 0;
19 3 10 257;
19 4 1 148;
19 4 2 295;
19 4 3 200;
19 4 4 171;
19 4 5 0;
19 4 6 134;
19 4 7 284;
19 4 8 232;
19 4 9 275;
19 4 10 264;
19 5 1 0;
19 5 2 0;
19 5 3 166;
19 5 4 273;
19 5 5 299;
19 5 6 255;
19 5 7 0;
19 5 8 272;
19 5 9 293;
19 5 10 61;
19 6 1 241;
19 6 2 0;
19 6 3 150;
19 6 4 214;
19 6 5 299;
19 6 6 187;
19 6 7 58;
19 6 8 56;
19 6 9 0;
19 6 10 149;
20 1 1 0;
20 1 2 60;
20 1 3 154;
20 1 4 300;
20 1 5 109;
20 1 6 61;
20 1 7 177;
20 1 8 291;
20 1 9 296;
20 1 10 222;
20 2 1 262;
20 2 2 119;
20 2 3 0;
20 2 4 53;
20 2 5 0;
20 2 6 289;
20 2 7 167;
20 2 8 79;
20 2 9 297;
20 2 10 54;
20 3 1 294;
20 3 2 59;
20 3 3 0;
20 3 4 224;
20 3 5 210;
20 3 6 267;
20 3 7 55;
20 3 8 87;
20 3 9 230;
20 3 10 288;
20 4 1 235;
20 4 2 0;
20 4 3 0;
20 4 4 168;
20 4 5 99;
20 4 6 96;
20 4 7 69;
20 4 8 172;
20 4 9 54;
20 4 10 135;
20 5 1 267;
20 5 2 178;
20 5 3 235;
20 5 4 95;
20 5 5 179;
20 5 6 150;
20 5 7 132;
20 5 8 0;
20 5 9 237;
20 5 10 66;
20 6 1 55;
20 6 2 100;
20 6 3 169;
20 6 4 0;
20 6 5 184;
20 6 6 94;
20 6 7 122;
20 6 8 92;
20 6 9 272;
20 6 10 110;
]

global Cap_c = [
1 1 1 18246.0;
1 1 2 18246.0;
1 1 3 18246.0;
1 1 4 18246.0;
1 1 5 18246.0;
1 1 6 18246.0;
1 1 7 18246.0;
1 1 8 18246.0;
1 1 9 18246.0;
1 1 10 18246.0;
1 2 1 18246.0;
1 2 2 18246.0;
1 2 3 18246.0;
1 2 4 18246.0;
1 2 5 18246.0;
1 2 6 18246.0;
1 2 7 18246.0;
1 2 8 18246.0;
1 2 9 18246.0;
1 2 10 18246.0;
2 1 1 18246.0;
2 1 2 18246.0;
2 1 3 18246.0;
2 1 4 18246.0;
2 1 5 18246.0;
2 1 6 18246.0;
2 1 7 18246.0;
2 1 8 18246.0;
2 1 9 18246.0;
2 1 10 18246.0;
2 2 1 18246.0;
2 2 2 18246.0;
2 2 3 18246.0;
2 2 4 18246.0;
2 2 5 18246.0;
2 2 6 18246.0;
2 2 7 18246.0;
2 2 8 18246.0;
2 2 9 18246.0;
2 2 10 18246.0;
3 1 1 18246.0;
3 1 2 18246.0;
3 1 3 18246.0;
3 1 4 18246.0;
3 1 5 18246.0;
3 1 6 18246.0;
3 1 7 18246.0;
3 1 8 18246.0;
3 1 9 18246.0;
3 1 10 18246.0;
3 2 1 18246.0;
3 2 2 18246.0;
3 2 3 18246.0;
3 2 4 18246.0;
3 2 5 18246.0;
3 2 6 18246.0;
3 2 7 18246.0;
3 2 8 18246.0;
3 2 9 18246.0;
3 2 10 18246.0;
4 1 1 18246.0;
4 1 2 18246.0;
4 1 3 18246.0;
4 1 4 18246.0;
4 1 5 18246.0;
4 1 6 18246.0;
4 1 7 18246.0;
4 1 8 18246.0;
4 1 9 18246.0;
4 1 10 18246.0;
4 2 1 18246.0;
4 2 2 18246.0;
4 2 3 18246.0;
4 2 4 18246.0;
4 2 5 18246.0;
4 2 6 18246.0;
4 2 7 18246.0;
4 2 8 18246.0;
4 2 9 18246.0;
4 2 10 18246.0;
5 1 1 18246.0;
5 1 2 18246.0;
5 1 3 18246.0;
5 1 4 18246.0;
5 1 5 18246.0;
5 1 6 18246.0;
5 1 7 18246.0;
5 1 8 18246.0;
5 1 9 18246.0;
5 1 10 18246.0;
5 2 1 18246.0;
5 2 2 18246.0;
5 2 3 18246.0;
5 2 4 18246.0;
5 2 5 18246.0;
5 2 6 18246.0;
5 2 7 18246.0;
5 2 8 18246.0;
5 2 9 18246.0;
5 2 10 18246.0;
6 1 1 18246.0;
6 1 2 18246.0;
6 1 3 18246.0;
6 1 4 18246.0;
6 1 5 18246.0;
6 1 6 18246.0;
6 1 7 18246.0;
6 1 8 18246.0;
6 1 9 18246.0;
6 1 10 18246.0;
6 2 1 18246.0;
6 2 2 18246.0;
6 2 3 18246.0;
6 2 4 18246.0;
6 2 5 18246.0;
6 2 6 18246.0;
6 2 7 18246.0;
6 2 8 18246.0;
6 2 9 18246.0;
6 2 10 18246.0;
]

global Cap_p = [1.773545e6 1.773545e6 1.773545e6 1.773545e6 1.773545e6 1.773545e6 1.773545e6 1.773545e6 1.773545e6 1.773545e6; 1.510798e6 1.510798e6 1.510798e6 1.510798e6 1.510798e6 1.510798e6 1.510798e6 1.510798e6 1.510798e6 1.510798e6]
#-----------------------------------------