###################################################
# Classe 24 : K = 6, M = 2, T = 10, N = 20
# Exemplo: 9.   Nome do arquivo: c24ex09.dat          Semente: 8555

global Q1 = 1e5
global Q2 = 1e5
#-----------------------Parâmetros----------------------
global K = 6 # Gramaturas
global M = 2 # Bobinas mestres (máquinas)
global T = 10 # Períodos
global N = 20 # Itens

global L = [540, 460] # Larguras das bobinas mestres

global l = [52, 63, 74, 74, 89, 89, 91, 93, 93, 108, 119, 119, 124, 128, 130, 131, 134, 135, 138, 139] # Larguras dos itens

global rho = [2.0, 2.0, 2.0, 2.0, 2.0, 2.0] # Peso específico da bobina mestre

global b = [1080.0 920.0; 1080.0 920.0; 1080.0 920.0; 1080.0 920.0; 1080.0 920.0; 1080.0 920.0] # Peso total da bobina mestre
#-----------------------Custos----------------------

# Custo de produção da bobina mestre
global c_x = [
1 1 1 18.576;
1 1 2 18.576;
1 1 3 18.576;
1 1 4 18.576;
1 1 5 18.576;
1 1 6 18.576;
1 1 7 18.576;
1 1 8 18.576;
1 1 9 18.576;
1 1 10 18.576;
1 2 1 22.08;
1 2 2 22.08;
1 2 3 22.08;
1 2 4 22.08;
1 2 5 22.08;
1 2 6 22.08;
1 2 7 22.08;
1 2 8 22.08;
1 2 9 22.08;
1 2 10 22.08;
2 1 1 24.084;
2 1 2 24.084;
2 1 3 24.084;
2 1 4 24.084;
2 1 5 24.084;
2 1 6 24.084;
2 1 7 24.084;
2 1 8 24.084;
2 1 9 24.084;
2 1 10 24.084;
2 2 1 14.536;
2 2 2 14.536;
2 2 3 14.536;
2 2 4 14.536;
2 2 5 14.536;
2 2 6 14.536;
2 2 7 14.536;
2 2 8 14.536;
2 2 9 14.536;
2 2 10 14.536;
3 1 1 23.976;
3 1 2 23.976;
3 1 3 23.976;
3 1 4 23.976;
3 1 5 23.976;
3 1 6 23.976;
3 1 7 23.976;
3 1 8 23.976;
3 1 9 23.976;
3 1 10 23.976;
3 2 1 22.355;
3 2 2 22.355;
3 2 3 22.355;
3 2 4 22.355;
3 2 5 22.355;
3 2 6 22.355;
3 2 7 22.355;
3 2 8 22.355;
3 2 9 22.355;
3 2 10 22.355;
4 1 1 22.355;
4 1 2 22.355;
4 1 3 22.355;
4 1 4 22.355;
4 1 5 22.355;
4 1 6 22.355;
4 1 7 22.355;
4 1 8 22.355;
4 1 9 22.355;
4 1 10 22.355;
4 2 1 13.892;
4 2 2 13.892;
4 2 3 13.892;
4 2 4 13.892;
4 2 5 13.892;
4 2 6 13.892;
4 2 7 13.892;
4 2 8 13.892;
4 2 9 13.892;
4 2 10 13.892;
5 1 1 25.272;
5 1 2 25.272;
5 1 3 25.272;
5 1 4 25.272;
5 1 5 25.272;
5 1 6 25.272;
5 1 7 25.272;
5 1 8 25.272;
5 1 9 25.272;
5 1 10 25.272;
5 2 1 16.928;
5 2 2 16.928;
5 2 3 16.928;
5 2 4 16.928;
5 2 5 16.928;
5 2 6 16.928;
5 2 7 16.928;
5 2 8 16.928;
5 2 9 16.928;
5 2 10 16.928;
6 1 1 16.632;
6 1 2 16.632;
6 1 3 16.632;
6 1 4 16.632;
6 1 5 16.632;
6 1 6 16.632;
6 1 7 16.632;
6 1 8 16.632;
6 1 9 16.632;
6 1 10 16.632;
6 2 1 15.18;
6 2 2 15.18;
6 2 3 15.18;
6 2 4 15.18;
6 2 5 15.18;
6 2 6 15.18;
6 2 7 15.18;
6 2 8 15.18;
6 2 9 15.18;
6 2 10 15.18;
]

# cw: custo de estocar uma bobina mestre
global c_w = [
1 1 1 0.013;
1 1 2 0.013;
1 1 3 0.013;
1 1 4 0.013;
1 1 5 0.013;
1 1 6 0.013;
1 1 7 0.013;
1 1 8 0.013;
1 1 9 0.013;
1 1 10 0.013;
1 2 1 0.011;
1 2 2 0.011;
1 2 3 0.011;
1 2 4 0.011;
1 2 5 0.011;
1 2 6 0.011;
1 2 7 0.011;
1 2 8 0.011;
1 2 9 0.011;
1 2 10 0.011;
2 1 1 0.01;
2 1 2 0.01;
2 1 3 0.01;
2 1 4 0.01;
2 1 5 0.01;
2 1 6 0.01;
2 1 7 0.01;
2 1 8 0.01;
2 1 9 0.01;
2 1 10 0.01;
2 2 1 0.008;
2 2 2 0.008;
2 2 3 0.008;
2 2 4 0.008;
2 2 5 0.008;
2 2 6 0.008;
2 2 7 0.008;
2 2 8 0.008;
2 2 9 0.008;
2 2 10 0.008;
3 1 1 0.013;
3 1 2 0.013;
3 1 3 0.013;
3 1 4 0.013;
3 1 5 0.013;
3 1 6 0.013;
3 1 7 0.013;
3 1 8 0.013;
3 1 9 0.013;
3 1 10 0.013;
3 2 1 0.011;
3 2 2 0.011;
3 2 3 0.011;
3 2 4 0.011;
3 2 5 0.011;
3 2 6 0.011;
3 2 7 0.011;
3 2 8 0.011;
3 2 9 0.011;
3 2 10 0.011;
4 1 1 0.01;
4 1 2 0.01;
4 1 3 0.01;
4 1 4 0.01;
4 1 5 0.01;
4 1 6 0.01;
4 1 7 0.01;
4 1 8 0.01;
4 1 9 0.01;
4 1 10 0.01;
4 2 1 0.008;
4 2 2 0.008;
4 2 3 0.008;
4 2 4 0.008;
4 2 5 0.008;
4 2 6 0.008;
4 2 7 0.008;
4 2 8 0.008;
4 2 9 0.008;
4 2 10 0.008;
5 1 1 0.009;
5 1 2 0.009;
5 1 3 0.009;
5 1 4 0.009;
5 1 5 0.009;
5 1 6 0.009;
5 1 7 0.009;
5 1 8 0.009;
5 1 9 0.009;
5 1 10 0.009;
5 2 1 0.008;
5 2 2 0.008;
5 2 3 0.008;
5 2 4 0.008;
5 2 5 0.008;
5 2 6 0.008;
5 2 7 0.008;
5 2 8 0.008;
5 2 9 0.008;
5 2 10 0.008;
6 1 1 0.009;
6 1 2 0.009;
6 1 3 0.009;
6 1 4 0.009;
6 1 5 0.009;
6 1 6 0.009;
6 1 7 0.009;
6 1 8 0.009;
6 1 9 0.009;
6 1 10 0.009;
6 2 1 0.007;
6 2 2 0.007;
6 2 3 0.007;
6 2 4 0.007;
6 2 5 0.007;
6 2 6 0.007;
6 2 7 0.007;
6 2 8 0.007;
6 2 9 0.007;
6 2 10 0.007;
]

# cz: custo de setup por bobina mestre
global c_z = [
1 1 1 0.929;
1 1 2 0.929;
1 1 3 0.929;
1 1 4 0.929;
1 1 5 0.929;
1 1 6 0.929;
1 1 7 0.929;
1 1 8 0.929;
1 1 9 0.929;
1 1 10 0.929;
1 2 1 1.082;
1 2 2 1.082;
1 2 3 1.082;
1 2 4 1.082;
1 2 5 1.082;
1 2 6 1.082;
1 2 7 1.082;
1 2 8 1.082;
1 2 9 1.082;
1 2 10 1.082;
2 1 1 0.747;
2 1 2 0.747;
2 1 3 0.747;
2 1 4 0.747;
2 1 5 0.747;
2 1 6 0.747;
2 1 7 0.747;
2 1 8 0.747;
2 1 9 0.747;
2 1 10 0.747;
2 2 1 0.669;
2 2 2 0.669;
2 2 3 0.669;
2 2 4 0.669;
2 2 5 0.669;
2 2 6 0.669;
2 2 7 0.669;
2 2 8 0.669;
2 2 9 0.669;
2 2 10 0.669;
3 1 1 0.959;
3 1 2 0.959;
3 1 3 0.959;
3 1 4 0.959;
3 1 5 0.959;
3 1 6 0.959;
3 1 7 0.959;
3 1 8 0.959;
3 1 9 0.959;
3 1 10 0.959;
3 2 1 1.028;
3 2 2 1.028;
3 2 3 1.028;
3 2 4 1.028;
3 2 5 1.028;
3 2 6 1.028;
3 2 7 1.028;
3 2 8 1.028;
3 2 9 1.028;
3 2 10 1.028;
4 1 1 0.939;
4 1 2 0.939;
4 1 3 0.939;
4 1 4 0.939;
4 1 5 0.939;
4 1 6 0.939;
4 1 7 0.939;
4 1 8 0.939;
4 1 9 0.939;
4 1 10 0.939;
4 2 1 0.542;
4 2 2 0.542;
4 2 3 0.542;
4 2 4 0.542;
4 2 5 0.542;
4 2 6 0.542;
4 2 7 0.542;
4 2 8 0.542;
4 2 9 0.542;
4 2 10 0.542;
5 1 1 0.859;
5 1 2 0.859;
5 1 3 0.859;
5 1 4 0.859;
5 1 5 0.859;
5 1 6 0.859;
5 1 7 0.859;
5 1 8 0.859;
5 1 9 0.859;
5 1 10 0.859;
5 2 1 0.762;
5 2 2 0.762;
5 2 3 0.762;
5 2 4 0.762;
5 2 5 0.762;
5 2 6 0.762;
5 2 7 0.762;
5 2 8 0.762;
5 2 9 0.762;
5 2 10 0.762;
6 1 1 0.832;
6 1 2 0.832;
6 1 3 0.832;
6 1 4 0.832;
6 1 5 0.832;
6 1 6 0.832;
6 1 7 0.832;
6 1 8 0.832;
6 1 9 0.832;
6 1 10 0.832;
6 2 1 0.516;
6 2 2 0.516;
6 2 3 0.516;
6 2 4 0.516;
6 2 5 0.516;
6 2 6 0.516;
6 2 7 0.516;
6 2 8 0.516;
6 2 9 0.516;
6 2 10 0.516;
]

# cy: custo de corte por bobina mestre
global c_y = [
1 1 1 2.786;
1 1 2 2.786;
1 1 3 2.786;
1 1 4 2.786;
1 1 5 2.786;
1 1 6 2.786;
1 1 7 2.786;
1 1 8 2.786;
1 1 9 2.786;
1 1 10 2.786;
1 2 1 2.429;
1 2 2 2.429;
1 2 3 2.429;
1 2 4 2.429;
1 2 5 2.429;
1 2 6 2.429;
1 2 7 2.429;
1 2 8 2.429;
1 2 9 2.429;
1 2 10 2.429;
2 1 1 2.649;
2 1 2 2.649;
2 1 3 2.649;
2 1 4 2.649;
2 1 5 2.649;
2 1 6 2.649;
2 1 7 2.649;
2 1 8 2.649;
2 1 9 2.649;
2 1 10 2.649;
2 2 1 1.599;
2 2 2 1.599;
2 2 3 1.599;
2 2 4 1.599;
2 2 5 1.599;
2 2 6 1.599;
2 2 7 1.599;
2 2 8 1.599;
2 2 9 1.599;
2 2 10 1.599;
3 1 1 2.877;
3 1 2 2.877;
3 1 3 2.877;
3 1 4 2.877;
3 1 5 2.877;
3 1 6 2.877;
3 1 7 2.877;
3 1 8 2.877;
3 1 9 2.877;
3 1 10 2.877;
3 2 1 2.236;
3 2 2 2.236;
3 2 3 2.236;
3 2 4 2.236;
3 2 5 2.236;
3 2 6 2.236;
3 2 7 2.236;
3 2 8 2.236;
3 2 9 2.236;
3 2 10 2.236;
4 1 1 3.13;
4 1 2 3.13;
4 1 3 3.13;
4 1 4 3.13;
4 1 5 3.13;
4 1 6 3.13;
4 1 7 3.13;
4 1 8 3.13;
4 1 9 3.13;
4 1 10 3.13;
4 2 1 1.667;
4 2 2 1.667;
4 2 3 1.667;
4 2 4 1.667;
4 2 5 1.667;
4 2 6 1.667;
4 2 7 1.667;
4 2 8 1.667;
4 2 9 1.667;
4 2 10 1.667;
5 1 1 3.538;
5 1 2 3.538;
5 1 3 3.538;
5 1 4 3.538;
5 1 5 3.538;
5 1 6 3.538;
5 1 7 3.538;
5 1 8 3.538;
5 1 9 3.538;
5 1 10 3.538;
5 2 1 1.693;
5 2 2 1.693;
5 2 3 1.693;
5 2 4 1.693;
5 2 5 1.693;
5 2 6 1.693;
5 2 7 1.693;
5 2 8 1.693;
5 2 9 1.693;
5 2 10 1.693;
6 1 1 1.996;
6 1 2 1.996;
6 1 3 1.996;
6 1 4 1.996;
6 1 5 1.996;
6 1 6 1.996;
6 1 7 1.996;
6 1 8 1.996;
6 1 9 1.996;
6 1 10 1.996;
6 2 1 2.277;
6 2 2 2.277;
6 2 3 2.277;
6 2 4 2.277;
6 2 5 2.277;
6 2 6 2.277;
6 2 7 2.277;
6 2 8 2.277;
6 2 9 2.277;
6 2 10 2.277;
]

# c_e: Custo de estocar um item de largura l_i
global c_e = [
1 1 1 0.006;
1 1 2 0.006;
1 1 3 0.006;
1 1 4 0.006;
1 1 5 0.006;
1 1 6 0.006;
1 1 7 0.006;
1 1 8 0.006;
1 1 9 0.006;
1 1 10 0.006;
1 2 1 0.005;
1 2 2 0.005;
1 2 3 0.005;
1 2 4 0.005;
1 2 5 0.005;
1 2 6 0.005;
1 2 7 0.005;
1 2 8 0.005;
1 2 9 0.005;
1 2 10 0.005;
1 3 1 0.006;
1 3 2 0.006;
1 3 3 0.006;
1 3 4 0.006;
1 3 5 0.006;
1 3 6 0.006;
1 3 7 0.006;
1 3 8 0.006;
1 3 9 0.006;
1 3 10 0.006;
1 4 1 0.005;
1 4 2 0.005;
1 4 3 0.005;
1 4 4 0.005;
1 4 5 0.005;
1 4 6 0.005;
1 4 7 0.005;
1 4 8 0.005;
1 4 9 0.005;
1 4 10 0.005;
1 5 1 0.004;
1 5 2 0.004;
1 5 3 0.004;
1 5 4 0.004;
1 5 5 0.004;
1 5 6 0.004;
1 5 7 0.004;
1 5 8 0.004;
1 5 9 0.004;
1 5 10 0.004;
1 6 1 0.004;
1 6 2 0.004;
1 6 3 0.004;
1 6 4 0.004;
1 6 5 0.004;
1 6 6 0.004;
1 6 7 0.004;
1 6 8 0.004;
1 6 9 0.004;
1 6 10 0.004;
2 1 1 0.006;
2 1 2 0.006;
2 1 3 0.006;
2 1 4 0.006;
2 1 5 0.006;
2 1 6 0.006;
2 1 7 0.006;
2 1 8 0.006;
2 1 9 0.006;
2 1 10 0.006;
2 2 1 0.005;
2 2 2 0.005;
2 2 3 0.005;
2 2 4 0.005;
2 2 5 0.005;
2 2 6 0.005;
2 2 7 0.005;
2 2 8 0.005;
2 2 9 0.005;
2 2 10 0.005;
2 3 1 0.006;
2 3 2 0.006;
2 3 3 0.006;
2 3 4 0.006;
2 3 5 0.006;
2 3 6 0.006;
2 3 7 0.006;
2 3 8 0.006;
2 3 9 0.006;
2 3 10 0.006;
2 4 1 0.005;
2 4 2 0.005;
2 4 3 0.005;
2 4 4 0.005;
2 4 5 0.005;
2 4 6 0.005;
2 4 7 0.005;
2 4 8 0.005;
2 4 9 0.005;
2 4 10 0.005;
2 5 1 0.004;
2 5 2 0.004;
2 5 3 0.004;
2 5 4 0.004;
2 5 5 0.004;
2 5 6 0.004;
2 5 7 0.004;
2 5 8 0.004;
2 5 9 0.004;
2 5 10 0.004;
2 6 1 0.004;
2 6 2 0.004;
2 6 3 0.004;
2 6 4 0.004;
2 6 5 0.004;
2 6 6 0.004;
2 6 7 0.004;
2 6 8 0.004;
2 6 9 0.004;
2 6 10 0.004;
3 1 1 0.006;
3 1 2 0.006;
3 1 3 0.006;
3 1 4 0.006;
3 1 5 0.006;
3 1 6 0.006;
3 1 7 0.006;
3 1 8 0.006;
3 1 9 0.006;
3 1 10 0.006;
3 2 1 0.005;
3 2 2 0.005;
3 2 3 0.005;
3 2 4 0.005;
3 2 5 0.005;
3 2 6 0.005;
3 2 7 0.005;
3 2 8 0.005;
3 2 9 0.005;
3 2 10 0.005;
3 3 1 0.006;
3 3 2 0.006;
3 3 3 0.006;
3 3 4 0.006;
3 3 5 0.006;
3 3 6 0.006;
3 3 7 0.006;
3 3 8 0.006;
3 3 9 0.006;
3 3 10 0.006;
3 4 1 0.005;
3 4 2 0.005;
3 4 3 0.005;
3 4 4 0.005;
3 4 5 0.005;
3 4 6 0.005;
3 4 7 0.005;
3 4 8 0.005;
3 4 9 0.005;
3 4 10 0.005;
3 5 1 0.004;
3 5 2 0.004;
3 5 3 0.004;
3 5 4 0.004;
3 5 5 0.004;
3 5 6 0.004;
3 5 7 0.004;
3 5 8 0.004;
3 5 9 0.004;
3 5 10 0.004;
3 6 1 0.004;
3 6 2 0.004;
3 6 3 0.004;
3 6 4 0.004;
3 6 5 0.004;
3 6 6 0.004;
3 6 7 0.004;
3 6 8 0.004;
3 6 9 0.004;
3 6 10 0.004;
4 1 1 0.006;
4 1 2 0.006;
4 1 3 0.006;
4 1 4 0.006;
4 1 5 0.006;
4 1 6 0.006;
4 1 7 0.006;
4 1 8 0.006;
4 1 9 0.006;
4 1 10 0.006;
4 2 1 0.005;
4 2 2 0.005;
4 2 3 0.005;
4 2 4 0.005;
4 2 5 0.005;
4 2 6 0.005;
4 2 7 0.005;
4 2 8 0.005;
4 2 9 0.005;
4 2 10 0.005;
4 3 1 0.006;
4 3 2 0.006;
4 3 3 0.006;
4 3 4 0.006;
4 3 5 0.006;
4 3 6 0.006;
4 3 7 0.006;
4 3 8 0.006;
4 3 9 0.006;
4 3 10 0.006;
4 4 1 0.005;
4 4 2 0.005;
4 4 3 0.005;
4 4 4 0.005;
4 4 5 0.005;
4 4 6 0.005;
4 4 7 0.005;
4 4 8 0.005;
4 4 9 0.005;
4 4 10 0.005;
4 5 1 0.004;
4 5 2 0.004;
4 5 3 0.004;
4 5 4 0.004;
4 5 5 0.004;
4 5 6 0.004;
4 5 7 0.004;
4 5 8 0.004;
4 5 9 0.004;
4 5 10 0.004;
4 6 1 0.004;
4 6 2 0.004;
4 6 3 0.004;
4 6 4 0.004;
4 6 5 0.004;
4 6 6 0.004;
4 6 7 0.004;
4 6 8 0.004;
4 6 9 0.004;
4 6 10 0.004;
5 1 1 0.006;
5 1 2 0.006;
5 1 3 0.006;
5 1 4 0.006;
5 1 5 0.006;
5 1 6 0.006;
5 1 7 0.006;
5 1 8 0.006;
5 1 9 0.006;
5 1 10 0.006;
5 2 1 0.005;
5 2 2 0.005;
5 2 3 0.005;
5 2 4 0.005;
5 2 5 0.005;
5 2 6 0.005;
5 2 7 0.005;
5 2 8 0.005;
5 2 9 0.005;
5 2 10 0.005;
5 3 1 0.006;
5 3 2 0.006;
5 3 3 0.006;
5 3 4 0.006;
5 3 5 0.006;
5 3 6 0.006;
5 3 7 0.006;
5 3 8 0.006;
5 3 9 0.006;
5 3 10 0.006;
5 4 1 0.005;
5 4 2 0.005;
5 4 3 0.005;
5 4 4 0.005;
5 4 5 0.005;
5 4 6 0.005;
5 4 7 0.005;
5 4 8 0.005;
5 4 9 0.005;
5 4 10 0.005;
5 5 1 0.004;
5 5 2 0.004;
5 5 3 0.004;
5 5 4 0.004;
5 5 5 0.004;
5 5 6 0.004;
5 5 7 0.004;
5 5 8 0.004;
5 5 9 0.004;
5 5 10 0.004;
5 6 1 0.004;
5 6 2 0.004;
5 6 3 0.004;
5 6 4 0.004;
5 6 5 0.004;
5 6 6 0.004;
5 6 7 0.004;
5 6 8 0.004;
5 6 9 0.004;
5 6 10 0.004;
6 1 1 0.006;
6 1 2 0.006;
6 1 3 0.006;
6 1 4 0.006;
6 1 5 0.006;
6 1 6 0.006;
6 1 7 0.006;
6 1 8 0.006;
6 1 9 0.006;
6 1 10 0.006;
6 2 1 0.005;
6 2 2 0.005;
6 2 3 0.005;
6 2 4 0.005;
6 2 5 0.005;
6 2 6 0.005;
6 2 7 0.005;
6 2 8 0.005;
6 2 9 0.005;
6 2 10 0.005;
6 3 1 0.006;
6 3 2 0.006;
6 3 3 0.006;
6 3 4 0.006;
6 3 5 0.006;
6 3 6 0.006;
6 3 7 0.006;
6 3 8 0.006;
6 3 9 0.006;
6 3 10 0.006;
6 4 1 0.005;
6 4 2 0.005;
6 4 3 0.005;
6 4 4 0.005;
6 4 5 0.005;
6 4 6 0.005;
6 4 7 0.005;
6 4 8 0.005;
6 4 9 0.005;
6 4 10 0.005;
6 5 1 0.004;
6 5 2 0.004;
6 5 3 0.004;
6 5 4 0.004;
6 5 5 0.004;
6 5 6 0.004;
6 5 7 0.004;
6 5 8 0.004;
6 5 9 0.004;
6 5 10 0.004;
6 6 1 0.004;
6 6 2 0.004;
6 6 3 0.004;
6 6 4 0.004;
6 6 5 0.004;
6 6 6 0.004;
6 6 7 0.004;
6 6 8 0.004;
6 6 9 0.004;
6 6 10 0.004;
7 1 1 0.006;
7 1 2 0.006;
7 1 3 0.006;
7 1 4 0.006;
7 1 5 0.006;
7 1 6 0.006;
7 1 7 0.006;
7 1 8 0.006;
7 1 9 0.006;
7 1 10 0.006;
7 2 1 0.005;
7 2 2 0.005;
7 2 3 0.005;
7 2 4 0.005;
7 2 5 0.005;
7 2 6 0.005;
7 2 7 0.005;
7 2 8 0.005;
7 2 9 0.005;
7 2 10 0.005;
7 3 1 0.006;
7 3 2 0.006;
7 3 3 0.006;
7 3 4 0.006;
7 3 5 0.006;
7 3 6 0.006;
7 3 7 0.006;
7 3 8 0.006;
7 3 9 0.006;
7 3 10 0.006;
7 4 1 0.005;
7 4 2 0.005;
7 4 3 0.005;
7 4 4 0.005;
7 4 5 0.005;
7 4 6 0.005;
7 4 7 0.005;
7 4 8 0.005;
7 4 9 0.005;
7 4 10 0.005;
7 5 1 0.004;
7 5 2 0.004;
7 5 3 0.004;
7 5 4 0.004;
7 5 5 0.004;
7 5 6 0.004;
7 5 7 0.004;
7 5 8 0.004;
7 5 9 0.004;
7 5 10 0.004;
7 6 1 0.004;
7 6 2 0.004;
7 6 3 0.004;
7 6 4 0.004;
7 6 5 0.004;
7 6 6 0.004;
7 6 7 0.004;
7 6 8 0.004;
7 6 9 0.004;
7 6 10 0.004;
8 1 1 0.006;
8 1 2 0.006;
8 1 3 0.006;
8 1 4 0.006;
8 1 5 0.006;
8 1 6 0.006;
8 1 7 0.006;
8 1 8 0.006;
8 1 9 0.006;
8 1 10 0.006;
8 2 1 0.005;
8 2 2 0.005;
8 2 3 0.005;
8 2 4 0.005;
8 2 5 0.005;
8 2 6 0.005;
8 2 7 0.005;
8 2 8 0.005;
8 2 9 0.005;
8 2 10 0.005;
8 3 1 0.006;
8 3 2 0.006;
8 3 3 0.006;
8 3 4 0.006;
8 3 5 0.006;
8 3 6 0.006;
8 3 7 0.006;
8 3 8 0.006;
8 3 9 0.006;
8 3 10 0.006;
8 4 1 0.005;
8 4 2 0.005;
8 4 3 0.005;
8 4 4 0.005;
8 4 5 0.005;
8 4 6 0.005;
8 4 7 0.005;
8 4 8 0.005;
8 4 9 0.005;
8 4 10 0.005;
8 5 1 0.004;
8 5 2 0.004;
8 5 3 0.004;
8 5 4 0.004;
8 5 5 0.004;
8 5 6 0.004;
8 5 7 0.004;
8 5 8 0.004;
8 5 9 0.004;
8 5 10 0.004;
8 6 1 0.004;
8 6 2 0.004;
8 6 3 0.004;
8 6 4 0.004;
8 6 5 0.004;
8 6 6 0.004;
8 6 7 0.004;
8 6 8 0.004;
8 6 9 0.004;
8 6 10 0.004;
9 1 1 0.006;
9 1 2 0.006;
9 1 3 0.006;
9 1 4 0.006;
9 1 5 0.006;
9 1 6 0.006;
9 1 7 0.006;
9 1 8 0.006;
9 1 9 0.006;
9 1 10 0.006;
9 2 1 0.005;
9 2 2 0.005;
9 2 3 0.005;
9 2 4 0.005;
9 2 5 0.005;
9 2 6 0.005;
9 2 7 0.005;
9 2 8 0.005;
9 2 9 0.005;
9 2 10 0.005;
9 3 1 0.006;
9 3 2 0.006;
9 3 3 0.006;
9 3 4 0.006;
9 3 5 0.006;
9 3 6 0.006;
9 3 7 0.006;
9 3 8 0.006;
9 3 9 0.006;
9 3 10 0.006;
9 4 1 0.005;
9 4 2 0.005;
9 4 3 0.005;
9 4 4 0.005;
9 4 5 0.005;
9 4 6 0.005;
9 4 7 0.005;
9 4 8 0.005;
9 4 9 0.005;
9 4 10 0.005;
9 5 1 0.004;
9 5 2 0.004;
9 5 3 0.004;
9 5 4 0.004;
9 5 5 0.004;
9 5 6 0.004;
9 5 7 0.004;
9 5 8 0.004;
9 5 9 0.004;
9 5 10 0.004;
9 6 1 0.004;
9 6 2 0.004;
9 6 3 0.004;
9 6 4 0.004;
9 6 5 0.004;
9 6 6 0.004;
9 6 7 0.004;
9 6 8 0.004;
9 6 9 0.004;
9 6 10 0.004;
10 1 1 0.006;
10 1 2 0.006;
10 1 3 0.006;
10 1 4 0.006;
10 1 5 0.006;
10 1 6 0.006;
10 1 7 0.006;
10 1 8 0.006;
10 1 9 0.006;
10 1 10 0.006;
10 2 1 0.005;
10 2 2 0.005;
10 2 3 0.005;
10 2 4 0.005;
10 2 5 0.005;
10 2 6 0.005;
10 2 7 0.005;
10 2 8 0.005;
10 2 9 0.005;
10 2 10 0.005;
10 3 1 0.006;
10 3 2 0.006;
10 3 3 0.006;
10 3 4 0.006;
10 3 5 0.006;
10 3 6 0.006;
10 3 7 0.006;
10 3 8 0.006;
10 3 9 0.006;
10 3 10 0.006;
10 4 1 0.005;
10 4 2 0.005;
10 4 3 0.005;
10 4 4 0.005;
10 4 5 0.005;
10 4 6 0.005;
10 4 7 0.005;
10 4 8 0.005;
10 4 9 0.005;
10 4 10 0.005;
10 5 1 0.004;
10 5 2 0.004;
10 5 3 0.004;
10 5 4 0.004;
10 5 5 0.004;
10 5 6 0.004;
10 5 7 0.004;
10 5 8 0.004;
10 5 9 0.004;
10 5 10 0.004;
10 6 1 0.004;
10 6 2 0.004;
10 6 3 0.004;
10 6 4 0.004;
10 6 5 0.004;
10 6 6 0.004;
10 6 7 0.004;
10 6 8 0.004;
10 6 9 0.004;
10 6 10 0.004;
11 1 1 0.006;
11 1 2 0.006;
11 1 3 0.006;
11 1 4 0.006;
11 1 5 0.006;
11 1 6 0.006;
11 1 7 0.006;
11 1 8 0.006;
11 1 9 0.006;
11 1 10 0.006;
11 2 1 0.005;
11 2 2 0.005;
11 2 3 0.005;
11 2 4 0.005;
11 2 5 0.005;
11 2 6 0.005;
11 2 7 0.005;
11 2 8 0.005;
11 2 9 0.005;
11 2 10 0.005;
11 3 1 0.006;
11 3 2 0.006;
11 3 3 0.006;
11 3 4 0.006;
11 3 5 0.006;
11 3 6 0.006;
11 3 7 0.006;
11 3 8 0.006;
11 3 9 0.006;
11 3 10 0.006;
11 4 1 0.005;
11 4 2 0.005;
11 4 3 0.005;
11 4 4 0.005;
11 4 5 0.005;
11 4 6 0.005;
11 4 7 0.005;
11 4 8 0.005;
11 4 9 0.005;
11 4 10 0.005;
11 5 1 0.004;
11 5 2 0.004;
11 5 3 0.004;
11 5 4 0.004;
11 5 5 0.004;
11 5 6 0.004;
11 5 7 0.004;
11 5 8 0.004;
11 5 9 0.004;
11 5 10 0.004;
11 6 1 0.004;
11 6 2 0.004;
11 6 3 0.004;
11 6 4 0.004;
11 6 5 0.004;
11 6 6 0.004;
11 6 7 0.004;
11 6 8 0.004;
11 6 9 0.004;
11 6 10 0.004;
12 1 1 0.006;
12 1 2 0.006;
12 1 3 0.006;
12 1 4 0.006;
12 1 5 0.006;
12 1 6 0.006;
12 1 7 0.006;
12 1 8 0.006;
12 1 9 0.006;
12 1 10 0.006;
12 2 1 0.005;
12 2 2 0.005;
12 2 3 0.005;
12 2 4 0.005;
12 2 5 0.005;
12 2 6 0.005;
12 2 7 0.005;
12 2 8 0.005;
12 2 9 0.005;
12 2 10 0.005;
12 3 1 0.006;
12 3 2 0.006;
12 3 3 0.006;
12 3 4 0.006;
12 3 5 0.006;
12 3 6 0.006;
12 3 7 0.006;
12 3 8 0.006;
12 3 9 0.006;
12 3 10 0.006;
12 4 1 0.005;
12 4 2 0.005;
12 4 3 0.005;
12 4 4 0.005;
12 4 5 0.005;
12 4 6 0.005;
12 4 7 0.005;
12 4 8 0.005;
12 4 9 0.005;
12 4 10 0.005;
12 5 1 0.004;
12 5 2 0.004;
12 5 3 0.004;
12 5 4 0.004;
12 5 5 0.004;
12 5 6 0.004;
12 5 7 0.004;
12 5 8 0.004;
12 5 9 0.004;
12 5 10 0.004;
12 6 1 0.004;
12 6 2 0.004;
12 6 3 0.004;
12 6 4 0.004;
12 6 5 0.004;
12 6 6 0.004;
12 6 7 0.004;
12 6 8 0.004;
12 6 9 0.004;
12 6 10 0.004;
13 1 1 0.006;
13 1 2 0.006;
13 1 3 0.006;
13 1 4 0.006;
13 1 5 0.006;
13 1 6 0.006;
13 1 7 0.006;
13 1 8 0.006;
13 1 9 0.006;
13 1 10 0.006;
13 2 1 0.005;
13 2 2 0.005;
13 2 3 0.005;
13 2 4 0.005;
13 2 5 0.005;
13 2 6 0.005;
13 2 7 0.005;
13 2 8 0.005;
13 2 9 0.005;
13 2 10 0.005;
13 3 1 0.006;
13 3 2 0.006;
13 3 3 0.006;
13 3 4 0.006;
13 3 5 0.006;
13 3 6 0.006;
13 3 7 0.006;
13 3 8 0.006;
13 3 9 0.006;
13 3 10 0.006;
13 4 1 0.005;
13 4 2 0.005;
13 4 3 0.005;
13 4 4 0.005;
13 4 5 0.005;
13 4 6 0.005;
13 4 7 0.005;
13 4 8 0.005;
13 4 9 0.005;
13 4 10 0.005;
13 5 1 0.004;
13 5 2 0.004;
13 5 3 0.004;
13 5 4 0.004;
13 5 5 0.004;
13 5 6 0.004;
13 5 7 0.004;
13 5 8 0.004;
13 5 9 0.004;
13 5 10 0.004;
13 6 1 0.004;
13 6 2 0.004;
13 6 3 0.004;
13 6 4 0.004;
13 6 5 0.004;
13 6 6 0.004;
13 6 7 0.004;
13 6 8 0.004;
13 6 9 0.004;
13 6 10 0.004;
14 1 1 0.006;
14 1 2 0.006;
14 1 3 0.006;
14 1 4 0.006;
14 1 5 0.006;
14 1 6 0.006;
14 1 7 0.006;
14 1 8 0.006;
14 1 9 0.006;
14 1 10 0.006;
14 2 1 0.005;
14 2 2 0.005;
14 2 3 0.005;
14 2 4 0.005;
14 2 5 0.005;
14 2 6 0.005;
14 2 7 0.005;
14 2 8 0.005;
14 2 9 0.005;
14 2 10 0.005;
14 3 1 0.006;
14 3 2 0.006;
14 3 3 0.006;
14 3 4 0.006;
14 3 5 0.006;
14 3 6 0.006;
14 3 7 0.006;
14 3 8 0.006;
14 3 9 0.006;
14 3 10 0.006;
14 4 1 0.005;
14 4 2 0.005;
14 4 3 0.005;
14 4 4 0.005;
14 4 5 0.005;
14 4 6 0.005;
14 4 7 0.005;
14 4 8 0.005;
14 4 9 0.005;
14 4 10 0.005;
14 5 1 0.004;
14 5 2 0.004;
14 5 3 0.004;
14 5 4 0.004;
14 5 5 0.004;
14 5 6 0.004;
14 5 7 0.004;
14 5 8 0.004;
14 5 9 0.004;
14 5 10 0.004;
14 6 1 0.004;
14 6 2 0.004;
14 6 3 0.004;
14 6 4 0.004;
14 6 5 0.004;
14 6 6 0.004;
14 6 7 0.004;
14 6 8 0.004;
14 6 9 0.004;
14 6 10 0.004;
15 1 1 0.006;
15 1 2 0.006;
15 1 3 0.006;
15 1 4 0.006;
15 1 5 0.006;
15 1 6 0.006;
15 1 7 0.006;
15 1 8 0.006;
15 1 9 0.006;
15 1 10 0.006;
15 2 1 0.005;
15 2 2 0.005;
15 2 3 0.005;
15 2 4 0.005;
15 2 5 0.005;
15 2 6 0.005;
15 2 7 0.005;
15 2 8 0.005;
15 2 9 0.005;
15 2 10 0.005;
15 3 1 0.006;
15 3 2 0.006;
15 3 3 0.006;
15 3 4 0.006;
15 3 5 0.006;
15 3 6 0.006;
15 3 7 0.006;
15 3 8 0.006;
15 3 9 0.006;
15 3 10 0.006;
15 4 1 0.005;
15 4 2 0.005;
15 4 3 0.005;
15 4 4 0.005;
15 4 5 0.005;
15 4 6 0.005;
15 4 7 0.005;
15 4 8 0.005;
15 4 9 0.005;
15 4 10 0.005;
15 5 1 0.004;
15 5 2 0.004;
15 5 3 0.004;
15 5 4 0.004;
15 5 5 0.004;
15 5 6 0.004;
15 5 7 0.004;
15 5 8 0.004;
15 5 9 0.004;
15 5 10 0.004;
15 6 1 0.004;
15 6 2 0.004;
15 6 3 0.004;
15 6 4 0.004;
15 6 5 0.004;
15 6 6 0.004;
15 6 7 0.004;
15 6 8 0.004;
15 6 9 0.004;
15 6 10 0.004;
16 1 1 0.006;
16 1 2 0.006;
16 1 3 0.006;
16 1 4 0.006;
16 1 5 0.006;
16 1 6 0.006;
16 1 7 0.006;
16 1 8 0.006;
16 1 9 0.006;
16 1 10 0.006;
16 2 1 0.005;
16 2 2 0.005;
16 2 3 0.005;
16 2 4 0.005;
16 2 5 0.005;
16 2 6 0.005;
16 2 7 0.005;
16 2 8 0.005;
16 2 9 0.005;
16 2 10 0.005;
16 3 1 0.006;
16 3 2 0.006;
16 3 3 0.006;
16 3 4 0.006;
16 3 5 0.006;
16 3 6 0.006;
16 3 7 0.006;
16 3 8 0.006;
16 3 9 0.006;
16 3 10 0.006;
16 4 1 0.005;
16 4 2 0.005;
16 4 3 0.005;
16 4 4 0.005;
16 4 5 0.005;
16 4 6 0.005;
16 4 7 0.005;
16 4 8 0.005;
16 4 9 0.005;
16 4 10 0.005;
16 5 1 0.004;
16 5 2 0.004;
16 5 3 0.004;
16 5 4 0.004;
16 5 5 0.004;
16 5 6 0.004;
16 5 7 0.004;
16 5 8 0.004;
16 5 9 0.004;
16 5 10 0.004;
16 6 1 0.004;
16 6 2 0.004;
16 6 3 0.004;
16 6 4 0.004;
16 6 5 0.004;
16 6 6 0.004;
16 6 7 0.004;
16 6 8 0.004;
16 6 9 0.004;
16 6 10 0.004;
17 1 1 0.006;
17 1 2 0.006;
17 1 3 0.006;
17 1 4 0.006;
17 1 5 0.006;
17 1 6 0.006;
17 1 7 0.006;
17 1 8 0.006;
17 1 9 0.006;
17 1 10 0.006;
17 2 1 0.005;
17 2 2 0.005;
17 2 3 0.005;
17 2 4 0.005;
17 2 5 0.005;
17 2 6 0.005;
17 2 7 0.005;
17 2 8 0.005;
17 2 9 0.005;
17 2 10 0.005;
17 3 1 0.006;
17 3 2 0.006;
17 3 3 0.006;
17 3 4 0.006;
17 3 5 0.006;
17 3 6 0.006;
17 3 7 0.006;
17 3 8 0.006;
17 3 9 0.006;
17 3 10 0.006;
17 4 1 0.005;
17 4 2 0.005;
17 4 3 0.005;
17 4 4 0.005;
17 4 5 0.005;
17 4 6 0.005;
17 4 7 0.005;
17 4 8 0.005;
17 4 9 0.005;
17 4 10 0.005;
17 5 1 0.004;
17 5 2 0.004;
17 5 3 0.004;
17 5 4 0.004;
17 5 5 0.004;
17 5 6 0.004;
17 5 7 0.004;
17 5 8 0.004;
17 5 9 0.004;
17 5 10 0.004;
17 6 1 0.004;
17 6 2 0.004;
17 6 3 0.004;
17 6 4 0.004;
17 6 5 0.004;
17 6 6 0.004;
17 6 7 0.004;
17 6 8 0.004;
17 6 9 0.004;
17 6 10 0.004;
18 1 1 0.006;
18 1 2 0.006;
18 1 3 0.006;
18 1 4 0.006;
18 1 5 0.006;
18 1 6 0.006;
18 1 7 0.006;
18 1 8 0.006;
18 1 9 0.006;
18 1 10 0.006;
18 2 1 0.005;
18 2 2 0.005;
18 2 3 0.005;
18 2 4 0.005;
18 2 5 0.005;
18 2 6 0.005;
18 2 7 0.005;
18 2 8 0.005;
18 2 9 0.005;
18 2 10 0.005;
18 3 1 0.006;
18 3 2 0.006;
18 3 3 0.006;
18 3 4 0.006;
18 3 5 0.006;
18 3 6 0.006;
18 3 7 0.006;
18 3 8 0.006;
18 3 9 0.006;
18 3 10 0.006;
18 4 1 0.005;
18 4 2 0.005;
18 4 3 0.005;
18 4 4 0.005;
18 4 5 0.005;
18 4 6 0.005;
18 4 7 0.005;
18 4 8 0.005;
18 4 9 0.005;
18 4 10 0.005;
18 5 1 0.004;
18 5 2 0.004;
18 5 3 0.004;
18 5 4 0.004;
18 5 5 0.004;
18 5 6 0.004;
18 5 7 0.004;
18 5 8 0.004;
18 5 9 0.004;
18 5 10 0.004;
18 6 1 0.004;
18 6 2 0.004;
18 6 3 0.004;
18 6 4 0.004;
18 6 5 0.004;
18 6 6 0.004;
18 6 7 0.004;
18 6 8 0.004;
18 6 9 0.004;
18 6 10 0.004;
19 1 1 0.006;
19 1 2 0.006;
19 1 3 0.006;
19 1 4 0.006;
19 1 5 0.006;
19 1 6 0.006;
19 1 7 0.006;
19 1 8 0.006;
19 1 9 0.006;
19 1 10 0.006;
19 2 1 0.005;
19 2 2 0.005;
19 2 3 0.005;
19 2 4 0.005;
19 2 5 0.005;
19 2 6 0.005;
19 2 7 0.005;
19 2 8 0.005;
19 2 9 0.005;
19 2 10 0.005;
19 3 1 0.006;
19 3 2 0.006;
19 3 3 0.006;
19 3 4 0.006;
19 3 5 0.006;
19 3 6 0.006;
19 3 7 0.006;
19 3 8 0.006;
19 3 9 0.006;
19 3 10 0.006;
19 4 1 0.005;
19 4 2 0.005;
19 4 3 0.005;
19 4 4 0.005;
19 4 5 0.005;
19 4 6 0.005;
19 4 7 0.005;
19 4 8 0.005;
19 4 9 0.005;
19 4 10 0.005;
19 5 1 0.004;
19 5 2 0.004;
19 5 3 0.004;
19 5 4 0.004;
19 5 5 0.004;
19 5 6 0.004;
19 5 7 0.004;
19 5 8 0.004;
19 5 9 0.004;
19 5 10 0.004;
19 6 1 0.004;
19 6 2 0.004;
19 6 3 0.004;
19 6 4 0.004;
19 6 5 0.004;
19 6 6 0.004;
19 6 7 0.004;
19 6 8 0.004;
19 6 9 0.004;
19 6 10 0.004;
20 1 1 0.006;
20 1 2 0.006;
20 1 3 0.006;
20 1 4 0.006;
20 1 5 0.006;
20 1 6 0.006;
20 1 7 0.006;
20 1 8 0.006;
20 1 9 0.006;
20 1 10 0.006;
20 2 1 0.005;
20 2 2 0.005;
20 2 3 0.005;
20 2 4 0.005;
20 2 5 0.005;
20 2 6 0.005;
20 2 7 0.005;
20 2 8 0.005;
20 2 9 0.005;
20 2 10 0.005;
20 3 1 0.006;
20 3 2 0.006;
20 3 3 0.006;
20 3 4 0.006;
20 3 5 0.006;
20 3 6 0.006;
20 3 7 0.006;
20 3 8 0.006;
20 3 9 0.006;
20 3 10 0.006;
20 4 1 0.005;
20 4 2 0.005;
20 4 3 0.005;
20 4 4 0.005;
20 4 5 0.005;
20 4 6 0.005;
20 4 7 0.005;
20 4 8 0.005;
20 4 9 0.005;
20 4 10 0.005;
20 5 1 0.004;
20 5 2 0.004;
20 5 3 0.004;
20 5 4 0.004;
20 5 5 0.004;
20 5 6 0.004;
20 5 7 0.004;
20 5 8 0.004;
20 5 9 0.004;
20 5 10 0.004;
20 6 1 0.004;
20 6 2 0.004;
20 6 3 0.004;
20 6 4 0.004;
20 6 5 0.004;
20 6 6 0.004;
20 6 7 0.004;
20 6 8 0.004;
20 6 9 0.004;
20 6 10 0.004;
]

# csc: custo de setup do padrão de corte (igual para cada padrão j)
global c_sc = [
1 1 1 0.139;
1 1 2 0.139;
1 1 3 0.139;
1 1 4 0.139;
1 1 5 0.139;
1 1 6 0.139;
1 1 7 0.139;
1 1 8 0.139;
1 1 9 0.139;
1 1 10 0.139;
1 2 1 0.09;
1 2 2 0.09;
1 2 3 0.09;
1 2 4 0.09;
1 2 5 0.09;
1 2 6 0.09;
1 2 7 0.09;
1 2 8 0.09;
1 2 9 0.09;
1 2 10 0.09;
2 1 1 0.095;
2 1 2 0.095;
2 1 3 0.095;
2 1 4 0.095;
2 1 5 0.095;
2 1 6 0.095;
2 1 7 0.095;
2 1 8 0.095;
2 1 9 0.095;
2 1 10 0.095;
2 2 1 0.053;
2 2 2 0.053;
2 2 3 0.053;
2 2 4 0.053;
2 2 5 0.053;
2 2 6 0.053;
2 2 7 0.053;
2 2 8 0.053;
2 2 9 0.053;
2 2 10 0.053;
3 1 1 0.112;
3 1 2 0.112;
3 1 3 0.112;
3 1 4 0.112;
3 1 5 0.112;
3 1 6 0.112;
3 1 7 0.112;
3 1 8 0.112;
3 1 9 0.112;
3 1 10 0.112;
3 2 1 0.101;
3 2 2 0.101;
3 2 3 0.101;
3 2 4 0.101;
3 2 5 0.101;
3 2 6 0.101;
3 2 7 0.101;
3 2 8 0.101;
3 2 9 0.101;
3 2 10 0.101;
4 1 1 0.153;
4 1 2 0.153;
4 1 3 0.153;
4 1 4 0.153;
4 1 5 0.153;
4 1 6 0.153;
4 1 7 0.153;
4 1 8 0.153;
4 1 9 0.153;
4 1 10 0.153;
4 2 1 0.07;
4 2 2 0.07;
4 2 3 0.07;
4 2 4 0.07;
4 2 5 0.07;
4 2 6 0.07;
4 2 7 0.07;
4 2 8 0.07;
4 2 9 0.07;
4 2 10 0.07;
5 1 1 0.106;
5 1 2 0.106;
5 1 3 0.106;
5 1 4 0.106;
5 1 5 0.106;
5 1 6 0.106;
5 1 7 0.106;
5 1 8 0.106;
5 1 9 0.106;
5 1 10 0.106;
5 2 1 0.085;
5 2 2 0.085;
5 2 3 0.085;
5 2 4 0.085;
5 2 5 0.085;
5 2 6 0.085;
5 2 7 0.085;
5 2 8 0.085;
5 2 9 0.085;
5 2 10 0.085;
6 1 1 0.076;
6 1 2 0.076;
6 1 3 0.076;
6 1 4 0.076;
6 1 5 0.076;
6 1 6 0.076;
6 1 7 0.076;
6 1 8 0.076;
6 1 9 0.076;
6 1 10 0.076;
6 2 1 0.08;
6 2 2 0.08;
6 2 3 0.08;
6 2 4 0.08;
6 2 5 0.08;
6 2 6 0.08;
6 2 7 0.08;
6 2 8 0.08;
6 2 9 0.08;
6 2 10 0.08;
]

# Demandas
global d = [
1 1 1 298;
1 1 2 103;
1 1 3 0;
1 1 4 0;
1 1 5 144;
1 1 6 0;
1 1 7 135;
1 1 8 285;
1 1 9 267;
1 1 10 138;
1 2 1 225;
1 2 2 265;
1 2 3 259;
1 2 4 128;
1 2 5 0;
1 2 6 152;
1 2 7 136;
1 2 8 154;
1 2 9 267;
1 2 10 70;
1 3 1 287;
1 3 2 245;
1 3 3 131;
1 3 4 223;
1 3 5 208;
1 3 6 151;
1 3 7 145;
1 3 8 161;
1 3 9 0;
1 3 10 137;
1 4 1 62;
1 4 2 255;
1 4 3 0;
1 4 4 142;
1 4 5 228;
1 4 6 142;
1 4 7 154;
1 4 8 126;
1 4 9 0;
1 4 10 0;
1 5 1 0;
1 5 2 291;
1 5 3 175;
1 5 4 0;
1 5 5 226;
1 5 6 239;
1 5 7 0;
1 5 8 0;
1 5 9 0;
1 5 10 65;
1 6 1 295;
1 6 2 107;
1 6 3 200;
1 6 4 0;
1 6 5 226;
1 6 6 256;
1 6 7 204;
1 6 8 293;
1 6 9 76;
1 6 10 106;
2 1 1 227;
2 1 2 182;
2 1 3 229;
2 1 4 183;
2 1 5 50;
2 1 6 200;
2 1 7 289;
2 1 8 176;
2 1 9 126;
2 1 10 0;
2 2 1 66;
2 2 2 188;
2 2 3 77;
2 2 4 81;
2 2 5 242;
2 2 6 0;
2 2 7 299;
2 2 8 253;
2 2 9 292;
2 2 10 0;
2 3 1 215;
2 3 2 74;
2 3 3 147;
2 3 4 0;
2 3 5 280;
2 3 6 142;
2 3 7 120;
2 3 8 260;
2 3 9 137;
2 3 10 69;
2 4 1 108;
2 4 2 253;
2 4 3 264;
2 4 4 77;
2 4 5 220;
2 4 6 0;
2 4 7 84;
2 4 8 165;
2 4 9 178;
2 4 10 0;
2 5 1 192;
2 5 2 0;
2 5 3 133;
2 5 4 137;
2 5 5 182;
2 5 6 0;
2 5 7 0;
2 5 8 135;
2 5 9 207;
2 5 10 71;
2 6 1 0;
2 6 2 177;
2 6 3 95;
2 6 4 227;
2 6 5 236;
2 6 6 145;
2 6 7 0;
2 6 8 215;
2 6 9 246;
2 6 10 166;
3 1 1 134;
3 1 2 84;
3 1 3 144;
3 1 4 178;
3 1 5 204;
3 1 6 228;
3 1 7 54;
3 1 8 290;
3 1 9 296;
3 1 10 121;
3 2 1 290;
3 2 2 68;
3 2 3 292;
3 2 4 173;
3 2 5 0;
3 2 6 118;
3 2 7 280;
3 2 8 159;
3 2 9 0;
3 2 10 108;
3 3 1 136;
3 3 2 208;
3 3 3 80;
3 3 4 160;
3 3 5 270;
3 3 6 210;
3 3 7 128;
3 3 8 71;
3 3 9 171;
3 3 10 270;
3 4 1 123;
3 4 2 67;
3 4 3 174;
3 4 4 209;
3 4 5 92;
3 4 6 268;
3 4 7 105;
3 4 8 183;
3 4 9 0;
3 4 10 138;
3 5 1 146;
3 5 2 218;
3 5 3 104;
3 5 4 160;
3 5 5 99;
3 5 6 0;
3 5 7 211;
3 5 8 57;
3 5 9 0;
3 5 10 235;
3 6 1 216;
3 6 2 101;
3 6 3 233;
3 6 4 236;
3 6 5 134;
3 6 6 278;
3 6 7 93;
3 6 8 201;
3 6 9 106;
3 6 10 0;
4 1 1 204;
4 1 2 229;
4 1 3 116;
4 1 4 162;
4 1 5 75;
4 1 6 251;
4 1 7 154;
4 1 8 244;
4 1 9 272;
4 1 10 55;
4 2 1 130;
4 2 2 263;
4 2 3 81;
4 2 4 0;
4 2 5 238;
4 2 6 0;
4 2 7 217;
4 2 8 0;
4 2 9 267;
4 2 10 285;
4 3 1 193;
4 3 2 158;
4 3 3 138;
4 3 4 230;
4 3 5 93;
4 3 6 127;
4 3 7 245;
4 3 8 225;
4 3 9 175;
4 3 10 247;
4 4 1 80;
4 4 2 76;
4 4 3 57;
4 4 4 69;
4 4 5 99;
4 4 6 174;
4 4 7 158;
4 4 8 51;
4 4 9 183;
4 4 10 140;
4 5 1 223;
4 5 2 135;
4 5 3 0;
4 5 4 0;
4 5 5 0;
4 5 6 113;
4 5 7 168;
4 5 8 60;
4 5 9 207;
4 5 10 146;
4 6 1 131;
4 6 2 236;
4 6 3 214;
4 6 4 68;
4 6 5 100;
4 6 6 298;
4 6 7 274;
4 6 8 103;
4 6 9 101;
4 6 10 0;
5 1 1 222;
5 1 2 0;
5 1 3 300;
5 1 4 0;
5 1 5 190;
5 1 6 173;
5 1 7 284;
5 1 8 131;
5 1 9 209;
5 1 10 50;
5 2 1 0;
5 2 2 0;
5 2 3 156;
5 2 4 106;
5 2 5 0;
5 2 6 275;
5 2 7 66;
5 2 8 81;
5 2 9 179;
5 2 10 0;
5 3 1 70;
5 3 2 217;
5 3 3 94;
5 3 4 89;
5 3 5 101;
5 3 6 52;
5 3 7 296;
5 3 8 185;
5 3 9 199;
5 3 10 235;
5 4 1 0;
5 4 2 0;
5 4 3 267;
5 4 4 138;
5 4 5 283;
5 4 6 238;
5 4 7 0;
5 4 8 145;
5 4 9 230;
5 4 10 218;
5 5 1 223;
5 5 2 279;
5 5 3 267;
5 5 4 201;
5 5 5 283;
5 5 6 128;
5 5 7 219;
5 5 8 252;
5 5 9 244;
5 5 10 141;
5 6 1 0;
5 6 2 148;
5 6 3 239;
5 6 4 213;
5 6 5 172;
5 6 6 170;
5 6 7 85;
5 6 8 138;
5 6 9 50;
5 6 10 230;
6 1 1 180;
6 1 2 106;
6 1 3 138;
6 1 4 0;
6 1 5 0;
6 1 6 215;
6 1 7 0;
6 1 8 0;
6 1 9 225;
6 1 10 296;
6 2 1 214;
6 2 2 0;
6 2 3 234;
6 2 4 0;
6 2 5 217;
6 2 6 298;
6 2 7 86;
6 2 8 157;
6 2 9 296;
6 2 10 192;
6 3 1 0;
6 3 2 0;
6 3 3 93;
6 3 4 103;
6 3 5 123;
6 3 6 265;
6 3 7 187;
6 3 8 154;
6 3 9 189;
6 3 10 0;
6 4 1 0;
6 4 2 0;
6 4 3 190;
6 4 4 284;
6 4 5 0;
6 4 6 87;
6 4 7 0;
6 4 8 113;
6 4 9 221;
6 4 10 298;
6 5 1 80;
6 5 2 224;
6 5 3 0;
6 5 4 235;
6 5 5 0;
6 5 6 179;
6 5 7 230;
6 5 8 108;
6 5 9 209;
6 5 10 184;
6 6 1 0;
6 6 2 296;
6 6 3 182;
6 6 4 254;
6 6 5 155;
6 6 6 219;
6 6 7 183;
6 6 8 211;
6 6 9 277;
6 6 10 245;
7 1 1 108;
7 1 2 57;
7 1 3 0;
7 1 4 171;
7 1 5 70;
7 1 6 185;
7 1 7 117;
7 1 8 0;
7 1 9 0;
7 1 10 0;
7 2 1 135;
7 2 2 112;
7 2 3 272;
7 2 4 162;
7 2 5 238;
7 2 6 246;
7 2 7 144;
7 2 8 67;
7 2 9 268;
7 2 10 0;
7 3 1 180;
7 3 2 212;
7 3 3 272;
7 3 4 72;
7 3 5 89;
7 3 6 97;
7 3 7 91;
7 3 8 206;
7 3 9 165;
7 3 10 215;
7 4 1 124;
7 4 2 0;
7 4 3 292;
7 4 4 122;
7 4 5 61;
7 4 6 209;
7 4 7 161;
7 4 8 128;
7 4 9 129;
7 4 10 124;
7 5 1 119;
7 5 2 0;
7 5 3 105;
7 5 4 270;
7 5 5 270;
7 5 6 191;
7 5 7 125;
7 5 8 0;
7 5 9 154;
7 5 10 159;
7 6 1 203;
7 6 2 116;
7 6 3 83;
7 6 4 199;
7 6 5 251;
7 6 6 154;
7 6 7 251;
7 6 8 161;
7 6 9 189;
7 6 10 157;
8 1 1 0;
8 1 2 221;
8 1 3 267;
8 1 4 245;
8 1 5 273;
8 1 6 0;
8 1 7 160;
8 1 8 182;
8 1 9 192;
8 1 10 172;
8 2 1 118;
8 2 2 50;
8 2 3 75;
8 2 4 243;
8 2 5 99;
8 2 6 67;
8 2 7 187;
8 2 8 0;
8 2 9 191;
8 2 10 0;
8 3 1 0;
8 3 2 140;
8 3 3 55;
8 3 4 90;
8 3 5 54;
8 3 6 172;
8 3 7 234;
8 3 8 207;
8 3 9 0;
8 3 10 148;
8 4 1 227;
8 4 2 270;
8 4 3 0;
8 4 4 0;
8 4 5 118;
8 4 6 0;
8 4 7 291;
8 4 8 295;
8 4 9 122;
8 4 10 300;
8 5 1 69;
8 5 2 64;
8 5 3 139;
8 5 4 51;
8 5 5 278;
8 5 6 0;
8 5 7 54;
8 5 8 0;
8 5 9 145;
8 5 10 0;
8 6 1 133;
8 6 2 69;
8 6 3 225;
8 6 4 0;
8 6 5 0;
8 6 6 132;
8 6 7 191;
8 6 8 0;
8 6 9 115;
8 6 10 153;
9 1 1 300;
9 1 2 0;
9 1 3 201;
9 1 4 191;
9 1 5 136;
9 1 6 263;
9 1 7 284;
9 1 8 297;
9 1 9 194;
9 1 10 53;
9 2 1 114;
9 2 2 220;
9 2 3 0;
9 2 4 293;
9 2 5 0;
9 2 6 97;
9 2 7 137;
9 2 8 160;
9 2 9 126;
9 2 10 74;
9 3 1 0;
9 3 2 54;
9 3 3 157;
9 3 4 74;
9 3 5 202;
9 3 6 139;
9 3 7 230;
9 3 8 0;
9 3 9 0;
9 3 10 157;
9 4 1 285;
9 4 2 255;
9 4 3 246;
9 4 4 249;
9 4 5 274;
9 4 6 218;
9 4 7 0;
9 4 8 131;
9 4 9 0;
9 4 10 61;
9 5 1 81;
9 5 2 0;
9 5 3 0;
9 5 4 65;
9 5 5 54;
9 5 6 180;
9 5 7 236;
9 5 8 240;
9 5 9 149;
9 5 10 159;
9 6 1 207;
9 6 2 165;
9 6 3 62;
9 6 4 101;
9 6 5 0;
9 6 6 226;
9 6 7 282;
9 6 8 294;
9 6 9 0;
9 6 10 0;
10 1 1 270;
10 1 2 231;
10 1 3 271;
10 1 4 78;
10 1 5 158;
10 1 6 0;
10 1 7 279;
10 1 8 0;
10 1 9 0;
10 1 10 134;
10 2 1 123;
10 2 2 69;
10 2 3 285;
10 2 4 107;
10 2 5 287;
10 2 6 207;
10 2 7 54;
10 2 8 62;
10 2 9 153;
10 2 10 239;
10 3 1 224;
10 3 2 146;
10 3 3 0;
10 3 4 260;
10 3 5 246;
10 3 6 288;
10 3 7 236;
10 3 8 98;
10 3 9 131;
10 3 10 170;
10 4 1 210;
10 4 2 277;
10 4 3 208;
10 4 4 77;
10 4 5 0;
10 4 6 250;
10 4 7 219;
10 4 8 277;
10 4 9 83;
10 4 10 56;
10 5 1 198;
10 5 2 0;
10 5 3 188;
10 5 4 184;
10 5 5 118;
10 5 6 199;
10 5 7 0;
10 5 8 183;
10 5 9 114;
10 5 10 75;
10 6 1 53;
10 6 2 0;
10 6 3 227;
10 6 4 265;
10 6 5 193;
10 6 6 129;
10 6 7 67;
10 6 8 0;
10 6 9 97;
10 6 10 56;
11 1 1 63;
11 1 2 0;
11 1 3 227;
11 1 4 234;
11 1 5 0;
11 1 6 299;
11 1 7 164;
11 1 8 238;
11 1 9 251;
11 1 10 0;
11 2 1 178;
11 2 2 62;
11 2 3 0;
11 2 4 93;
11 2 5 114;
11 2 6 70;
11 2 7 136;
11 2 8 272;
11 2 9 105;
11 2 10 247;
11 3 1 271;
11 3 2 190;
11 3 3 0;
11 3 4 137;
11 3 5 247;
11 3 6 285;
11 3 7 222;
11 3 8 116;
11 3 9 259;
11 3 10 0;
11 4 1 101;
11 4 2 238;
11 4 3 77;
11 4 4 0;
11 4 5 266;
11 4 6 288;
11 4 7 239;
11 4 8 0;
11 4 9 0;
11 4 10 0;
11 5 1 217;
11 5 2 292;
11 5 3 213;
11 5 4 249;
11 5 5 187;
11 5 6 133;
11 5 7 97;
11 5 8 75;
11 5 9 50;
11 5 10 105;
11 6 1 131;
11 6 2 185;
11 6 3 188;
11 6 4 293;
11 6 5 122;
11 6 6 276;
11 6 7 0;
11 6 8 263;
11 6 9 264;
11 6 10 161;
12 1 1 225;
12 1 2 297;
12 1 3 138;
12 1 4 126;
12 1 5 228;
12 1 6 168;
12 1 7 264;
12 1 8 107;
12 1 9 61;
12 1 10 63;
12 2 1 232;
12 2 2 70;
12 2 3 142;
12 2 4 117;
12 2 5 150;
12 2 6 210;
12 2 7 257;
12 2 8 278;
12 2 9 139;
12 2 10 0;
12 3 1 84;
12 3 2 0;
12 3 3 213;
12 3 4 242;
12 3 5 0;
12 3 6 139;
12 3 7 189;
12 3 8 165;
12 3 9 0;
12 3 10 0;
12 4 1 0;
12 4 2 0;
12 4 3 75;
12 4 4 0;
12 4 5 178;
12 4 6 199;
12 4 7 68;
12 4 8 150;
12 4 9 234;
12 4 10 0;
12 5 1 105;
12 5 2 0;
12 5 3 147;
12 5 4 167;
12 5 5 53;
12 5 6 0;
12 5 7 0;
12 5 8 221;
12 5 9 82;
12 5 10 253;
12 6 1 266;
12 6 2 0;
12 6 3 0;
12 6 4 283;
12 6 5 166;
12 6 6 69;
12 6 7 0;
12 6 8 244;
12 6 9 220;
12 6 10 199;
13 1 1 69;
13 1 2 253;
13 1 3 296;
13 1 4 0;
13 1 5 198;
13 1 6 109;
13 1 7 266;
13 1 8 110;
13 1 9 85;
13 1 10 185;
13 2 1 195;
13 2 2 215;
13 2 3 136;
13 2 4 0;
13 2 5 223;
13 2 6 274;
13 2 7 262;
13 2 8 118;
13 2 9 100;
13 2 10 134;
13 3 1 0;
13 3 2 58;
13 3 3 0;
13 3 4 248;
13 3 5 231;
13 3 6 153;
13 3 7 279;
13 3 8 233;
13 3 9 0;
13 3 10 275;
13 4 1 53;
13 4 2 167;
13 4 3 139;
13 4 4 157;
13 4 5 251;
13 4 6 283;
13 4 7 145;
13 4 8 179;
13 4 9 172;
13 4 10 160;
13 5 1 61;
13 5 2 213;
13 5 3 253;
13 5 4 295;
13 5 5 59;
13 5 6 129;
13 5 7 256;
13 5 8 156;
13 5 9 216;
13 5 10 0;
13 6 1 280;
13 6 2 0;
13 6 3 0;
13 6 4 250;
13 6 5 205;
13 6 6 0;
13 6 7 194;
13 6 8 273;
13 6 9 209;
13 6 10 0;
14 1 1 254;
14 1 2 240;
14 1 3 293;
14 1 4 265;
14 1 5 165;
14 1 6 233;
14 1 7 268;
14 1 8 0;
14 1 9 267;
14 1 10 279;
14 2 1 274;
14 2 2 150;
14 2 3 0;
14 2 4 112;
14 2 5 124;
14 2 6 215;
14 2 7 107;
14 2 8 197;
14 2 9 135;
14 2 10 92;
14 3 1 0;
14 3 2 133;
14 3 3 124;
14 3 4 261;
14 3 5 111;
14 3 6 53;
14 3 7 264;
14 3 8 0;
14 3 9 225;
14 3 10 134;
14 4 1 123;
14 4 2 0;
14 4 3 70;
14 4 4 109;
14 4 5 256;
14 4 6 278;
14 4 7 236;
14 4 8 71;
14 4 9 200;
14 4 10 228;
14 5 1 281;
14 5 2 227;
14 5 3 240;
14 5 4 0;
14 5 5 265;
14 5 6 61;
14 5 7 232;
14 5 8 188;
14 5 9 86;
14 5 10 77;
14 6 1 56;
14 6 2 117;
14 6 3 0;
14 6 4 223;
14 6 5 269;
14 6 6 179;
14 6 7 69;
14 6 8 0;
14 6 9 213;
14 6 10 230;
15 1 1 0;
15 1 2 193;
15 1 3 300;
15 1 4 247;
15 1 5 0;
15 1 6 159;
15 1 7 255;
15 1 8 262;
15 1 9 111;
15 1 10 246;
15 2 1 0;
15 2 2 120;
15 2 3 182;
15 2 4 0;
15 2 5 126;
15 2 6 0;
15 2 7 187;
15 2 8 0;
15 2 9 209;
15 2 10 253;
15 3 1 278;
15 3 2 228;
15 3 3 121;
15 3 4 193;
15 3 5 147;
15 3 6 171;
15 3 7 154;
15 3 8 283;
15 3 9 123;
15 3 10 0;
15 4 1 244;
15 4 2 50;
15 4 3 274;
15 4 4 83;
15 4 5 0;
15 4 6 0;
15 4 7 152;
15 4 8 77;
15 4 9 0;
15 4 10 109;
15 5 1 281;
15 5 2 122;
15 5 3 216;
15 5 4 279;
15 5 5 197;
15 5 6 220;
15 5 7 0;
15 5 8 147;
15 5 9 79;
15 5 10 213;
15 6 1 96;
15 6 2 142;
15 6 3 0;
15 6 4 203;
15 6 5 111;
15 6 6 206;
15 6 7 199;
15 6 8 103;
15 6 9 217;
15 6 10 208;
16 1 1 186;
16 1 2 153;
16 1 3 244;
16 1 4 126;
16 1 5 0;
16 1 6 179;
16 1 7 216;
16 1 8 232;
16 1 9 0;
16 1 10 188;
16 2 1 140;
16 2 2 147;
16 2 3 53;
16 2 4 0;
16 2 5 74;
16 2 6 57;
16 2 7 174;
16 2 8 155;
16 2 9 79;
16 2 10 115;
16 3 1 246;
16 3 2 130;
16 3 3 231;
16 3 4 296;
16 3 5 260;
16 3 6 286;
16 3 7 231;
16 3 8 204;
16 3 9 0;
16 3 10 231;
16 4 1 276;
16 4 2 71;
16 4 3 61;
16 4 4 107;
16 4 5 284;
16 4 6 191;
16 4 7 218;
16 4 8 86;
16 4 9 213;
16 4 10 289;
16 5 1 87;
16 5 2 62;
16 5 3 200;
16 5 4 0;
16 5 5 0;
16 5 6 282;
16 5 7 155;
16 5 8 149;
16 5 9 259;
16 5 10 0;
16 6 1 152;
16 6 2 201;
16 6 3 300;
16 6 4 191;
16 6 5 258;
16 6 6 67;
16 6 7 240;
16 6 8 108;
16 6 9 260;
16 6 10 0;
17 1 1 202;
17 1 2 265;
17 1 3 136;
17 1 4 146;
17 1 5 113;
17 1 6 210;
17 1 7 222;
17 1 8 0;
17 1 9 295;
17 1 10 275;
17 2 1 0;
17 2 2 254;
17 2 3 229;
17 2 4 202;
17 2 5 283;
17 2 6 131;
17 2 7 184;
17 2 8 300;
17 2 9 0;
17 2 10 78;
17 3 1 0;
17 3 2 288;
17 3 3 269;
17 3 4 169;
17 3 5 85;
17 3 6 0;
17 3 7 261;
17 3 8 0;
17 3 9 0;
17 3 10 292;
17 4 1 0;
17 4 2 0;
17 4 3 0;
17 4 4 238;
17 4 5 249;
17 4 6 272;
17 4 7 149;
17 4 8 283;
17 4 9 191;
17 4 10 207;
17 5 1 280;
17 5 2 197;
17 5 3 222;
17 5 4 115;
17 5 5 182;
17 5 6 62;
17 5 7 250;
17 5 8 159;
17 5 9 193;
17 5 10 104;
17 6 1 128;
17 6 2 133;
17 6 3 248;
17 6 4 231;
17 6 5 67;
17 6 6 139;
17 6 7 0;
17 6 8 66;
17 6 9 91;
17 6 10 141;
18 1 1 126;
18 1 2 251;
18 1 3 0;
18 1 4 0;
18 1 5 200;
18 1 6 277;
18 1 7 58;
18 1 8 268;
18 1 9 128;
18 1 10 126;
18 2 1 147;
18 2 2 0;
18 2 3 148;
18 2 4 0;
18 2 5 126;
18 2 6 67;
18 2 7 0;
18 2 8 223;
18 2 9 209;
18 2 10 183;
18 3 1 159;
18 3 2 173;
18 3 3 0;
18 3 4 115;
18 3 5 182;
18 3 6 102;
18 3 7 108;
18 3 8 0;
18 3 9 57;
18 3 10 266;
18 4 1 90;
18 4 2 235;
18 4 3 275;
18 4 4 131;
18 4 5 153;
18 4 6 298;
18 4 7 266;
18 4 8 0;
18 4 9 105;
18 4 10 215;
18 5 1 0;
18 5 2 186;
18 5 3 164;
18 5 4 277;
18 5 5 240;
18 5 6 234;
18 5 7 137;
18 5 8 86;
18 5 9 140;
18 5 10 0;
18 6 1 115;
18 6 2 0;
18 6 3 265;
18 6 4 291;
18 6 5 196;
18 6 6 123;
18 6 7 93;
18 6 8 242;
18 6 9 0;
18 6 10 0;
19 1 1 253;
19 1 2 53;
19 1 3 74;
19 1 4 100;
19 1 5 294;
19 1 6 186;
19 1 7 227;
19 1 8 0;
19 1 9 162;
19 1 10 110;
19 2 1 229;
19 2 2 207;
19 2 3 78;
19 2 4 283;
19 2 5 168;
19 2 6 136;
19 2 7 258;
19 2 8 0;
19 2 9 216;
19 2 10 0;
19 3 1 108;
19 3 2 287;
19 3 3 140;
19 3 4 239;
19 3 5 0;
19 3 6 191;
19 3 7 198;
19 3 8 95;
19 3 9 173;
19 3 10 267;
19 4 1 77;
19 4 2 0;
19 4 3 164;
19 4 4 199;
19 4 5 168;
19 4 6 260;
19 4 7 227;
19 4 8 104;
19 4 9 0;
19 4 10 289;
19 5 1 0;
19 5 2 174;
19 5 3 166;
19 5 4 93;
19 5 5 270;
19 5 6 53;
19 5 7 152;
19 5 8 167;
19 5 9 176;
19 5 10 292;
19 6 1 255;
19 6 2 297;
19 6 3 0;
19 6 4 69;
19 6 5 0;
19 6 6 0;
19 6 7 221;
19 6 8 0;
19 6 9 0;
19 6 10 110;
20 1 1 69;
20 1 2 0;
20 1 3 73;
20 1 4 60;
20 1 5 230;
20 1 6 195;
20 1 7 0;
20 1 8 80;
20 1 9 247;
20 1 10 167;
20 2 1 0;
20 2 2 289;
20 2 3 87;
20 2 4 0;
20 2 5 178;
20 2 6 65;
20 2 7 294;
20 2 8 268;
20 2 9 141;
20 2 10 263;
20 3 1 244;
20 3 2 225;
20 3 3 282;
20 3 4 267;
20 3 5 64;
20 3 6 51;
20 3 7 244;
20 3 8 253;
20 3 9 94;
20 3 10 0;
20 4 1 294;
20 4 2 236;
20 4 3 155;
20 4 4 124;
20 4 5 90;
20 4 6 74;
20 4 7 267;
20 4 8 252;
20 4 9 0;
20 4 10 77;
20 5 1 0;
20 5 2 197;
20 5 3 218;
20 5 4 149;
20 5 5 125;
20 5 6 277;
20 5 7 83;
20 5 8 56;
20 5 9 0;
20 5 10 0;
20 6 1 97;
20 6 2 218;
20 6 3 0;
20 6 4 66;
20 6 5 109;
20 6 6 100;
20 6 7 181;
20 6 8 188;
20 6 9 99;
20 6 10 0;
]

# Perda de papel no setup da máquina
global f = [44.28 37.72; 44.28 37.72; 44.28 37.72; 44.28 37.72; 44.28 37.72; 44.28 37.72]

# c: tempo de corte da bobina mestre
global c_km = [42.12 34.96; 32.4 37.72; 38.88 22.08; 28.08 40.48; 42.12 46.0; 37.8 39.56]

# p: tempo de setup do padrão j para a bobina mestre
global p_km = [5.897 4.894; 4.536 5.281; 5.443 3.091; 3.931 5.667; 5.897 6.44; 5.292 5.538]
# Capacidade média de produção por período:
CM = 3.7132921999999993e6

D_kt = [691528.0 638766.0 745262.0 536604.0 594306.0 770424.0 793072.0 576154.0 696302.0 602802.0; 581916.0 584140.0 562052.0 431178.0 635808.0 568624.0 732928.0 635456.0 677126.0 519916.0; 561026.0 686450.0 550180.0 777642.0 608000.0 643856.0 881964.0 599060.0 436352.0 660662.0; 544966.0 495764.0 631020.0 530884.0 701382.0 823608.0 710964.0 592238.0 478780.0 651604.0; 559658.0 618148.0 712068.0 646418.0 661500.0 589228.0 568296.0 544588.0 578186.0 473416.0; 599416.0 568758.0 552742.0 805832.0 619330.0 619174.0 588188.0 627400.0 602484.0 452406.0]


# Capacidade de produção de jumbo
global Cap_p = [2.005177e6 2.005177e6 2.005177e6 2.005177e6 2.005177e6 2.005177e6 2.005177e6 2.005177e6 2.005177e6 2.005177e6; 1.708114e6 1.708114e6 1.708114e6 1.708114e6 1.708114e6 1.708114e6 1.708114e6 1.708114e6 1.708114e6 1.708114e6]

# Capacidade da cortadeira
global Cap_c = [
136816.0;
136816.0;
136816.0;
136816.0;
136816.0;
136816.0;
136816.0;
136816.0;
136816.0;
136816.0;
]
#-----------------------------------------