###################################################
# Classe 24 : K = 6, M = 2, T = 10, N = 20
# Exemplo: 2.   c24ex02.dat          Semente: 3006
#-----------------------Dados----------------------
global K = 6
global M = 2
global T = 10
global N = 20

global L = [540, 460]

global l = [52, 64, 69, 71, 75, 83, 92, 97, 99, 100, 102, 105, 112, 118, 120, 124, 127, 138, 139, 142]

global Q1 = 1e5
global Q2 = 1e5

global rho = [2.0, 2.0, 2.0, 2.0, 2.0, 2.0]

global b = [1080.0 920.0; 1080.0 920.0; 1080.0 920.0; 1080.0 920.0; 1080.0 920.0; 1080.0 920.0]

global f = [46.44 39.56; 46.44 39.56; 46.44 39.56; 46.44 39.56; 46.44 39.56; 46.44 39.56]

global c_km = [23.76 19.32; 42.12 32.2; 41.04 25.76; 21.6 34.04; 25.92 39.56; 36.72 25.76]

global p_km = [3.255 2.647; 5.77 4.411; 5.622 3.529; 2.959 4.663; 3.551 5.42; 5.031 3.529]

global c_x = [
1 1 1 26.568;
1 1 2 26.568;
1 1 3 26.568;
1 1 4 26.568;
1 1 5 26.568;
1 1 6 26.568;
1 1 7 26.568;
1 1 8 26.568;
1 1 9 26.568;
1 1 10 26.568;
1 2 1 17.02;
1 2 2 17.02;
1 2 3 17.02;
1 2 4 17.02;
1 2 5 17.02;
1 2 6 17.02;
1 2 7 17.02;
1 2 8 17.02;
1 2 9 17.02;
1 2 10 17.02;
2 1 1 21.6;
2 1 2 21.6;
2 1 3 21.6;
2 1 4 21.6;
2 1 5 21.6;
2 1 6 21.6;
2 1 7 21.6;
2 1 8 21.6;
2 1 9 21.6;
2 1 10 21.6;
2 2 1 16.652;
2 2 2 16.652;
2 2 3 16.652;
2 2 4 16.652;
2 2 5 16.652;
2 2 6 16.652;
2 2 7 16.652;
2 2 8 16.652;
2 2 9 16.652;
2 2 10 16.652;
3 1 1 26.136;
3 1 2 26.136;
3 1 3 26.136;
3 1 4 26.136;
3 1 5 26.136;
3 1 6 26.136;
3 1 7 26.136;
3 1 8 26.136;
3 1 9 26.136;
3 1 10 26.136;
3 2 1 20.516;
3 2 2 20.516;
3 2 3 20.516;
3 2 4 20.516;
3 2 5 20.516;
3 2 6 20.516;
3 2 7 20.516;
3 2 8 20.516;
3 2 9 20.516;
3 2 10 20.516;
4 1 1 25.704;
4 1 2 25.704;
4 1 3 25.704;
4 1 4 25.704;
4 1 5 25.704;
4 1 6 25.704;
4 1 7 25.704;
4 1 8 25.704;
4 1 9 25.704;
4 1 10 25.704;
4 2 1 19.227;
4 2 2 19.227;
4 2 3 19.227;
4 2 4 19.227;
4 2 5 19.227;
4 2 6 19.227;
4 2 7 19.227;
4 2 8 19.227;
4 2 9 19.227;
4 2 10 19.227;
5 1 1 19.764;
5 1 2 19.764;
5 1 3 19.764;
5 1 4 19.764;
5 1 5 19.764;
5 1 6 19.764;
5 1 7 19.764;
5 1 8 19.764;
5 1 9 19.764;
5 1 10 19.764;
5 2 1 19.044;
5 2 2 19.044;
5 2 3 19.044;
5 2 4 19.044;
5 2 5 19.044;
5 2 6 19.044;
5 2 7 19.044;
5 2 8 19.044;
5 2 9 19.044;
5 2 10 19.044;
6 1 1 23.544;
6 1 2 23.544;
6 1 3 23.544;
6 1 4 23.544;
6 1 5 23.544;
6 1 6 23.544;
6 1 7 23.544;
6 1 8 23.544;
6 1 9 23.544;
6 1 10 23.544;
6 2 1 17.204;
6 2 2 17.204;
6 2 3 17.204;
6 2 4 17.204;
6 2 5 17.204;
6 2 6 17.204;
6 2 7 17.204;
6 2 8 17.204;
6 2 9 17.204;
6 2 10 17.204;
]

global c_z = [
1 1 1 1.222;
1 1 2 1.222;
1 1 3 1.222;
1 1 4 1.222;
1 1 5 1.222;
1 1 6 1.222;
1 1 7 1.222;
1 1 8 1.222;
1 1 9 1.222;
1 1 10 1.222;
1 2 1 0.783;
1 2 2 0.783;
1 2 3 0.783;
1 2 4 0.783;
1 2 5 0.783;
1 2 6 0.783;
1 2 7 0.783;
1 2 8 0.783;
1 2 9 0.783;
1 2 10 0.783;
2 1 1 0.907;
2 1 2 0.907;
2 1 3 0.907;
2 1 4 0.907;
2 1 5 0.907;
2 1 6 0.907;
2 1 7 0.907;
2 1 8 0.907;
2 1 9 0.907;
2 1 10 0.907;
2 2 1 0.716;
2 2 2 0.716;
2 2 3 0.716;
2 2 4 0.716;
2 2 5 0.716;
2 2 6 0.716;
2 2 7 0.716;
2 2 8 0.716;
2 2 9 0.716;
2 2 10 0.716;
3 1 1 0.889;
3 1 2 0.889;
3 1 3 0.889;
3 1 4 0.889;
3 1 5 0.889;
3 1 6 0.889;
3 1 7 0.889;
3 1 8 0.889;
3 1 9 0.889;
3 1 10 0.889;
3 2 1 0.657;
3 2 2 0.657;
3 2 3 0.657;
3 2 4 0.657;
3 2 5 0.657;
3 2 6 0.657;
3 2 7 0.657;
3 2 8 0.657;
3 2 9 0.657;
3 2 10 0.657;
4 1 1 0.925;
4 1 2 0.925;
4 1 3 0.925;
4 1 4 0.925;
4 1 5 0.925;
4 1 6 0.925;
4 1 7 0.925;
4 1 8 0.925;
4 1 9 0.925;
4 1 10 0.925;
4 2 1 0.654;
4 2 2 0.654;
4 2 3 0.654;
4 2 4 0.654;
4 2 5 0.654;
4 2 6 0.654;
4 2 7 0.654;
4 2 8 0.654;
4 2 9 0.654;
4 2 10 0.654;
5 1 1 0.909;
5 1 2 0.909;
5 1 3 0.909;
5 1 4 0.909;
5 1 5 0.909;
5 1 6 0.909;
5 1 7 0.909;
5 1 8 0.909;
5 1 9 0.909;
5 1 10 0.909;
5 2 1 0.8;
5 2 2 0.8;
5 2 3 0.8;
5 2 4 0.8;
5 2 5 0.8;
5 2 6 0.8;
5 2 7 0.8;
5 2 8 0.8;
5 2 9 0.8;
5 2 10 0.8;
6 1 1 0.918;
6 1 2 0.918;
6 1 3 0.918;
6 1 4 0.918;
6 1 5 0.918;
6 1 6 0.918;
6 1 7 0.918;
6 1 8 0.918;
6 1 9 0.918;
6 1 10 0.918;
6 2 1 0.723;
6 2 2 0.723;
6 2 3 0.723;
6 2 4 0.723;
6 2 5 0.723;
6 2 6 0.723;
6 2 7 0.723;
6 2 8 0.723;
6 2 9 0.723;
6 2 10 0.723;
]

global c_y = [
1 1 1 3.454;
1 1 2 3.454;
1 1 3 3.454;
1 1 4 3.454;
1 1 5 3.454;
1 1 6 3.454;
1 1 7 3.454;
1 1 8 3.454;
1 1 9 3.454;
1 1 10 3.454;
1 2 1 2.042;
1 2 2 2.042;
1 2 3 2.042;
1 2 4 2.042;
1 2 5 2.042;
1 2 6 2.042;
1 2 7 2.042;
1 2 8 2.042;
1 2 9 2.042;
1 2 10 2.042;
2 1 1 2.16;
2 1 2 2.16;
2 1 3 2.16;
2 1 4 2.16;
2 1 5 2.16;
2 1 6 2.16;
2 1 7 2.16;
2 1 8 2.16;
2 1 9 2.16;
2 1 10 2.16;
2 2 1 2.165;
2 2 2 2.165;
2 2 3 2.165;
2 2 4 2.165;
2 2 5 2.165;
2 2 6 2.165;
2 2 7 2.165;
2 2 8 2.165;
2 2 9 2.165;
2 2 10 2.165;
3 1 1 3.136;
3 1 2 3.136;
3 1 3 3.136;
3 1 4 3.136;
3 1 5 3.136;
3 1 6 3.136;
3 1 7 3.136;
3 1 8 3.136;
3 1 9 3.136;
3 1 10 3.136;
3 2 1 2.052;
3 2 2 2.052;
3 2 3 2.052;
3 2 4 2.052;
3 2 5 2.052;
3 2 6 2.052;
3 2 7 2.052;
3 2 8 2.052;
3 2 9 2.052;
3 2 10 2.052;
4 1 1 3.084;
4 1 2 3.084;
4 1 3 3.084;
4 1 4 3.084;
4 1 5 3.084;
4 1 6 3.084;
4 1 7 3.084;
4 1 8 3.084;
4 1 9 3.084;
4 1 10 3.084;
4 2 1 1.923;
4 2 2 1.923;
4 2 3 1.923;
4 2 4 1.923;
4 2 5 1.923;
4 2 6 1.923;
4 2 7 1.923;
4 2 8 1.923;
4 2 9 1.923;
4 2 10 1.923;
5 1 1 2.174;
5 1 2 2.174;
5 1 3 2.174;
5 1 4 2.174;
5 1 5 2.174;
5 1 6 2.174;
5 1 7 2.174;
5 1 8 2.174;
5 1 9 2.174;
5 1 10 2.174;
5 2 1 1.904;
5 2 2 1.904;
5 2 3 1.904;
5 2 4 1.904;
5 2 5 1.904;
5 2 6 1.904;
5 2 7 1.904;
5 2 8 1.904;
5 2 9 1.904;
5 2 10 1.904;
6 1 1 2.354;
6 1 2 2.354;
6 1 3 2.354;
6 1 4 2.354;
6 1 5 2.354;
6 1 6 2.354;
6 1 7 2.354;
6 1 8 2.354;
6 1 9 2.354;
6 1 10 2.354;
6 2 1 2.064;
6 2 2 2.064;
6 2 3 2.064;
6 2 4 2.064;
6 2 5 2.064;
6 2 6 2.064;
6 2 7 2.064;
6 2 8 2.064;
6 2 9 2.064;
6 2 10 2.064;
]

global c_sc = [
1 1 1 0.117;
1 1 2 0.117;
1 1 3 0.117;
1 1 4 0.117;
1 1 5 0.117;
1 1 6 0.117;
1 1 7 0.117;
1 1 8 0.117;
1 1 9 0.117;
1 1 10 0.117;
1 2 1 0.084;
1 2 2 0.084;
1 2 3 0.084;
1 2 4 0.084;
1 2 5 0.084;
1 2 6 0.084;
1 2 7 0.084;
1 2 8 0.084;
1 2 9 0.084;
1 2 10 0.084;
2 1 1 0.065;
2 1 2 0.065;
2 1 3 0.065;
2 1 4 0.065;
2 1 5 0.065;
2 1 6 0.065;
2 1 7 0.065;
2 1 8 0.065;
2 1 9 0.065;
2 1 10 0.065;
2 2 1 0.078;
2 2 2 0.078;
2 2 3 0.078;
2 2 4 0.078;
2 2 5 0.078;
2 2 6 0.078;
2 2 7 0.078;
2 2 8 0.078;
2 2 9 0.078;
2 2 10 0.078;
3 1 1 0.147;
3 1 2 0.147;
3 1 3 0.147;
3 1 4 0.147;
3 1 5 0.147;
3 1 6 0.147;
3 1 7 0.147;
3 1 8 0.147;
3 1 9 0.147;
3 1 10 0.147;
3 2 1 0.082;
3 2 2 0.082;
3 2 3 0.082;
3 2 4 0.082;
3 2 5 0.082;
3 2 6 0.082;
3 2 7 0.082;
3 2 8 0.082;
3 2 9 0.082;
3 2 10 0.082;
4 1 1 0.145;
4 1 2 0.145;
4 1 3 0.145;
4 1 4 0.145;
4 1 5 0.145;
4 1 6 0.145;
4 1 7 0.145;
4 1 8 0.145;
4 1 9 0.145;
4 1 10 0.145;
4 2 1 0.077;
4 2 2 0.077;
4 2 3 0.077;
4 2 4 0.077;
4 2 5 0.077;
4 2 6 0.077;
4 2 7 0.077;
4 2 8 0.077;
4 2 9 0.077;
4 2 10 0.077;
5 1 1 0.087;
5 1 2 0.087;
5 1 3 0.087;
5 1 4 0.087;
5 1 5 0.087;
5 1 6 0.087;
5 1 7 0.087;
5 1 8 0.087;
5 1 9 0.087;
5 1 10 0.087;
5 2 1 0.093;
5 2 2 0.093;
5 2 3 0.093;
5 2 4 0.093;
5 2 5 0.093;
5 2 6 0.093;
5 2 7 0.093;
5 2 8 0.093;
5 2 9 0.093;
5 2 10 0.093;
6 1 1 0.073;
6 1 2 0.073;
6 1 3 0.073;
6 1 4 0.073;
6 1 5 0.073;
6 1 6 0.073;
6 1 7 0.073;
6 1 8 0.073;
6 1 9 0.073;
6 1 10 0.073;
6 2 1 0.074;
6 2 2 0.074;
6 2 3 0.074;
6 2 4 0.074;
6 2 5 0.074;
6 2 6 0.074;
6 2 7 0.074;
6 2 8 0.074;
6 2 9 0.074;
6 2 10 0.074;
]

global c_w = [
1 1 1 0.638;
1 1 2 0.638;
1 1 3 0.638;
1 1 4 0.638;
1 1 5 0.638;
1 1 6 0.638;
1 1 7 0.638;
1 1 8 0.638;
1 1 9 0.638;
1 1 10 0.638;
1 2 1 0.187;
1 2 2 0.187;
1 2 3 0.187;
1 2 4 0.187;
1 2 5 0.187;
1 2 6 0.187;
1 2 7 0.187;
1 2 8 0.187;
1 2 9 0.187;
1 2 10 0.187;
2 1 1 0.562;
2 1 2 0.562;
2 1 3 0.562;
2 1 4 0.562;
2 1 5 0.562;
2 1 6 0.562;
2 1 7 0.562;
2 1 8 0.562;
2 1 9 0.562;
2 1 10 0.562;
2 2 1 0.5;
2 2 2 0.5;
2 2 3 0.5;
2 2 4 0.5;
2 2 5 0.5;
2 2 6 0.5;
2 2 7 0.5;
2 2 8 0.5;
2 2 9 0.5;
2 2 10 0.5;
3 1 1 0.444;
3 1 2 0.444;
3 1 3 0.444;
3 1 4 0.444;
3 1 5 0.444;
3 1 6 0.444;
3 1 7 0.444;
3 1 8 0.444;
3 1 9 0.444;
3 1 10 0.444;
3 2 1 0.574;
3 2 2 0.574;
3 2 3 0.574;
3 2 4 0.574;
3 2 5 0.574;
3 2 6 0.574;
3 2 7 0.574;
3 2 8 0.574;
3 2 9 0.574;
3 2 10 0.574;
4 1 1 0.514;
4 1 2 0.514;
4 1 3 0.514;
4 1 4 0.514;
4 1 5 0.514;
4 1 6 0.514;
4 1 7 0.514;
4 1 8 0.514;
4 1 9 0.514;
4 1 10 0.514;
4 2 1 0.404;
4 2 2 0.404;
4 2 3 0.404;
4 2 4 0.404;
4 2 5 0.404;
4 2 6 0.404;
4 2 7 0.404;
4 2 8 0.404;
4 2 9 0.404;
4 2 10 0.404;
5 1 1 0.336;
5 1 2 0.336;
5 1 3 0.336;
5 1 4 0.336;
5 1 5 0.336;
5 1 6 0.336;
5 1 7 0.336;
5 1 8 0.336;
5 1 9 0.336;
5 1 10 0.336;
5 2 1 0.514;
5 2 2 0.514;
5 2 3 0.514;
5 2 4 0.514;
5 2 5 0.514;
5 2 6 0.514;
5 2 7 0.514;
5 2 8 0.514;
5 2 9 0.514;
5 2 10 0.514;
6 1 1 0.589;
6 1 2 0.589;
6 1 3 0.589;
6 1 4 0.589;
6 1 5 0.589;
6 1 6 0.589;
6 1 7 0.589;
6 1 8 0.589;
6 1 9 0.589;
6 1 10 0.589;
6 2 1 0.189;
6 2 2 0.189;
6 2 3 0.189;
6 2 4 0.189;
6 2 5 0.189;
6 2 6 0.189;
6 2 7 0.189;
6 2 8 0.189;
6 2 9 0.189;
6 2 10 0.189;
]

global c_e = [
1 1 1 0.04603736089030207;
1 1 2 0.04688990461049285;
1 1 3 0.035806836248012716;
1 1 4 0.04603736089030207;
1 1 5 0.03495429252782194;
1 1 6 0.03921701112877584;
1 1 7 0.04262718600953895;
1 1 8 0.04518481717011129;
1 1 9 0.050300079491255964;
1 1 10 0.035806836248012716;
1 2 1 0.05487281399046106;
1 2 2 0.06474992050874405;
1 2 3 0.04499570747217807;
1 2 4 0.05816518282988872;
1 2 5 0.05487281399046106;
1 2 6 0.05597027027027028;
1 2 7 0.050482988871224176;
1 2 8 0.04499570747217807;
1 2 9 0.06584737678855326;
1 2 10 0.05267790143084262;
1 3 1 0.05365135135135135;
1 3 2 0.042079491255961846;
1 3 3 0.04313147853736089;
1 3 4 0.05365135135135135;
1 3 5 0.05154737678855326;
1 3 6 0.06206724960254372;
1 3 7 0.05365135135135135;
1 3 8 0.058911287758346594;
1 3 9 0.04839141494435612;
1 3 10 0.04733942766295708;
1 4 1 0.044586486486486485;
1 4 2 0.04174054054054054;
1 4 3 0.047432432432432434;
1 4 4 0.044586486486486485;
1 4 5 0.04838108108108108;
1 4 6 0.05407297297297297;
1 4 7 0.05597027027027027;
1 4 8 0.04932972972972973;
1 4 9 0.04553513513513514;
1 4 10 0.04838108108108108;
1 5 1 0.050945945945945946;
1 5 2 0.05182432432432433;
1 5 3 0.03777027027027027;
1 5 4 0.03952702702702703;
1 5 5 0.0368918918918919;
1 5 6 0.052702702702702706;
1 5 7 0.04831081081081082;
1 5 8 0.05182432432432433;
1 5 9 0.04743243243243244;
1 5 10 0.045675675675675674;
1 6 1 0.04663052464228934;
1 6 2 0.03778680445151033;
1 6 3 0.041806677265500795;
1 6 4 0.04743449920508744;
1 6 5 0.03778680445151033;
1 6 6 0.04261065182829889;
1 6 7 0.03778680445151033;
1 6 8 0.03215898251192369;
1 6 9 0.03457090620031796;
1 6 10 0.04502257551669317;
2 1 1 0.04616852146263911;
2 1 2 0.051414944356120824;
2 1 3 0.058759936406995235;
2 1 4 0.043020667726550076;
2 1 5 0.048267090620031795;
2 1 6 0.04721780604133546;
2 1 7 0.06190779014308426;
2 1 8 0.05036565977742448;
2 1 9 0.056661367249602544;
2 1 10 0.04197138314785374;
2 2 1 0.0688864864864865;
2 2 2 0.07564006359300479;
2 2 3 0.07564006359300479;
2 2 4 0.0688864864864865;
2 2 5 0.05673004769475358;
2 2 6 0.07428934817170113;
2 2 7 0.05673004769475358;
2 2 8 0.07023720190779016;
2 2 9 0.060782193958664556;
2 2 10 0.07699077901430842;
2 3 1 0.058263910969793324;
2 3 2 0.07639046104928457;
2 3 3 0.06732718600953895;
2 3 4 0.07121144674085851;
2 3 5 0.06085341812400635;
2 3 6 0.07250620031796504;
2 3 7 0.06214817170111288;
2 3 8 0.06344292527821939;
2 3 9 0.06991669316375199;
2 3 10 0.07250620031796504;
2 4 1 0.05370810810810811;
2 4 2 0.05254054054054054;
2 4 3 0.06888648648648649;
2 4 4 0.05954594594594595;
2 4 5 0.05954594594594595;
2 4 6 0.06304864864864865;
2 4 7 0.06421621621621622;
2 4 8 0.05721081081081081;
2 4 9 0.061881081081081084;
2 4 10 0.06071351351351351;
2 5 1 0.05513513513513514;
2 5 2 0.06162162162162162;
2 5 3 0.049729729729729735;
2 5 4 0.051891891891891896;
2 5 5 0.05513513513513514;
2 5 6 0.058378378378378386;
2 5 7 0.05405405405405406;
2 5 8 0.04540540540540541;
2 5 9 0.049729729729729735;
2 5 10 0.051891891891891896;
2 6 1 0.053433386327503975;
2 6 2 0.04650683624801272;
2 6 3 0.053433386327503975;
2 6 4 0.04353831478537361;
2 6 5 0.04353831478537361;
2 6 6 0.04452782193958665;
2 6 7 0.05442289348171701;
2 6 8 0.05442289348171701;
2 6 9 0.04650683624801272;
2 6 10 0.05640190779014308;
3 1 1 0.054300476947535765;
3 1 2 0.04864417726550079;
3 1 3 0.056562996820349765;
3 1 4 0.06787559618441971;
3 1 5 0.0475129173290938;
3 1 6 0.06335055643879173;
3 1 7 0.05203795707472178;
3 1 8 0.06787559618441971;
3 1 9 0.05203795707472178;
3 1 10 0.05882551669316376;
3 2 1 0.0873744038155803;
3 2 2 0.06844328298887123;
3 2 3 0.06989952305246423;
3 2 4 0.07863696343402228;
3 2 5 0.07281200317965025;
3 2 6 0.06553080286168522;
3 2 7 0.07863696343402228;
3 2 8 0.06844328298887123;
3 2 9 0.06116208267090621;
3 2 10 0.08154944356120827;
3 3 1 0.07677484101748808;
3 3 2 0.06002396661367249;
3 3 3 0.07956665341812401;
3 3 4 0.06979531001589825;
3 3 5 0.07956665341812401;
3 3 6 0.05723215421303656;
3 3 7 0.08235846581875994;
3 3 8 0.058628060413354534;
3 3 9 0.07398302861685215;
3 3 10 0.08235846581875994;
3 4 1 0.06419797297297297;
3 4 2 0.06545675675675676;
3 4 3 0.07552702702702703;
3 4 4 0.05035135135135135;
3 4 5 0.06168040540540541;
3 4 6 0.06042162162162162;
3 4 7 0.05664527027027027;
3 4 8 0.06671554054054055;
3 4 9 0.051610135135135134;
3 4 10 0.06545675675675676;
3 5 1 0.06177364864864865;
3 5 2 0.046621621621621624;
3 5 3 0.050118243243243245;
3 5 4 0.046621621621621624;
3 5 5 0.06177364864864865;
3 5 6 0.0629391891891892;
3 5 7 0.06876689189189189;
3 5 8 0.05128378378378379;
3 5 9 0.0629391891891892;
3 5 10 0.06177364864864865;
3 6 1 0.042672496025437205;
3 6 2 0.04587293322734499;
3 6 3 0.05120699523052464;
3 6 4 0.042672496025437205;
3 6 5 0.04800655802861685;
3 6 6 0.05547424483306836;
3 6 7 0.0640087440381558;
3 6 8 0.04800655802861685;
3 6 9 0.052273807631160574;
3 6 10 0.04480612082670906;
4 1 1 0.054710353736089026;
4 1 2 0.054710353736089026;
4 1 3 0.050054153418124005;
4 1 4 0.06984300476947536;
4 1 5 0.05121820349761526;
4 1 6 0.04772605325914149;
4 1 7 0.05703845389507154;
4 1 8 0.04889010333863275;
4 1 9 0.04889010333863275;
4 1 10 0.046562003179650244;
4 2 1 0.0839131955484897;
4 2 2 0.0779193958664547;
4 2 3 0.06443334658187601;
4 2 4 0.059937996820349775;
4 2 5 0.07342404610492846;
4 2 6 0.0839131955484897;
4 2 7 0.06743024642289348;
4 2 8 0.0839131955484897;
4 2 9 0.0779193958664547;
4 2 10 0.0884085453100159;
4 3 1 0.08618203497615262;
4 3 2 0.06032742448330684;
4 3 3 0.08043656597774246;
4 3 4 0.061763791732909384;
4 3 5 0.06894562798092209;
4 3 6 0.06607289348171702;
4 3 7 0.057454689984101755;
4 3 8 0.06894562798092209;
4 3 9 0.06463652623211447;
4 3 10 0.06894562798092209;
4 4 1 0.06476351351351352;
4 4 2 0.06217297297297297;
4 4 3 0.05699189189189189;
4 4 4 0.05181081081081081;
4 4 5 0.0738304054054054;
4 4 6 0.05310608108108108;
4 4 7 0.05440135135135135;
4 4 8 0.05699189189189189;
4 4 9 0.055696621621621624;
4 4 10 0.06217297297297297;
4 5 1 0.06956081081081081;
4 5 2 0.0491722972972973;
4 5 3 0.05996621621621622;
4 5 4 0.06836148648648649;
4 5 5 0.06716216216216217;
4 5 6 0.0635641891891892;
4 5 7 0.06116554054054055;
4 5 8 0.07195945945945946;
4 5 9 0.0539695945945946;
4 5 10 0.06236486486486487;
4 6 1 0.05927766295707473;
4 6 2 0.0614731319554849;
4 6 3 0.053788990461049284;
4 6 4 0.05049578696343403;
4 6 5 0.045007114467408585;
4 6 6 0.05817992845786964;
4 6 7 0.06366860095389507;
4 6 8 0.052691255961844194;
4 6 9 0.04610484896661367;
4 6 10 0.051593521462639104;
5 1 1 0.06394077901430842;
5 1 2 0.07131856120826709;
5 1 3 0.06762967011128776;
5 1 4 0.06762967011128776;
5 1 5 0.056562996820349765;
5 1 6 0.059022257551669316;
5 1 7 0.05287410572337043;
5 1 8 0.0700889308426073;
5 1 9 0.06394077901430842;
5 1 10 0.05287410572337043;
5 2 1 0.07756061208267091;
5 2 2 0.06806339427662958;
5 2 3 0.0838920906200318;
5 2 4 0.0696462639109698;
5 2 5 0.06648052464228936;
5 2 6 0.09497217806041337;
5 2 7 0.0838920906200318;
5 2 8 0.07597774244833069;
5 2 9 0.06806339427662958;
5 2 10 0.09022356915739269;
5 3 1 0.08496820349761527;
5 3 2 0.07586446740858506;
5 3 3 0.08800278219395867;
5 3 4 0.06372615262321145;
5 3 5 0.08345091414944356;
5 3 6 0.06676073131955484;
5 3 7 0.06524344197138315;
5 3 8 0.07738175675675675;
5 3 9 0.07434717806041335;
5 3 10 0.09103736089030207;
5 4 1 0.05609797297297297;
5 4 2 0.06567567567567567;
5 4 3 0.06157094594594595;
5 4 4 0.06567567567567567;
5 4 5 0.07798986486486485;
5 4 6 0.05472972972972973;
5 4 7 0.05883445945945946;
5 4 8 0.0725168918918919;
5 4 9 0.06704391891891892;
5 4 10 0.05472972972972973;
5 5 1 0.06967905405405406;
5 5 2 0.06207770270270271;
5 5 3 0.053209459459459464;
5 5 4 0.07094594594594596;
5 5 5 0.057010135135135136;
5 5 6 0.06841216216216217;
5 5 7 0.06461148648648649;
5 5 8 0.06714527027027027;
5 5 9 0.07474662162162163;
5 5 10 0.0633445945945946;
5 6 1 0.05913851351351351;
5 6 2 0.04754272655007948;
5 6 3 0.056819356120826704;
5 6 4 0.0545001987281399;
5 6 5 0.05913851351351351;
5 6 6 0.04870230524642289;
5 6 7 0.06841514308426073;
5 6 8 0.05913851351351351;
5 6 9 0.0545001987281399;
5 6 10 0.04638314785373609;
6 1 1 0.054431637519872816;
6 1 2 0.054431637519872816;
6 1 3 0.07212191971383149;
6 1 4 0.07212191971383149;
6 1 5 0.07212191971383149;
6 1 6 0.06395717408585055;
6 1 7 0.055792428457869636;
6 1 8 0.06803954689984101;
6 1 9 0.0802866653418124;
6 1 10 0.06395717408585055;
6 2 1 0.07532348966613674;
6 2 2 0.08408203497615263;
6 2 3 0.08233032591414945;
6 2 4 0.08057861685214628;
6 2 5 0.07707519872813992;
6 2 6 0.09284058028616854;
6 2 7 0.087585453100159;
6 2 8 0.07182007154213038;
6 2 9 0.08583374403815582;
6 2 10 0.08933716216216217;
6 3 1 0.08227754372019078;
6 3 2 0.0973897456279809;
6 3 3 0.08899407790143085;
6 3 4 0.0957106120826709;
6 3 5 0.08899407790143085;
6 3 6 0.09235234499205089;
6 3 7 0.07891927662957074;
6 3 8 0.09067321144674086;
6 3 9 0.07388187599364071;
6 3 10 0.0940314785373609;
6 4 1 0.08782297297297297;
6 4 2 0.06359594594594595;
6 4 3 0.06662432432432433;
6 4 4 0.0847945945945946;
6 4 5 0.07419527027027027;
6 4 6 0.07873783783783785;
6 4 7 0.06662432432432433;
6 4 8 0.0696527027027027;
6 4 9 0.06662432432432433;
6 4 10 0.08176621621621621;
6 5 1 0.0771114864864865;
6 5 2 0.07010135135135136;
6 5 3 0.07570945945945946;
6 5 4 0.08412162162162162;
6 5 5 0.07570945945945946;
6 5 6 0.0616891891891892;
6 5 7 0.07991554054054054;
6 5 8 0.07290540540540541;
6 5 9 0.060287162162162164;
6 5 10 0.07991554054054054;
6 6 1 0.07571275834658187;
6 6 2 0.0731462241653418;
6 6 3 0.053897217806041335;
6 6 4 0.0564637519872814;
6 6 5 0.06416335453100158;
6 6 6 0.052613950715421305;
6 6 7 0.07186295707472179;
6 6 8 0.07442949125596184;
6 6 9 0.06159682034976152;
6 6 10 0.06288008744038155;
7 1 1 0.06636724960254371;
7 1 2 0.06787559618441971;
7 1 3 0.08899244833068362;
7 1 4 0.06636724960254371;
7 1 5 0.0708922893481717;
7 1 6 0.08748410174880764;
7 1 7 0.07843402225755168;
7 1 8 0.08446740858505565;
7 1 9 0.06033386327503975;
7 1 10 0.06335055643879173;
7 2 1 0.10484928457869637;
7 2 2 0.10679093799682036;
7 2 3 0.0873744038155803;
7 2 4 0.10096597774244835;
7 2 5 0.07766613672496027;
7 2 6 0.11649920508744038;
7 2 7 0.10290763116057236;
7 2 8 0.10873259141494437;
7 2 9 0.09902432432432434;
7 2 10 0.10290763116057236;
7 3 1 0.10608887122416534;
7 3 2 0.0837543720190779;
7 3 3 0.07444833068362482;
7 3 4 0.09864403815580287;
7 3 5 0.0837543720190779;
7 3 6 0.08561558028616852;
7 3 7 0.10236645468998411;
7 3 8 0.09119920508744038;
7 3 9 0.08747678855325913;
7 3 10 0.10981128775834657;
7 4 1 0.09734594594594595;
7 4 2 0.07384864864864864;
7 4 3 0.08391891891891892;
7 4 4 0.07217027027027027;
7 4 5 0.06881351351351352;
7 4 6 0.06713513513513514;
7 4 7 0.09063243243243245;
7 4 8 0.07720540540540541;
7 4 9 0.09063243243243245;
7 4 10 0.07384864864864864;
7 5 1 0.07614864864864865;
7 5 2 0.08547297297297297;
7 5 3 0.06216216216216217;
7 5 4 0.08547297297297297;
7 5 5 0.09013513513513514;
7 5 6 0.06216216216216217;
7 5 7 0.09013513513513514;
7 5 8 0.0745945945945946;
7 5 9 0.08858108108108108;
7 5 10 0.06837837837837837;
7 6 1 0.07681049284578698;
7 6 2 0.07254324324324324;
7 6 3 0.05974149443561208;
7 6 4 0.06969841017488076;
7 6 5 0.07254324324324324;
7 6 6 0.0640087440381558;
7 6 7 0.05831907790143084;
7 6 8 0.06543116057233704;
7 6 9 0.0782329093799682;
7 6 10 0.07254324324324324;
8 1 1 0.09223867249602544;
8 1 2 0.06520319952305245;
8 1 3 0.08428706279809221;
8 1 4 0.09223867249602544;
8 1 5 0.06838384340222575;
8 1 6 0.07474513116057233;
8 1 7 0.07156448728139904;
8 1 8 0.08110641891891891;
8 1 9 0.07792577503974563;
8 1 10 0.0699741653418124;
8 2 1 0.1003117249602544;
8 2 2 0.10645325914149446;
8 2 3 0.09621736883942766;
8 2 4 0.1044060810810811;
8 2 5 0.12283068362480128;
8 2 6 0.09007583465818761;
8 2 7 0.09007583465818761;
8 2 8 0.09417019077901433;
8 2 9 0.1044060810810811;
8 2 10 0.1044060810810811;
8 3 1 0.11577929252782193;
8 3 2 0.09223096184419713;
8 3 3 0.08045679650238473;
8 3 4 0.11381693163751987;
8 3 5 0.09615568362480127;
8 3 6 0.09223096184419713;
8 3 7 0.08634387917329094;
8 3 8 0.10400512718600954;
8 3 9 0.10792984896661367;
8 3 10 0.11185457074721779;
8 4 1 0.09555810810810811;
8 4 2 0.09024932432432432;
8 4 3 0.08671013513513513;
8 4 4 0.10086689189189188;
8 4 5 0.09909729729729731;
8 4 6 0.07432297297297298;
8 4 7 0.07255337837837837;
8 4 8 0.08494054054054054;
8 4 9 0.08317094594594594;
8 4 10 0.10617567567567567;
8 5 1 0.07537162162162163;
8 5 2 0.08356418918918919;
8 5 3 0.07537162162162163;
8 5 4 0.08192567567567569;
8 5 5 0.08028716216216217;
8 5 6 0.08192567567567569;
8 5 7 0.07045608108108109;
8 5 8 0.0983108108108108;
8 5 9 0.07373310810810811;
8 5 10 0.08520270270270272;
8 6 1 0.07498608903020668;
8 6 2 0.07498608903020668;
8 6 3 0.06598775834658187;
8 6 4 0.0854841414944356;
8 6 5 0.07348636724960254;
8 6 6 0.08698386327503974;
8 6 7 0.0629883147853736;
8 6 8 0.0719866454689984;
8 6 9 0.0629883147853736;
8 6 10 0.061488593004769464;
9 1 1 0.06979381955484897;
9 1 2 0.09251738871224165;
9 1 3 0.0795324920508744;
9 1 4 0.08927116454689984;
9 1 5 0.06492448330683626;
9 1 6 0.08764805246422894;
9 1 7 0.06979381955484897;
9 1 8 0.09738672496025437;
9 1 9 0.09251738871224165;
9 1 10 0.09089427662957075;
9 2 1 0.08357551669316376;
9 2 2 0.1023800079491256;
9 2 3 0.09820123211446741;
9 2 4 0.12327388712241655;
9 2 5 0.09611184419713832;
9 2 6 0.11282694753577108;
9 2 7 0.08566490461049285;
9 2 8 0.08566490461049285;
9 2 9 0.09193306836248015;
9 2 10 0.12327388712241655;
9 3 1 0.10614956279809222;
9 3 2 0.10414674085850557;
9 3 3 0.10614956279809222;
9 3 4 0.11416085055643878;
9 3 5 0.12016931637519873;
9 3 6 0.11015520667726551;
9 3 7 0.08411852146263911;
9 3 8 0.0921298092209857;
9 3 9 0.09012698728139905;
9 3 10 0.09813827503974562;
9 4 1 0.07766148648648649;
9 4 2 0.07766148648648649;
9 4 3 0.10655878378378378;
9 4 4 0.0848858108108108;
9 4 5 0.07404932432432432;
9 4 6 0.10475270270270269;
9 4 7 0.09391621621621622;
9 4 8 0.09211013513513513;
9 4 9 0.08127364864864865;
9 4 10 0.08127364864864865;
9 5 1 0.07692567567567568;
9 5 2 0.0668918918918919;
9 5 3 0.08863175675675677;
9 5 4 0.07190878378378379;
9 5 5 0.0752533783783784;
9 5 6 0.09532094594594594;
9 5 7 0.09030405405405406;
9 5 8 0.09364864864864866;
9 5 9 0.10033783783783784;
9 5 10 0.08528716216216217;
9 6 1 0.08112412559618443;
9 6 2 0.07653219395866455;
9 6 3 0.0658176868044515;
9 6 4 0.08265476947535771;
9 6 5 0.07194026232114466;
9 6 6 0.07194026232114466;
9 6 7 0.06275639904610492;
9 6 8 0.084185413354531;
9 6 9 0.06428704292527822;
9 6 10 0.0688789745627981;
10 1 1 0.09345190779014308;
10 1 2 0.0950914149443561;
10 1 3 0.07213831478537361;
10 1 4 0.06558028616852146;
10 1 5 0.0803358505564388;
10 1 6 0.08853338632750397;
10 1 7 0.08853338632750397;
10 1 8 0.06558028616852146;
10 1 9 0.08361486486486486;
10 1 10 0.07869634340222575;
10 2 1 0.10974562798092212;
10 2 2 0.10341414944356123;
10 2 3 0.12451907790143087;
10 2 4 0.09919316375198729;
10 2 5 0.0928616852146264;
10 2 6 0.12451907790143087;
10 2 7 0.09497217806041337;
10 2 8 0.08441971383147855;
10 2 9 0.12240858505564388;
10 2 10 0.10341414944356123;
10 3 1 0.08294515103338633;
10 3 2 0.10519872813990461;
10 3 3 0.11531399046104927;
10 3 4 0.08699125596184419;
10 3 5 0.08901430842607314;
10 3 6 0.10924483306836248;
10 3 7 0.11329093799682037;
10 3 8 0.1173370429252782;
10 3 9 0.09103736089030207;
10 3 10 0.11329093799682037;
10 4 1 0.0747972972972973;
10 4 2 0.07662162162162162;
10 4 3 0.0893918918918919;
10 4 4 0.1058108108108108;
10 4 5 0.0893918918918919;
10 4 6 0.08209459459459459;
10 4 7 0.10216216216216217;
10 4 8 0.08574324324324324;
10 4 9 0.09668918918918919;
10 4 10 0.08756756756756756;
10 5 1 0.06756756756756757;
10 5 2 0.07601351351351351;
10 5 3 0.07432432432432433;
10 5 4 0.0793918918918919;
10 5 5 0.07770270270270271;
10 5 6 0.09628378378378377;
10 5 7 0.09459459459459461;
10 5 8 0.07601351351351351;
10 5 9 0.07094594594594594;
10 5 10 0.06925675675675676;
10 6 1 0.06802861685214626;
10 6 2 0.0664825119236884;
10 6 3 0.06802861685214626;
10 6 4 0.08194356120826708;
10 6 5 0.08967408585055643;
10 6 6 0.08812798092209856;
10 6 7 0.08503577106518284;
10 6 8 0.06339030206677265;
10 6 9 0.071120826709062;
10 6 10 0.08039745627980922;
11 1 1 0.08695945945945946;
11 1 2 0.08695945945945946;
11 1 3 0.09030405405405406;
11 1 4 0.07859797297297297;
11 1 5 0.06856418918918919;
11 1 6 0.07358108108108108;
11 1 7 0.08528716216216217;
11 1 8 0.07692567567567568;
11 1 9 0.09866554054054054;
11 1 10 0.08194256756756756;
11 2 1 0.10978783783783785;
11 2 2 0.09902432432432434;
11 2 3 0.08826081081081083;
11 2 4 0.09041351351351352;
11 2 5 0.08610810810810814;
11 2 6 0.1270094594594595;
11 2 7 0.10117702702702704;
11 2 8 0.10332972972972974;
11 2 9 0.12485675675675677;
11 2 10 0.12270405405405406;
11 3 1 0.08460405405405405;
11 3 2 0.1073027027027027;
11 3 3 0.09492162162162163;
11 3 4 0.08666756756756756;
11 3 5 0.1217472972972973;
11 3 6 0.0907945945945946;
11 3 7 0.08254054054054055;
11 3 8 0.11142972972972974;
11 3 9 0.11762027027027026;
11 3 10 0.09492162162162163;
11 4 1 0.1060662162162162;
11 4 2 0.08001486486486487;
11 4 3 0.11164864864864864;
11 4 4 0.09862297297297298;
11 4 5 0.09117972972972972;
11 4 6 0.07443243243243244;
11 4 7 0.10420540540540542;
11 4 8 0.10420540540540542;
11 4 9 0.1060662162162162;
11 4 10 0.10978783783783784;
11 5 1 0.0827027027027027;
11 5 2 0.10165540540540541;
11 5 3 0.09476351351351352;
11 5 4 0.10165540540540541;
11 5 5 0.0827027027027027;
11 5 6 0.09304054054054056;
11 5 7 0.07236486486486486;
11 5 8 0.09820945945945946;
11 5 9 0.08787162162162163;
11 5 10 0.08442567567567567;
11 6 1 0.07254324324324324;
11 6 2 0.06308108108108108;
11 6 3 0.09462162162162162;
11 6 4 0.08989054054054053;
11 6 5 0.07412027027027027;
11 6 6 0.07096621621621621;
11 6 7 0.06781216216216215;
11 6 8 0.08042837837837838;
11 6 9 0.08358243243243244;
11 6 10 0.07727432432432432;
12 1 1 0.07230226550079491;
12 1 2 0.09296005564387917;
12 1 3 0.08607412559618442;
12 1 4 0.09468153815580287;
12 1 5 0.09123857313195549;
12 1 6 0.07230226550079491;
12 1 7 0.0740237480127186;
12 1 8 0.09296005564387917;
12 1 9 0.07918819554848967;
12 1 10 0.07918819554848967;
12 2 1 0.10636883942766297;
12 2 2 0.1307450317965024;
12 2 3 0.09750476947535773;
12 2 4 0.1285290143084261;
12 2 5 0.11523290937996822;
12 2 6 0.0930727344992051;
12 2 7 0.11966494435612085;
12 2 8 0.11523290937996822;
12 2 9 0.12631299682034977;
12 2 10 0.1285290143084261;
12 3 1 0.09771343402225756;
12 3 2 0.1040860492845787;
12 3 3 0.08709240858505564;
12 3 4 0.09983763910969792;
12 3 5 0.08496820349761526;
12 3 6 0.08709240858505564;
12 3 7 0.11045866454689984;
12 3 8 0.116831279809221;
12 3 9 0.116831279809221;
12 3 10 0.12320389507154213;
12 4 1 0.08619932432432433;
12 4 2 0.1091858108108108;
12 4 3 0.11110135135135135;
12 4 4 0.0900304054054054;
12 4 5 0.0900304054054054;
12 4 6 0.09386148648648648;
12 4 7 0.07853716216216215;
12 4 8 0.07853716216216215;
12 4 9 0.10535472972972974;
12 4 10 0.09194594594594595;
12 5 1 0.07804054054054055;
12 5 2 0.10109797297297297;
12 5 3 0.08690878378378378;
12 5 4 0.0940033783783784;
12 5 5 0.09222972972972973;
12 5 6 0.09577702702702703;
12 5 7 0.09222972972972973;
12 5 8 0.08336148648648647;
12 5 9 0.09222972972972973;
12 5 10 0.08513513513513514;
12 6 1 0.06980663751987282;
12 6 2 0.09091096979332274;
12 6 3 0.08117050874403815;
12 6 4 0.08441732909379968;
12 6 5 0.06493640699523053;
12 6 6 0.08928755961844198;
12 6 7 0.07630027821939586;
12 6 8 0.08279391891891892;
12 6 9 0.07954709856915738;
12 6 10 0.08117050874403815;
13 1 1 0.11017488076311606;
13 1 2 0.07895866454689983;
13 1 3 0.08446740858505565;
13 1 4 0.08813990461049284;
13 1 5 0.10282988871224166;
13 1 6 0.08630365659777424;
13 1 7 0.09732114467408585;
13 1 8 0.10099364069952306;
13 1 9 0.10650238473767884;
13 1 10 0.07895866454689983;
13 2 1 0.13709761526232114;
13 2 2 0.130006359300477;
13 2 3 0.11346009538950716;
13 2 4 0.11109634340222577;
13 2 5 0.11582384737678857;
13 2 6 0.130006359300477;
13 2 7 0.10873259141494437;
13 2 8 0.13237011128775839;
13 2 9 0.130006359300477;
13 2 10 0.12764260731319557;
13 3 1 0.1246200317965024;
13 3 2 0.10196184419713832;
13 3 3 0.0974302066772655;
13 3 4 0.10196184419713832;
13 3 5 0.09063275039745629;
13 3 6 0.10422766295707472;
13 3 7 0.1314174880763116;
13 3 8 0.09289856915739268;
13 3 9 0.09969602543720191;
13 3 10 0.11329093799682036;
13 4 1 0.1123783783783784;
13 4 2 0.09603243243243244;
13 4 3 0.08377297297297297;
13 4 4 0.10624864864864865;
13 4 5 0.10624864864864865;
13 4 6 0.11442162162162163;
13 4 7 0.08581621621621621;
13 4 8 0.10216216216216216;
13 4 9 0.08581621621621621;
13 4 10 0.0899027027027027;
13 5 1 0.10972972972972972;
13 5 2 0.08891891891891893;
13 5 3 0.08324324324324325;
13 5 4 0.0927027027027027;
13 5 5 0.08891891891891893;
13 5 6 0.11351351351351352;
13 5 7 0.11351351351351352;
13 5 8 0.09081081081081081;
13 5 9 0.08891891891891893;
13 5 10 0.08513513513513514;
13 6 1 0.06926550079491256;
13 6 2 0.09350842607313196;
13 6 3 0.08831351351351352;
13 6 4 0.08311860095389506;
13 6 5 0.09697170111287759;
13 6 6 0.09350842607313196;
13 6 7 0.08138696343402226;
13 6 8 0.09697170111287759;
13 6 9 0.09177678855325913;
13 6 10 0.09177678855325913;
14 1 1 0.11027325119236882;
14 1 2 0.09673092209856915;
14 1 3 0.10060015898251193;
14 1 4 0.10060015898251193;
14 1 5 0.07738473767885533;
14 1 6 0.10640401430842608;
14 1 7 0.08318859300476948;
14 1 8 0.10253477742448332;
14 1 9 0.09479630365659777;
14 1 10 0.10833863275039747;
14 2 1 0.11455755166931639;
14 2 2 0.1270094594594595;
14 2 3 0.1394613672496026;
14 2 4 0.12202869634340224;
14 2 5 0.10957678855325916;
14 2 6 0.13697098569157395;
14 2 7 0.13697098569157395;
14 2 8 0.13199022257551674;
14 2 9 0.1294998410174881;
14 2 10 0.10459602543720191;
14 3 1 0.14323211446740858;
14 3 2 0.09787527821939586;
14 3 3 0.10264968203497615;
14 3 4 0.10742408585055645;
14 3 5 0.1050368839427663;
14 3 6 0.11697289348171701;
14 3 7 0.1312961049284579;
14 3 8 0.11219848966613671;
14 3 9 0.1384577106518283;
14 3 10 0.11697289348171701;
14 4 1 0.12916216216216217;
14 4 2 0.10763513513513513;
14 4 3 0.12270405405405403;
14 4 4 0.08610810810810811;
14 4 5 0.12916216216216217;
14 4 6 0.12485675675675675;
14 4 7 0.09687162162162162;
14 4 8 0.09687162162162162;
14 4 9 0.12270405405405403;
14 4 10 0.10332972972972973;
14 5 1 0.09368243243243243;
14 5 2 0.08172297297297297;
14 5 3 0.09368243243243243;
14 5 4 0.09567567567567568;
14 5 5 0.10763513513513515;
14 5 6 0.09766891891891892;
14 5 7 0.08770270270270271;
14 5 8 0.10564189189189191;
14 5 9 0.10763513513513515;
14 5 10 0.09966216216216217;
14 6 1 0.08209817170111287;
14 6 2 0.0912201907790143;
14 6 3 0.09669340222575518;
14 6 4 0.08939578696343402;
14 6 5 0.09304459459459459;
14 6 6 0.0912201907790143;
14 6 7 0.10581542130365659;
14 6 8 0.10581542130365659;
14 6 9 0.10946422893481716;
14 6 10 0.10763982511923686;
15 1 1 0.0944356120826709;
15 1 2 0.1062400635930048;
15 1 3 0.11214228934817169;
15 1 4 0.10033783783783784;
15 1 5 0.11410969793322734;
15 1 6 0.11607710651828299;
15 1 7 0.11017488076311606;
15 1 8 0.09640302066772655;
15 1 9 0.10427265500794913;
15 1 10 0.0983704292527822;
15 2 1 0.10890143084260734;
15 2 2 0.14689030206677267;
15 2 3 0.11903179650238475;
15 2 4 0.15195548489666139;
15 2 5 0.1392925278219396;
15 2 6 0.12409697933227347;
15 2 7 0.1291621621621622;
15 2 8 0.1266295707472178;
15 2 9 0.14182511923688396;
15 2 10 0.10130365659777427;
15 3 1 0.14080445151033386;
15 3 2 0.11652782193958663;
15 3 3 0.14323211446740858;
15 3 4 0.12138314785373609;
15 3 5 0.09953418124006358;
15 3 6 0.1456597774244833;
15 3 7 0.131093799682035;
15 3 8 0.1456597774244833;
15 3 9 0.10196184419713832;
15 3 10 0.131093799682035;
15 4 1 0.12478378378378377;
15 4 2 0.10727027027027027;
15 4 3 0.1007027027027027;
15 4 4 0.12697297297297297;
15 4 5 0.10508108108108107;
15 4 6 0.12478378378378377;
15 4 7 0.12040540540540541;
15 4 8 0.11164864864864865;
15 4 9 0.10727027027027027;
15 4 10 0.11821621621621624;
15 5 1 0.09932432432432432;
15 5 2 0.0831081081081081;
15 5 3 0.09527027027027027;
15 5 4 0.08108108108108109;
15 5 5 0.10540540540540543;
15 5 6 0.12162162162162163;
15 5 7 0.11554054054054053;
15 5 8 0.09324324324324325;
15 5 9 0.09527027027027027;
15 5 10 0.09932432432432432;
15 6 1 0.08905564387917328;
15 6 2 0.08163434022257551;
15 6 3 0.0983322734499205;
15 6 4 0.1020429252782194;
15 6 5 0.08348966613672495;
15 6 6 0.07977901430842607;
15 6 7 0.10946422893481716;
15 6 8 0.08163434022257551;
15 6 9 0.08534499205087441;
15 6 10 0.1113195548489666;
16 1 1 0.08335254372019077;
16 1 2 0.09758346581875993;
16 1 3 0.09555047694753577;
16 1 4 0.1057154213036566;
16 1 5 0.09148449920508744;
16 1 6 0.0996164546899841;
16 1 7 0.0996164546899841;
16 1 8 0.1118143879173291;
16 1 9 0.09555047694753577;
16 1 10 0.0874185214626391;
16 2 1 0.14393561208267094;
16 2 2 0.14393561208267094;
16 2 3 0.1282335453100159;
16 2 4 0.15440365659777425;
16 2 5 0.15702066772655007;
16 2 6 0.13608457869634344;
16 2 7 0.12561653418124008;
16 2 8 0.13085055643879176;
16 2 9 0.15440365659777425;
16 2 10 0.12561653418124008;
16 3 1 0.1304464228934817;
16 3 2 0.13797217806041337;
16 3 3 0.1329550079491256;
16 3 4 0.11037774244833069;
16 3 5 0.12793783783783785;
16 3 6 0.14048076311605726;
16 3 7 0.1329550079491256;
16 3 8 0.11790349761526231;
16 3 9 0.145497933227345;
16 3 10 0.15051510333863274;
16 4 1 0.10858378378378378;
16 4 2 0.11989459459459459;
16 4 3 0.1017972972972973;
16 4 4 0.13346756756756756;
16 4 5 0.11763243243243245;
16 4 6 0.09953513513513514;
16 4 7 0.11989459459459459;
16 4 8 0.0904864864864865;
16 4 9 0.11763243243243245;
16 4 10 0.11537027027027028;
16 5 1 0.09425675675675677;
16 5 2 0.11520270270270272;
16 5 3 0.08797297297297298;
16 5 4 0.1214864864864865;
16 5 5 0.11520270270270272;
16 5 6 0.08797297297297298;
16 5 7 0.10472972972972974;
16 5 8 0.11101351351351352;
16 5 9 0.10472972972972974;
16 5 10 0.10472972972972974;
16 6 1 0.07668680445151034;
16 6 2 0.08818982511923688;
16 6 3 0.09202416534181239;
16 6 4 0.09202416534181239;
16 6 5 0.09585850556438791;
16 6 6 0.09010699523052464;
16 6 7 0.08627265500794913;
16 6 8 0.09202416534181239;
16 6 9 0.09585850556438791;
16 6 10 0.09010699523052464;
17 1 1 0.10619087837837837;
17 1 2 0.11660174880763116;
17 1 3 0.10202653020667726;
17 1 4 0.09786218203497615;
17 1 5 0.1249304451510334;
17 1 6 0.11660174880763116;
17 1 7 0.0957800079491256;
17 1 8 0.1249304451510334;
17 1 9 0.09994435612082671;
17 1 10 0.0957800079491256;
17 2 1 0.11793434022257554;
17 2 2 0.14741792527821942;
17 2 3 0.14205727344992053;
17 2 4 0.14741792527821942;
17 2 5 0.10721303656597776;
17 2 6 0.14741792527821942;
17 2 7 0.14741792527821942;
17 2 8 0.13669662162162163;
17 2 9 0.1286556438791733;
17 2 10 0.11525401430842609;
17 3 1 0.12332527821939587;
17 3 2 0.14901804451510334;
17 3 3 0.13874093799682036;
17 3 4 0.13617166136724962;
17 3 5 0.15415659777424484;
17 3 6 0.12846383147853735;
17 3 7 0.1258945548489666;
17 3 8 0.14387949125596186;
17 3 9 0.1310331081081081;
17 3 10 0.11047889507154213;
17 4 1 0.11584459459459459;
17 4 2 0.1366966216216216;
17 4 3 0.09267567567567568;
17 4 4 0.09730945945945946;
17 4 5 0.09962635135135135;
17 4 6 0.09962635135135135;
17 4 7 0.11816148648648649;
17 4 8 0.12742905405405408;
17 4 9 0.09499256756756756;
17 4 10 0.11816148648648649;
17 5 1 0.10940878378378378;
17 5 2 0.12442567567567568;
17 5 3 0.10940878378378378;
17 5 4 0.12013513513513514;
17 5 5 0.10940878378378378;
17 5 6 0.11369932432432434;
17 5 7 0.10726351351351351;
17 5 8 0.10297297297297298;
17 5 9 0.11155405405405407;
17 5 10 0.08581081081081082;
17 6 1 0.09817766295707472;
17 6 2 0.1040683227344992;
17 6 3 0.1040683227344992;
17 6 4 0.09817766295707472;
17 6 5 0.1060318759936407;
17 6 6 0.1040683227344992;
17 6 7 0.10210476947535772;
17 6 8 0.11192253577106517;
17 6 9 0.10210476947535772;
17 6 10 0.08835989666136725;
18 1 1 0.11991355325914149;
18 1 2 0.10633843402225755;
18 1 3 0.11765103338632751;
18 1 4 0.10181339427662957;
18 1 5 0.12443859300476949;
18 1 6 0.11765103338632751;
18 1 7 0.0927633147853736;
18 1 8 0.10181339427662957;
18 1 9 0.09955087440381558;
18 1 10 0.1221760731319555;
18 2 1 0.1747488076311606;
18 2 2 0.12814912559618444;
18 2 3 0.13979904610492846;
18 2 4 0.11649920508744041;
18 2 5 0.1747488076311606;
18 2 6 0.12232416534181242;
18 2 7 0.15727392686804456;
18 2 8 0.15727392686804456;
18 2 9 0.16309888712241655;
18 2 10 0.16309888712241655;
18 3 1 0.14517424483306837;
18 3 2 0.1395906200317965;
18 3 3 0.11446430842607312;
18 3 4 0.1395906200317965;
18 3 5 0.11725612082670907;
18 3 6 0.12563155802861686;
18 3 7 0.14517424483306837;
18 3 8 0.1479660572337043;
18 3 9 0.15913330683624802;
18 3 10 0.11446430842607312;
18 4 1 0.1082554054054054;
18 4 2 0.12839594594594594;
18 4 3 0.1409837837837838;
18 4 4 0.11329054054054054;
18 4 5 0.13091351351351352;
18 4 6 0.10573783783783784;
18 4 7 0.11832567567567567;
18 4 8 0.13846621621621621;
18 4 9 0.11580810810810811;
18 4 10 0.14853648648648649;
18 5 1 0.10023648648648649;
18 5 2 0.09324324324324325;
18 5 3 0.10722972972972974;
18 5 4 0.12820945945945947;
18 5 5 0.13986486486486488;
18 5 6 0.1235472972972973;
18 5 7 0.1258783783783784;
18 5 8 0.11888513513513513;
18 5 9 0.1328716216216216;
18 5 10 0.10023648648648649;
18 6 1 0.12588386327503975;
18 6 2 0.12375023847376787;
18 6 3 0.10881486486486486;
18 6 4 0.0960131160572337;
18 6 5 0.10241399046104928;
18 6 6 0.12588386327503975;
18 6 7 0.10881486486486486;
18 6 8 0.11094848966613673;
18 6 9 0.08534499205087441;
18 6 10 0.11521573926868045;
19 1 1 0.10483008744038157;
19 1 2 0.10483008744038157;
19 1 3 0.12534032193958666;
19 1 4 0.09799334260731318;
19 1 5 0.12306140699523052;
19 1 6 0.13673489666136723;
19 1 7 0.12534032193958666;
19 1 8 0.11166683227344992;
19 1 9 0.10027225755166932;
19 1 10 0.10255117249602544;
19 2 1 0.170147933227345;
19 2 2 0.1261441573926868;
19 2 3 0.16428076311605727;
19 2 4 0.17601510333863277;
19 2 5 0.1672143481717011;
19 2 6 0.1320113275039746;
19 2 7 0.1320113275039746;
19 2 8 0.15548000794912561;
19 2 9 0.13787849761526233;
19 2 10 0.146679252782194;
19 3 1 0.16591053259141492;
19 3 2 0.15466236089030208;
19 3 3 0.13497806041335453;
19 3 4 0.1265419316375199;
19 3 5 0.15466236089030208;
19 3 6 0.12372988871224166;
19 3 7 0.1321660174880763;
19 3 8 0.12091784578696342;
19 3 9 0.16028644674085848;
19 3 10 0.11248171701112877;
19 4 1 0.1394695945945946;
19 4 2 0.1141114864864865;
19 4 3 0.1420054054054054;
19 4 4 0.14707702702702702;
19 4 5 0.15214864864864863;
19 4 6 0.1445412162162162;
19 4 7 0.14961283783783783;
19 4 8 0.12425472972972973;
19 4 9 0.10903986486486486;
19 4 10 0.13439797297297298;
19 5 1 0.11974662162162163;
19 5 2 0.14087837837837838;
19 5 3 0.13618243243243242;
19 5 4 0.1056587837837838;
19 5 5 0.11974662162162163;
19 5 6 0.13618243243243242;
19 5 7 0.12444256756756758;
19 5 8 0.09861486486486486;
19 5 9 0.1220945945945946;
19 5 10 0.12913851351351352;
19 6 1 0.11175246422893481;
19 6 2 0.08596343402225755;
19 6 3 0.10960337837837837;
19 6 4 0.11605063593004769;
19 6 5 0.09241069157392685;
19 6 6 0.10100703497615261;
19 6 7 0.10100703497615261;
19 6 8 0.11390155007949125;
19 6 9 0.09455977742448331;
19 6 10 0.10745429252782193;
20 1 1 0.10709260731319556;
20 1 2 0.0977802066772655;
20 1 3 0.1303736089030207;
20 1 4 0.13270170906200318;
20 1 5 0.0977802066772655;
20 1 6 0.12338930842607314;
20 1 7 0.10942070747217805;
20 1 8 0.11640500794912559;
20 1 9 0.11873310810810811;
20 1 10 0.12804550874403817;
20 2 1 0.14684809220985692;
20 2 2 0.1318635930047695;
20 2 3 0.1318635930047695;
20 2 4 0.1588356915739269;
20 2 5 0.14085429252782194;
20 2 6 0.12886669316375202;
20 2 7 0.17382019077901434;
20 2 8 0.17082329093799684;
20 2 9 0.1318635930047695;
20 2 10 0.14684809220985692;
20 3 1 0.11490937996820351;
20 3 2 0.16661860095389508;
20 3 3 0.12065484896661367;
20 3 4 0.16087313195548492;
20 3 5 0.15800039745627983;
20 3 6 0.14938219395866456;
20 3 7 0.16661860095389508;
20 3 8 0.14650945945945945;
20 3 9 0.16661860095389508;
20 3 10 0.15225492845786964;
20 4 1 0.13211756756756757;
20 4 2 0.1476608108108108;
20 4 3 0.13211756756756757;
20 4 4 0.14507027027027028;
20 4 5 0.12434594594594595;
20 4 6 0.11139324324324325;
20 4 7 0.12952702702702704;
20 4 8 0.13211756756756757;
20 4 9 0.11398378378378378;
20 4 10 0.11139324324324325;
20 5 1 0.12952702702702704;
20 5 2 0.13432432432432434;
20 5 3 0.10074324324324326;
20 5 4 0.1271283783783784;
20 5 5 0.10074324324324326;
20 5 6 0.13672297297297298;
20 5 7 0.14152027027027028;
20 5 8 0.14391891891891892;
20 5 9 0.0983445945945946;
20 5 10 0.0983445945945946;
20 6 1 0.09879610492845786;
20 6 2 0.09220969793322734;
20 6 3 0.12075079491255963;
20 6 4 0.10977344992050873;
20 6 5 0.10099157392686806;
20 6 6 0.12733720190779013;
20 6 7 0.11855532591414945;
20 6 8 0.11635985691573927;
20 6 9 0.12514173290937997;
20 6 10 0.09001422893481717;
]

global d = [
1 1 1 165;
1 1 2 0;
1 1 3 53;
1 1 4 284;
1 1 5 226;
1 1 6 61;
1 1 7 273;
1 1 8 164;
1 1 9 0;
1 1 10 73;
1 2 1 230;
1 2 2 0;
1 2 3 72;
1 2 4 0;
1 2 5 274;
1 2 6 171;
1 2 7 76;
1 2 8 297;
1 2 9 254;
1 2 10 0;
1 3 1 114;
1 3 2 237;
1 3 3 167;
1 3 4 63;
1 3 5 223;
1 3 6 224;
1 3 7 0;
1 3 8 246;
1 3 9 236;
1 3 10 260;
1 4 1 232;
1 4 2 193;
1 4 3 192;
1 4 4 0;
1 4 5 228;
1 4 6 85;
1 4 7 292;
1 4 8 263;
1 4 9 283;
1 4 10 0;
1 5 1 210;
1 5 2 274;
1 5 3 134;
1 5 4 134;
1 5 5 111;
1 5 6 284;
1 5 7 151;
1 5 8 145;
1 5 9 278;
1 5 10 226;
1 6 1 59;
1 6 2 261;
1 6 3 188;
1 6 4 78;
1 6 5 125;
1 6 6 154;
1 6 7 227;
1 6 8 115;
1 6 9 204;
1 6 10 0;
2 1 1 208;
2 1 2 85;
2 1 3 83;
2 1 4 232;
2 1 5 225;
2 1 6 291;
2 1 7 180;
2 1 8 0;
2 1 9 101;
2 1 10 165;
2 2 1 231;
2 2 2 146;
2 2 3 122;
2 2 4 56;
2 2 5 73;
2 2 6 211;
2 2 7 64;
2 2 8 257;
2 2 9 0;
2 2 10 280;
2 3 1 206;
2 3 2 53;
2 3 3 193;
2 3 4 0;
2 3 5 74;
2 3 6 192;
2 3 7 62;
2 3 8 209;
2 3 9 0;
2 3 10 275;
2 4 1 264;
2 4 2 57;
2 4 3 125;
2 4 4 230;
2 4 5 66;
2 4 6 133;
2 4 7 215;
2 4 8 224;
2 4 9 286;
2 4 10 121;
2 5 1 0;
2 5 2 156;
2 5 3 161;
2 5 4 0;
2 5 5 251;
2 5 6 172;
2 5 7 0;
2 5 8 57;
2 5 9 102;
2 5 10 175;
2 6 1 178;
2 6 2 90;
2 6 3 280;
2 6 4 181;
2 6 5 136;
2 6 6 161;
2 6 7 158;
2 6 8 230;
2 6 9 89;
2 6 10 130;
3 1 1 135;
3 1 2 85;
3 1 3 147;
3 1 4 82;
3 1 5 181;
3 1 6 243;
3 1 7 297;
3 1 8 160;
3 1 9 185;
3 1 10 286;
3 2 1 283;
3 2 2 285;
3 2 3 276;
3 2 4 208;
3 2 5 158;
3 2 6 0;
3 2 7 259;
3 2 8 152;
3 2 9 0;
3 2 10 54;
3 3 1 88;
3 3 2 254;
3 3 3 78;
3 3 4 0;
3 3 5 212;
3 3 6 156;
3 3 7 61;
3 3 8 181;
3 3 9 156;
3 3 10 162;
3 4 1 58;
3 4 2 194;
3 4 3 165;
3 4 4 0;
3 4 5 267;
3 4 6 164;
3 4 7 0;
3 4 8 184;
3 4 9 280;
3 4 10 137;
3 5 1 249;
3 5 2 124;
3 5 3 224;
3 5 4 0;
3 5 5 0;
3 5 6 0;
3 5 7 123;
3 5 8 0;
3 5 9 57;
3 5 10 202;
3 6 1 61;
3 6 2 272;
3 6 3 278;
3 6 4 146;
3 6 5 93;
3 6 6 191;
3 6 7 77;
3 6 8 111;
3 6 9 216;
3 6 10 222;
4 1 1 97;
4 1 2 160;
4 1 3 180;
4 1 4 0;
4 1 5 170;
4 1 6 71;
4 1 7 60;
4 1 8 226;
4 1 9 136;
4 1 10 200;
4 2 1 94;
4 2 2 0;
4 2 3 0;
4 2 4 149;
4 2 5 117;
4 2 6 264;
4 2 7 52;
4 2 8 157;
4 2 9 70;
4 2 10 171;
4 3 1 209;
4 3 2 0;
4 3 3 0;
4 3 4 133;
4 3 5 173;
4 3 6 197;
4 3 7 297;
4 3 8 290;
4 3 9 52;
4 3 10 109;
4 4 1 157;
4 4 2 118;
4 4 3 135;
4 4 4 296;
4 4 5 110;
4 4 6 144;
4 4 7 227;
4 4 8 55;
4 4 9 194;
4 4 10 283;
4 5 1 283;
4 5 2 208;
4 5 3 202;
4 5 4 181;
4 5 5 67;
4 5 6 161;
4 5 7 85;
4 5 8 89;
4 5 9 162;
4 5 10 276;
4 6 1 91;
4 6 2 0;
4 6 3 278;
4 6 4 196;
4 6 5 190;
4 6 6 253;
4 6 7 178;
4 6 8 112;
4 6 9 257;
4 6 10 107;
5 1 1 121;
5 1 2 225;
5 1 3 225;
5 1 4 284;
5 1 5 299;
5 1 6 0;
5 1 7 224;
5 1 8 0;
5 1 9 238;
5 1 10 88;
5 2 1 211;
5 2 2 100;
5 2 3 90;
5 2 4 0;
5 2 5 110;
5 2 6 94;
5 2 7 0;
5 2 8 297;
5 2 9 171;
5 2 10 261;
5 3 1 145;
5 3 2 234;
5 3 3 0;
5 3 4 0;
5 3 5 182;
5 3 6 240;
5 3 7 129;
5 3 8 59;
5 3 9 95;
5 3 10 0;
5 4 1 60;
5 4 2 228;
5 4 3 172;
5 4 4 54;
5 4 5 285;
5 4 6 240;
5 4 7 160;
5 4 8 156;
5 4 9 199;
5 4 10 0;
5 5 1 151;
5 5 2 207;
5 5 3 206;
5 5 4 289;
5 5 5 88;
5 5 6 70;
5 5 7 272;
5 5 8 231;
5 5 9 128;
5 5 10 109;
5 6 1 242;
5 6 2 258;
5 6 3 298;
5 6 4 148;
5 6 5 248;
5 6 6 0;
5 6 7 187;
5 6 8 81;
5 6 9 115;
5 6 10 200;
6 1 1 218;
6 1 2 0;
6 1 3 0;
6 1 4 203;
6 1 5 0;
6 1 6 94;
6 1 7 100;
6 1 8 222;
6 1 9 131;
6 1 10 183;
6 2 1 108;
6 2 2 122;
6 2 3 196;
6 2 4 54;
6 2 5 0;
6 2 6 0;
6 2 7 205;
6 2 8 117;
6 2 9 297;
6 2 10 0;
6 3 1 66;
6 3 2 88;
6 3 3 0;
6 3 4 266;
6 3 5 280;
6 3 6 276;
6 3 7 138;
6 3 8 184;
6 3 9 125;
6 3 10 0;
6 4 1 151;
6 4 2 162;
6 4 3 215;
6 4 4 128;
6 4 5 225;
6 4 6 291;
6 4 7 171;
6 4 8 130;
6 4 9 250;
6 4 10 234;
6 5 1 216;
6 5 2 72;
6 5 3 257;
6 5 4 289;
6 5 5 0;
6 5 6 186;
6 5 7 99;
6 5 8 50;
6 5 9 0;
6 5 10 0;
6 6 1 161;
6 6 2 78;
6 6 3 78;
6 6 4 292;
6 6 5 216;
6 6 6 82;
6 6 7 293;
6 6 8 149;
6 6 9 72;
6 6 10 182;
7 1 1 138;
7 1 2 194;
7 1 3 0;
7 1 4 266;
7 1 5 142;
7 1 6 100;
7 1 7 129;
7 1 8 122;
7 1 9 188;
7 1 10 0;
7 2 1 96;
7 2 2 224;
7 2 3 267;
7 2 4 151;
7 2 5 173;
7 2 6 243;
7 2 7 159;
7 2 8 248;
7 2 9 266;
7 2 10 100;
7 3 1 175;
7 3 2 246;
7 3 3 265;
7 3 4 0;
7 3 5 239;
7 3 6 177;
7 3 7 0;
7 3 8 197;
7 3 9 294;
7 3 10 187;
7 4 1 179;
7 4 2 0;
7 4 3 132;
7 4 4 187;
7 4 5 61;
7 4 6 289;
7 4 7 282;
7 4 8 227;
7 4 9 233;
7 4 10 0;
7 5 1 292;
7 5 2 122;
7 5 3 120;
7 5 4 201;
7 5 5 291;
7 5 6 244;
7 5 7 164;
7 5 8 0;
7 5 9 0;
7 5 10 0;
7 6 1 282;
7 6 2 149;
7 6 3 118;
7 6 4 54;
7 6 5 211;
7 6 6 249;
7 6 7 89;
7 6 8 0;
7 6 9 241;
7 6 10 295;
8 1 1 116;
8 1 2 287;
8 1 3 234;
8 1 4 0;
8 1 5 158;
8 1 6 235;
8 1 7 209;
8 1 8 190;
8 1 9 156;
8 1 10 197;
8 2 1 183;
8 2 2 149;
8 2 3 166;
8 2 4 142;
8 2 5 73;
8 2 6 283;
8 2 7 185;
8 2 8 80;
8 2 9 219;
8 2 10 274;
8 3 1 188;
8 3 2 141;
8 3 3 290;
8 3 4 194;
8 3 5 299;
8 3 6 0;
8 3 7 228;
8 3 8 0;
8 3 9 216;
8 3 10 85;
8 4 1 277;
8 4 2 0;
8 4 3 204;
8 4 4 155;
8 4 5 204;
8 4 6 0;
8 4 7 0;
8 4 8 260;
8 4 9 146;
8 4 10 239;
8 5 1 0;
8 5 2 53;
8 5 3 0;
8 5 4 0;
8 5 5 65;
8 5 6 56;
8 5 7 132;
8 5 8 282;
8 5 9 134;
8 5 10 108;
8 6 1 0;
8 6 2 300;
8 6 3 96;
8 6 4 139;
8 6 5 144;
8 6 6 277;
8 6 7 108;
8 6 8 278;
8 6 9 187;
8 6 10 276;
9 1 1 129;
9 1 2 182;
9 1 3 171;
9 1 4 231;
9 1 5 212;
9 1 6 91;
9 1 7 269;
9 1 8 0;
9 1 9 294;
9 1 10 270;
9 2 1 274;
9 2 2 154;
9 2 3 144;
9 2 4 51;
9 2 5 73;
9 2 6 257;
9 2 7 183;
9 2 8 270;
9 2 9 0;
9 2 10 186;
9 3 1 257;
9 3 2 86;
9 3 3 0;
9 3 4 200;
9 3 5 280;
9 3 6 212;
9 3 7 78;
9 3 8 168;
9 3 9 59;
9 3 10 204;
9 4 1 72;
9 4 2 78;
9 4 3 0;
9 4 4 160;
9 4 5 167;
9 4 6 171;
9 4 7 106;
9 4 8 204;
9 4 9 79;
9 4 10 243;
9 5 1 150;
9 5 2 218;
9 5 3 0;
9 5 4 284;
9 5 5 109;
9 5 6 254;
9 5 7 0;
9 5 8 248;
9 5 9 223;
9 5 10 215;
9 6 1 205;
9 6 2 221;
9 6 3 191;
9 6 4 61;
9 6 5 268;
9 6 6 130;
9 6 7 295;
9 6 8 109;
9 6 9 267;
9 6 10 0;
10 1 1 0;
10 1 2 186;
10 1 3 0;
10 1 4 95;
10 1 5 75;
10 1 6 0;
10 1 7 0;
10 1 8 0;
10 1 9 236;
10 1 10 112;
10 2 1 113;
10 2 2 92;
10 2 3 263;
10 2 4 146;
10 2 5 77;
10 2 6 0;
10 2 7 128;
10 2 8 222;
10 2 9 99;
10 2 10 282;
10 3 1 67;
10 3 2 279;
10 3 3 106;
10 3 4 231;
10 3 5 87;
10 3 6 0;
10 3 7 233;
10 3 8 0;
10 3 9 54;
10 3 10 161;
10 4 1 102;
10 4 2 257;
10 4 3 237;
10 4 4 52;
10 4 5 275;
10 4 6 199;
10 4 7 64;
10 4 8 246;
10 4 9 139;
10 4 10 156;
10 5 1 217;
10 5 2 85;
10 5 3 253;
10 5 4 239;
10 5 5 70;
10 5 6 162;
10 5 7 73;
10 5 8 254;
10 5 9 206;
10 5 10 231;
10 6 1 131;
10 6 2 228;
10 6 3 115;
10 6 4 0;
10 6 5 241;
10 6 6 93;
10 6 7 201;
10 6 8 156;
10 6 9 0;
10 6 10 127;
11 1 1 178;
11 1 2 117;
11 1 3 0;
11 1 4 268;
11 1 5 122;
11 1 6 226;
11 1 7 232;
11 1 8 213;
11 1 9 199;
11 1 10 174;
11 2 1 224;
11 2 2 199;
11 2 3 0;
11 2 4 0;
11 2 5 278;
11 2 6 179;
11 2 7 196;
11 2 8 111;
11 2 9 55;
11 2 10 84;
11 3 1 177;
11 3 2 61;
11 3 3 184;
11 3 4 208;
11 3 5 0;
11 3 6 191;
11 3 7 296;
11 3 8 136;
11 3 9 190;
11 3 10 258;
11 4 1 297;
11 4 2 237;
11 4 3 182;
11 4 4 153;
11 4 5 129;
11 4 6 91;
11 4 7 181;
11 4 8 299;
11 4 9 83;
11 4 10 253;
11 5 1 138;
11 5 2 80;
11 5 3 287;
11 5 4 260;
11 5 5 173;
11 5 6 194;
11 5 7 0;
11 5 8 288;
11 5 9 174;
11 5 10 0;
11 6 1 87;
11 6 2 244;
11 6 3 275;
11 6 4 95;
11 6 5 187;
11 6 6 90;
11 6 7 266;
11 6 8 0;
11 6 9 277;
11 6 10 136;
12 1 1 206;
12 1 2 272;
12 1 3 88;
12 1 4 298;
12 1 5 0;
12 1 6 266;
12 1 7 221;
12 1 8 157;
12 1 9 93;
12 1 10 83;
12 2 1 0;
12 2 2 71;
12 2 3 177;
12 2 4 151;
12 2 5 114;
12 2 6 169;
12 2 7 106;
12 2 8 238;
12 2 9 61;
12 2 10 291;
12 3 1 0;
12 3 2 212;
12 3 3 0;
12 3 4 0;
12 3 5 119;
12 3 6 75;
12 3 7 169;
12 3 8 179;
12 3 9 0;
12 3 10 77;
12 4 1 82;
12 4 2 249;
12 4 3 256;
12 4 4 75;
12 4 5 197;
12 4 6 149;
12 4 7 79;
12 4 8 73;
12 4 9 144;
12 4 10 147;
12 5 1 0;
12 5 2 240;
12 5 3 205;
12 5 4 276;
12 5 5 122;
12 5 6 217;
12 5 7 0;
12 5 8 267;
12 5 9 176;
12 5 10 0;
12 6 1 91;
12 6 2 65;
12 6 3 140;
12 6 4 186;
12 6 5 0;
12 6 6 71;
12 6 7 192;
12 6 8 117;
12 6 9 250;
12 6 10 0;
13 1 1 100;
13 1 2 170;
13 1 3 151;
13 1 4 56;
13 1 5 0;
13 1 6 274;
13 1 7 167;
13 1 8 100;
13 1 9 0;
13 1 10 299;
13 2 1 0;
13 2 2 192;
13 2 3 242;
13 2 4 51;
13 2 5 260;
13 2 6 141;
13 2 7 112;
13 2 8 221;
13 2 9 232;
13 2 10 257;
13 3 1 151;
13 3 2 171;
13 3 3 0;
13 3 4 219;
13 3 5 271;
13 3 6 264;
13 3 7 55;
13 3 8 292;
13 3 9 284;
13 3 10 253;
13 4 1 207;
13 4 2 135;
13 4 3 0;
13 4 4 251;
13 4 5 69;
13 4 6 145;
13 4 7 252;
13 4 8 162;
13 4 9 235;
13 4 10 198;
13 5 1 104;
13 5 2 141;
13 5 3 246;
13 5 4 297;
13 5 5 0;
13 5 6 0;
13 5 7 53;
13 5 8 268;
13 5 9 0;
13 5 10 182;
13 6 1 145;
13 6 2 91;
13 6 3 0;
13 6 4 0;
13 6 5 234;
13 6 6 145;
13 6 7 181;
13 6 8 204;
13 6 9 266;
13 6 10 253;
14 1 1 235;
14 1 2 215;
14 1 3 271;
14 1 4 107;
14 1 5 0;
14 1 6 247;
14 1 7 209;
14 1 8 0;
14 1 9 243;
14 1 10 108;
14 2 1 0;
14 2 2 182;
14 2 3 0;
14 2 4 79;
14 2 5 185;
14 2 6 198;
14 2 7 216;
14 2 8 64;
14 2 9 193;
14 2 10 292;
14 3 1 225;
14 3 2 0;
14 3 3 238;
14 3 4 158;
14 3 5 149;
14 3 6 0;
14 3 7 88;
14 3 8 104;
14 3 9 244;
14 3 10 151;
14 4 1 254;
14 4 2 85;
14 4 3 156;
14 4 4 0;
14 4 5 297;
14 4 6 192;
14 4 7 126;
14 4 8 121;
14 4 9 232;
14 4 10 268;
14 5 1 241;
14 5 2 285;
14 5 3 196;
14 5 4 166;
14 5 5 119;
14 5 6 81;
14 5 7 153;
14 5 8 243;
14 5 9 220;
14 5 10 109;
14 6 1 229;
14 6 2 106;
14 6 3 116;
14 6 4 121;
14 6 5 237;
14 6 6 0;
14 6 7 219;
14 6 8 239;
14 6 9 221;
14 6 10 246;
15 1 1 223;
15 1 2 76;
15 1 3 70;
15 1 4 188;
15 1 5 160;
15 1 6 124;
15 1 7 247;
15 1 8 288;
15 1 9 238;
15 1 10 296;
15 2 1 295;
15 2 2 0;
15 2 3 163;
15 2 4 226;
15 2 5 179;
15 2 6 299;
15 2 7 108;
15 2 8 270;
15 2 9 0;
15 2 10 211;
15 3 1 177;
15 3 2 53;
15 3 3 0;
15 3 4 146;
15 3 5 118;
15 3 6 157;
15 3 7 0;
15 3 8 267;
15 3 9 90;
15 3 10 67;
15 4 1 209;
15 4 2 0;
15 4 3 0;
15 4 4 0;
15 4 5 67;
15 4 6 169;
15 4 7 151;
15 4 8 166;
15 4 9 0;
15 4 10 214;
15 5 1 210;
15 5 2 0;
15 5 3 216;
15 5 4 114;
15 5 5 82;
15 5 6 102;
15 5 7 299;
15 5 8 54;
15 5 9 62;
15 5 10 270;
15 6 1 199;
15 6 2 173;
15 6 3 158;
15 6 4 0;
15 6 5 64;
15 6 6 160;
15 6 7 272;
15 6 8 300;
15 6 9 0;
15 6 10 199;
16 1 1 218;
16 1 2 221;
16 1 3 0;
16 1 4 73;
16 1 5 254;
16 1 6 0;
16 1 7 110;
16 1 8 50;
16 1 9 120;
16 1 10 242;
16 2 1 0;
16 2 2 129;
16 2 3 234;
16 2 4 151;
16 2 5 81;
16 2 6 255;
16 2 7 293;
16 2 8 177;
16 2 9 216;
16 2 10 0;
16 3 1 75;
16 3 2 0;
16 3 3 99;
16 3 4 188;
16 3 5 258;
16 3 6 183;
16 3 7 116;
16 3 8 224;
16 3 9 291;
16 3 10 271;
16 4 1 92;
16 4 2 0;
16 4 3 0;
16 4 4 123;
16 4 5 271;
16 4 6 79;
16 4 7 269;
16 4 8 0;
16 4 9 67;
16 4 10 0;
16 5 1 204;
16 5 2 152;
16 5 3 296;
16 5 4 228;
16 5 5 115;
16 5 6 294;
16 5 7 122;
16 5 8 277;
16 5 9 293;
16 5 10 263;
16 6 1 179;
16 6 2 0;
16 6 3 235;
16 6 4 254;
16 6 5 102;
16 6 6 90;
16 6 7 240;
16 6 8 228;
16 6 9 170;
16 6 10 146;
17 1 1 248;
17 1 2 264;
17 1 3 90;
17 1 4 278;
17 1 5 88;
17 1 6 238;
17 1 7 137;
17 1 8 0;
17 1 9 214;
17 1 10 151;
17 2 1 254;
17 2 2 121;
17 2 3 201;
17 2 4 0;
17 2 5 0;
17 2 6 137;
17 2 7 250;
17 2 8 112;
17 2 9 116;
17 2 10 0;
17 3 1 90;
17 3 2 141;
17 3 3 0;
17 3 4 266;
17 3 5 125;
17 3 6 177;
17 3 7 0;
17 3 8 110;
17 3 9 230;
17 3 10 51;
17 4 1 94;
17 4 2 241;
17 4 3 143;
17 4 4 243;
17 4 5 0;
17 4 6 98;
17 4 7 86;
17 4 8 281;
17 4 9 175;
17 4 10 213;
17 5 1 231;
17 5 2 221;
17 5 3 93;
17 5 4 93;
17 5 5 53;
17 5 6 291;
17 5 7 279;
17 5 8 0;
17 5 9 0;
17 5 10 114;
17 6 1 175;
17 6 2 288;
17 6 3 93;
17 6 4 61;
17 6 5 261;
17 6 6 188;
17 6 7 150;
17 6 8 60;
17 6 9 0;
17 6 10 203;
18 1 1 130;
18 1 2 133;
18 1 3 215;
18 1 4 0;
18 1 5 219;
18 1 6 0;
18 1 7 71;
18 1 8 158;
18 1 9 203;
18 1 10 150;
18 2 1 156;
18 2 2 0;
18 2 3 86;
18 2 4 101;
18 2 5 113;
18 2 6 214;
18 2 7 241;
18 2 8 276;
18 2 9 158;
18 2 10 140;
18 3 1 0;
18 3 2 240;
18 3 3 254;
18 3 4 0;
18 3 5 70;
18 3 6 281;
18 3 7 257;
18 3 8 75;
18 3 9 287;
18 3 10 0;
18 4 1 165;
18 4 2 115;
18 4 3 243;
18 4 4 78;
18 4 5 260;
18 4 6 123;
18 4 7 233;
18 4 8 255;
18 4 9 60;
18 4 10 276;
18 5 1 141;
18 5 2 0;
18 5 3 87;
18 5 4 0;
18 5 5 193;
18 5 6 147;
18 5 7 0;
18 5 8 0;
18 5 9 189;
18 5 10 0;
18 6 1 0;
18 6 2 87;
18 6 3 0;
18 6 4 59;
18 6 5 57;
18 6 6 88;
18 6 7 133;
18 6 8 166;
18 6 9 59;
18 6 10 167;
19 1 1 118;
19 1 2 106;
19 1 3 269;
19 1 4 144;
19 1 5 81;
19 1 6 167;
19 1 7 60;
19 1 8 147;
19 1 9 0;
19 1 10 136;
19 2 1 71;
19 2 2 66;
19 2 3 258;
19 2 4 0;
19 2 5 195;
19 2 6 226;
19 2 7 248;
19 2 8 155;
19 2 9 0;
19 2 10 0;
19 3 1 271;
19 3 2 263;
19 3 3 239;
19 3 4 82;
19 3 5 278;
19 3 6 0;
19 3 7 200;
19 3 8 80;
19 3 9 158;
19 3 10 111;
19 4 1 173;
19 4 2 64;
19 4 3 0;
19 4 4 0;
19 4 5 65;
19 4 6 270;
19 4 7 210;
19 4 8 297;
19 4 9 183;
19 4 10 77;
19 5 1 242;
19 5 2 148;
19 5 3 0;
19 5 4 0;
19 5 5 70;
19 5 6 233;
19 5 7 87;
19 5 8 77;
19 5 9 0;
19 5 10 221;
19 6 1 213;
19 6 2 0;
19 6 3 0;
19 6 4 68;
19 6 5 50;
19 6 6 85;
19 6 7 157;
19 6 8 149;
19 6 9 244;
19 6 10 271;
20 1 1 196;
20 1 2 71;
20 1 3 202;
20 1 4 0;
20 1 5 220;
20 1 6 112;
20 1 7 57;
20 1 8 136;
20 1 9 129;
20 1 10 254;
20 2 1 123;
20 2 2 233;
20 2 3 128;
20 2 4 115;
20 2 5 84;
20 2 6 60;
20 2 7 283;
20 2 8 258;
20 2 9 182;
20 2 10 0;
20 3 1 229;
20 3 2 215;
20 3 3 169;
20 3 4 97;
20 3 5 269;
20 3 6 254;
20 3 7 146;
20 3 8 156;
20 3 9 300;
20 3 10 123;
20 4 1 189;
20 4 2 140;
20 4 3 70;
20 4 4 142;
20 4 5 246;
20 4 6 207;
20 4 7 217;
20 4 8 198;
20 4 9 192;
20 4 10 200;
20 5 1 108;
20 5 2 0;
20 5 3 88;
20 5 4 0;
20 5 5 0;
20 5 6 0;
20 5 7 76;
20 5 8 143;
20 5 9 135;
20 5 10 280;
20 6 1 0;
20 6 2 103;
20 6 3 118;
20 6 4 267;
20 6 5 0;
20 6 6 150;
20 6 7 267;
20 6 8 205;
20 6 9 61;
20 6 10 146;
]

global Cap_c = [
1 1 1 18347.0;
1 1 2 18347.0;
1 1 3 18347.0;
1 1 4 18347.0;
1 1 5 18347.0;
1 1 6 18347.0;
1 1 7 18347.0;
1 1 8 18347.0;
1 1 9 18347.0;
1 1 10 18347.0;
1 2 1 18347.0;
1 2 2 18347.0;
1 2 3 18347.0;
1 2 4 18347.0;
1 2 5 18347.0;
1 2 6 18347.0;
1 2 7 18347.0;
1 2 8 18347.0;
1 2 9 18347.0;
1 2 10 18347.0;
2 1 1 18347.0;
2 1 2 18347.0;
2 1 3 18347.0;
2 1 4 18347.0;
2 1 5 18347.0;
2 1 6 18347.0;
2 1 7 18347.0;
2 1 8 18347.0;
2 1 9 18347.0;
2 1 10 18347.0;
2 2 1 18347.0;
2 2 2 18347.0;
2 2 3 18347.0;
2 2 4 18347.0;
2 2 5 18347.0;
2 2 6 18347.0;
2 2 7 18347.0;
2 2 8 18347.0;
2 2 9 18347.0;
2 2 10 18347.0;
3 1 1 18347.0;
3 1 2 18347.0;
3 1 3 18347.0;
3 1 4 18347.0;
3 1 5 18347.0;
3 1 6 18347.0;
3 1 7 18347.0;
3 1 8 18347.0;
3 1 9 18347.0;
3 1 10 18347.0;
3 2 1 18347.0;
3 2 2 18347.0;
3 2 3 18347.0;
3 2 4 18347.0;
3 2 5 18347.0;
3 2 6 18347.0;
3 2 7 18347.0;
3 2 8 18347.0;
3 2 9 18347.0;
3 2 10 18347.0;
4 1 1 18347.0;
4 1 2 18347.0;
4 1 3 18347.0;
4 1 4 18347.0;
4 1 5 18347.0;
4 1 6 18347.0;
4 1 7 18347.0;
4 1 8 18347.0;
4 1 9 18347.0;
4 1 10 18347.0;
4 2 1 18347.0;
4 2 2 18347.0;
4 2 3 18347.0;
4 2 4 18347.0;
4 2 5 18347.0;
4 2 6 18347.0;
4 2 7 18347.0;
4 2 8 18347.0;
4 2 9 18347.0;
4 2 10 18347.0;
5 1 1 18347.0;
5 1 2 18347.0;
5 1 3 18347.0;
5 1 4 18347.0;
5 1 5 18347.0;
5 1 6 18347.0;
5 1 7 18347.0;
5 1 8 18347.0;
5 1 9 18347.0;
5 1 10 18347.0;
5 2 1 18347.0;
5 2 2 18347.0;
5 2 3 18347.0;
5 2 4 18347.0;
5 2 5 18347.0;
5 2 6 18347.0;
5 2 7 18347.0;
5 2 8 18347.0;
5 2 9 18347.0;
5 2 10 18347.0;
6 1 1 18347.0;
6 1 2 18347.0;
6 1 3 18347.0;
6 1 4 18347.0;
6 1 5 18347.0;
6 1 6 18347.0;
6 1 7 18347.0;
6 1 8 18347.0;
6 1 9 18347.0;
6 1 10 18347.0;
6 2 1 18347.0;
6 2 2 18347.0;
6 2 3 18347.0;
6 2 4 18347.0;
6 2 5 18347.0;
6 2 6 18347.0;
6 2 7 18347.0;
6 2 8 18347.0;
6 2 9 18347.0;
6 2 10 18347.0;
]

global Cap_p = [1.93979e6 1.93979e6 1.93979e6 1.93979e6 1.93979e6 1.93979e6 1.93979e6 1.93979e6 1.93979e6 1.93979e6; 1.652413e6 1.652413e6 1.652413e6 1.652413e6 1.652413e6 1.652413e6 1.652413e6 1.652413e6 1.652413e6 1.652413e6]
#-----------------------------------------