###################################################
# Classe 24 : K = 6, M = 2, T = 10, N = 20
# Exemplo: 5.   c24ex05.dat          Semente: 2000
#-----------------------Dados----------------------
global K = 6
global M = 2
global T = 10
global N = 20

global L = [540, 460]

global l = [50, 54, 69, 80, 80, 81, 81, 87, 98, 108, 120, 125, 128, 129, 133, 141, 144, 144, 148, 149]

global Q1 = 1e5
global Q2 = 1e5

global rho = [2.0, 2.0, 2.0, 2.0, 2.0, 2.0]

global b = [1080.0 920.0; 1080.0 920.0; 1080.0 920.0; 1080.0 920.0; 1080.0 920.0; 1080.0 920.0]

global f = [47.52 40.48; 47.52 40.48; 47.52 40.48; 47.52 40.48; 47.52 40.48; 47.52 40.48]

global c_km = [31.32 19.32; 32.4 37.72; 45.36 37.72; 33.48 22.08; 22.68 18.4; 35.64 18.4]

global p_km = [4.291 2.647; 4.439 5.168; 6.214 5.168; 4.587 3.025; 3.107 2.521; 4.883 2.521]

global c_x = [
1 1 1 21.924;
1 1 2 21.924;
1 1 3 21.924;
1 1 4 21.924;
1 1 5 21.924;
1 1 6 21.924;
1 1 7 21.924;
1 1 8 21.924;
1 1 9 21.924;
1 1 10 21.924;
1 2 1 16.652;
1 2 2 16.652;
1 2 3 16.652;
1 2 4 16.652;
1 2 5 16.652;
1 2 6 16.652;
1 2 7 16.652;
1 2 8 16.652;
1 2 9 16.652;
1 2 10 16.652;
2 1 1 25.164;
2 1 2 25.164;
2 1 3 25.164;
2 1 4 25.164;
2 1 5 25.164;
2 1 6 25.164;
2 1 7 25.164;
2 1 8 25.164;
2 1 9 25.164;
2 1 10 25.164;
2 2 1 20.24;
2 2 2 20.24;
2 2 3 20.24;
2 2 4 20.24;
2 2 5 20.24;
2 2 6 20.24;
2 2 7 20.24;
2 2 8 20.24;
2 2 9 20.24;
2 2 10 20.24;
3 1 1 20.952;
3 1 2 20.952;
3 1 3 20.952;
3 1 4 20.952;
3 1 5 20.952;
3 1 6 20.952;
3 1 7 20.952;
3 1 8 20.952;
3 1 9 20.952;
3 1 10 20.952;
3 2 1 21.16;
3 2 2 21.16;
3 2 3 21.16;
3 2 4 21.16;
3 2 5 21.16;
3 2 6 21.16;
3 2 7 21.16;
3 2 8 21.16;
3 2 9 21.16;
3 2 10 21.16;
4 1 1 17.064;
4 1 2 17.064;
4 1 3 17.064;
4 1 4 17.064;
4 1 5 17.064;
4 1 6 17.064;
4 1 7 17.064;
4 1 8 17.064;
4 1 9 17.064;
4 1 10 17.064;
4 2 1 23.0;
4 2 2 23.0;
4 2 3 23.0;
4 2 4 23.0;
4 2 5 23.0;
4 2 6 23.0;
4 2 7 23.0;
4 2 8 23.0;
4 2 9 23.0;
4 2 10 23.0;
5 1 1 20.735;
5 1 2 20.735;
5 1 3 20.735;
5 1 4 20.735;
5 1 5 20.735;
5 1 6 20.735;
5 1 7 20.735;
5 1 8 20.735;
5 1 9 20.735;
5 1 10 20.735;
5 2 1 19.779;
5 2 2 19.779;
5 2 3 19.779;
5 2 4 19.779;
5 2 5 19.779;
5 2 6 19.779;
5 2 7 19.779;
5 2 8 19.779;
5 2 9 19.779;
5 2 10 19.779;
6 1 1 17.712;
6 1 2 17.712;
6 1 3 17.712;
6 1 4 17.712;
6 1 5 17.712;
6 1 6 17.712;
6 1 7 17.712;
6 1 8 17.712;
6 1 9 17.712;
6 1 10 17.712;
6 2 1 18.952;
6 2 2 18.952;
6 2 3 18.952;
6 2 4 18.952;
6 2 5 18.952;
6 2 6 18.952;
6 2 7 18.952;
6 2 8 18.952;
6 2 9 18.952;
6 2 10 18.952;
]

global c_z = [
1 1 1 0.658;
1 1 2 0.658;
1 1 3 0.658;
1 1 4 0.658;
1 1 5 0.658;
1 1 6 0.658;
1 1 7 0.658;
1 1 8 0.658;
1 1 9 0.658;
1 1 10 0.658;
1 2 1 0.683;
1 2 2 0.683;
1 2 3 0.683;
1 2 4 0.683;
1 2 5 0.683;
1 2 6 0.683;
1 2 7 0.683;
1 2 8 0.683;
1 2 9 0.683;
1 2 10 0.683;
2 1 1 0.931;
2 1 2 0.931;
2 1 3 0.931;
2 1 4 0.931;
2 1 5 0.931;
2 1 6 0.931;
2 1 7 0.931;
2 1 8 0.931;
2 1 9 0.931;
2 1 10 0.931;
2 2 1 1.012;
2 2 2 1.012;
2 2 3 1.012;
2 2 4 1.012;
2 2 5 1.012;
2 2 6 1.012;
2 2 7 1.012;
2 2 8 1.012;
2 2 9 1.012;
2 2 10 1.012;
3 1 1 0.838;
3 1 2 0.838;
3 1 3 0.838;
3 1 4 0.838;
3 1 5 0.838;
3 1 6 0.838;
3 1 7 0.838;
3 1 8 0.838;
3 1 9 0.838;
3 1 10 0.838;
3 2 1 0.952;
3 2 2 0.952;
3 2 3 0.952;
3 2 4 0.952;
3 2 5 0.952;
3 2 6 0.952;
3 2 7 0.952;
3 2 8 0.952;
3 2 9 0.952;
3 2 10 0.952;
4 1 1 0.836;
4 1 2 0.836;
4 1 3 0.836;
4 1 4 0.836;
4 1 5 0.836;
4 1 6 0.836;
4 1 7 0.836;
4 1 8 0.836;
4 1 9 0.836;
4 1 10 0.836;
4 2 1 0.736;
4 2 2 0.736;
4 2 3 0.736;
4 2 4 0.736;
4 2 5 0.736;
4 2 6 0.736;
4 2 7 0.736;
4 2 8 0.736;
4 2 9 0.736;
4 2 10 0.736;
5 1 1 0.788;
5 1 2 0.788;
5 1 3 0.788;
5 1 4 0.788;
5 1 5 0.788;
5 1 6 0.788;
5 1 7 0.788;
5 1 8 0.788;
5 1 9 0.788;
5 1 10 0.788;
5 2 1 0.91;
5 2 2 0.91;
5 2 3 0.91;
5 2 4 0.91;
5 2 5 0.91;
5 2 6 0.91;
5 2 7 0.91;
5 2 8 0.91;
5 2 9 0.91;
5 2 10 0.91;
6 1 1 0.762;
6 1 2 0.762;
6 1 3 0.762;
6 1 4 0.762;
6 1 5 0.762;
6 1 6 0.762;
6 1 7 0.762;
6 1 8 0.762;
6 1 9 0.762;
6 1 10 0.762;
6 2 1 0.682;
6 2 2 0.682;
6 2 3 0.682;
6 2 4 0.682;
6 2 5 0.682;
6 2 6 0.682;
6 2 7 0.682;
6 2 8 0.682;
6 2 9 0.682;
6 2 10 0.682;
]

global c_y = [
1 1 1 3.069;
1 1 2 3.069;
1 1 3 3.069;
1 1 4 3.069;
1 1 5 3.069;
1 1 6 3.069;
1 1 7 3.069;
1 1 8 3.069;
1 1 9 3.069;
1 1 10 3.069;
1 2 1 2.498;
1 2 2 2.498;
1 2 3 2.498;
1 2 4 2.498;
1 2 5 2.498;
1 2 6 2.498;
1 2 7 2.498;
1 2 8 2.498;
1 2 9 2.498;
1 2 10 2.498;
2 1 1 2.516;
2 1 2 2.516;
2 1 3 2.516;
2 1 4 2.516;
2 1 5 2.516;
2 1 6 2.516;
2 1 7 2.516;
2 1 8 2.516;
2 1 9 2.516;
2 1 10 2.516;
2 2 1 3.036;
2 2 2 3.036;
2 2 3 3.036;
2 2 4 3.036;
2 2 5 3.036;
2 2 6 3.036;
2 2 7 3.036;
2 2 8 3.036;
2 2 9 3.036;
2 2 10 3.036;
3 1 1 2.305;
3 1 2 2.305;
3 1 3 2.305;
3 1 4 2.305;
3 1 5 2.305;
3 1 6 2.305;
3 1 7 2.305;
3 1 8 2.305;
3 1 9 2.305;
3 1 10 2.305;
3 2 1 2.328;
3 2 2 2.328;
3 2 3 2.328;
3 2 4 2.328;
3 2 5 2.328;
3 2 6 2.328;
3 2 7 2.328;
3 2 8 2.328;
3 2 9 2.328;
3 2 10 2.328;
4 1 1 2.389;
4 1 2 2.389;
4 1 3 2.389;
4 1 4 2.389;
4 1 5 2.389;
4 1 6 2.389;
4 1 7 2.389;
4 1 8 2.389;
4 1 9 2.389;
4 1 10 2.389;
4 2 1 2.3;
4 2 2 2.3;
4 2 3 2.3;
4 2 4 2.3;
4 2 5 2.3;
4 2 6 2.3;
4 2 7 2.3;
4 2 8 2.3;
4 2 9 2.3;
4 2 10 2.3;
5 1 1 2.488;
5 1 2 2.488;
5 1 3 2.488;
5 1 4 2.488;
5 1 5 2.488;
5 1 6 2.488;
5 1 7 2.488;
5 1 8 2.488;
5 1 9 2.488;
5 1 10 2.488;
5 2 1 2.571;
5 2 2 2.571;
5 2 3 2.571;
5 2 4 2.571;
5 2 5 2.571;
5 2 6 2.571;
5 2 7 2.571;
5 2 8 2.571;
5 2 9 2.571;
5 2 10 2.571;
6 1 1 2.657;
6 1 2 2.657;
6 1 3 2.657;
6 1 4 2.657;
6 1 5 2.657;
6 1 6 2.657;
6 1 7 2.657;
6 1 8 2.657;
6 1 9 2.657;
6 1 10 2.657;
6 2 1 2.843;
6 2 2 2.843;
6 2 3 2.843;
6 2 4 2.843;
6 2 5 2.843;
6 2 6 2.843;
6 2 7 2.843;
6 2 8 2.843;
6 2 9 2.843;
6 2 10 2.843;
]

global c_sc = [
1 1 1 0.12;
1 1 2 0.12;
1 1 3 0.12;
1 1 4 0.12;
1 1 5 0.12;
1 1 6 0.12;
1 1 7 0.12;
1 1 8 0.12;
1 1 9 0.12;
1 1 10 0.12;
1 2 1 0.075;
1 2 2 0.075;
1 2 3 0.075;
1 2 4 0.075;
1 2 5 0.075;
1 2 6 0.075;
1 2 7 0.075;
1 2 8 0.075;
1 2 9 0.075;
1 2 10 0.075;
2 1 1 0.086;
2 1 2 0.086;
2 1 3 0.086;
2 1 4 0.086;
2 1 5 0.086;
2 1 6 0.086;
2 1 7 0.086;
2 1 8 0.086;
2 1 9 0.086;
2 1 10 0.086;
2 2 1 0.134;
2 2 2 0.134;
2 2 3 0.134;
2 2 4 0.134;
2 2 5 0.134;
2 2 6 0.134;
2 2 7 0.134;
2 2 8 0.134;
2 2 9 0.134;
2 2 10 0.134;
3 1 1 0.081;
3 1 2 0.081;
3 1 3 0.081;
3 1 4 0.081;
3 1 5 0.081;
3 1 6 0.081;
3 1 7 0.081;
3 1 8 0.081;
3 1 9 0.081;
3 1 10 0.081;
3 2 1 0.107;
3 2 2 0.107;
3 2 3 0.107;
3 2 4 0.107;
3 2 5 0.107;
3 2 6 0.107;
3 2 7 0.107;
3 2 8 0.107;
3 2 9 0.107;
3 2 10 0.107;
4 1 1 0.074;
4 1 2 0.074;
4 1 3 0.074;
4 1 4 0.074;
4 1 5 0.074;
4 1 6 0.074;
4 1 7 0.074;
4 1 8 0.074;
4 1 9 0.074;
4 1 10 0.074;
4 2 1 0.069;
4 2 2 0.069;
4 2 3 0.069;
4 2 4 0.069;
4 2 5 0.069;
4 2 6 0.069;
4 2 7 0.069;
4 2 8 0.069;
4 2 9 0.069;
4 2 10 0.069;
5 1 1 0.085;
5 1 2 0.085;
5 1 3 0.085;
5 1 4 0.085;
5 1 5 0.085;
5 1 6 0.085;
5 1 7 0.085;
5 1 8 0.085;
5 1 9 0.085;
5 1 10 0.085;
5 2 1 0.126;
5 2 2 0.126;
5 2 3 0.126;
5 2 4 0.126;
5 2 5 0.126;
5 2 6 0.126;
5 2 7 0.126;
5 2 8 0.126;
5 2 9 0.126;
5 2 10 0.126;
6 1 1 0.128;
6 1 2 0.128;
6 1 3 0.128;
6 1 4 0.128;
6 1 5 0.128;
6 1 6 0.128;
6 1 7 0.128;
6 1 8 0.128;
6 1 9 0.128;
6 1 10 0.128;
6 2 1 0.136;
6 2 2 0.136;
6 2 3 0.136;
6 2 4 0.136;
6 2 5 0.136;
6 2 6 0.136;
6 2 7 0.136;
6 2 8 0.136;
6 2 9 0.136;
6 2 10 0.136;
]

global c_w = [
1 1 1 0.57;
1 1 2 0.57;
1 1 3 0.57;
1 1 4 0.57;
1 1 5 0.57;
1 1 6 0.57;
1 1 7 0.57;
1 1 8 0.57;
1 1 9 0.57;
1 1 10 0.57;
1 2 1 0.167;
1 2 2 0.167;
1 2 3 0.167;
1 2 4 0.167;
1 2 5 0.167;
1 2 6 0.167;
1 2 7 0.167;
1 2 8 0.167;
1 2 9 0.167;
1 2 10 0.167;
2 1 1 0.377;
2 1 2 0.377;
2 1 3 0.377;
2 1 4 0.377;
2 1 5 0.377;
2 1 6 0.377;
2 1 7 0.377;
2 1 8 0.377;
2 1 9 0.377;
2 1 10 0.377;
2 2 1 0.405;
2 2 2 0.405;
2 2 3 0.405;
2 2 4 0.405;
2 2 5 0.405;
2 2 6 0.405;
2 2 7 0.405;
2 2 8 0.405;
2 2 9 0.405;
2 2 10 0.405;
3 1 1 0.419;
3 1 2 0.419;
3 1 3 0.419;
3 1 4 0.419;
3 1 5 0.419;
3 1 6 0.419;
3 1 7 0.419;
3 1 8 0.419;
3 1 9 0.419;
3 1 10 0.419;
3 2 1 0.529;
3 2 2 0.529;
3 2 3 0.529;
3 2 4 0.529;
3 2 5 0.529;
3 2 6 0.529;
3 2 7 0.529;
3 2 8 0.529;
3 2 9 0.529;
3 2 10 0.529;
4 1 1 0.171;
4 1 2 0.171;
4 1 3 0.171;
4 1 4 0.171;
4 1 5 0.171;
4 1 6 0.171;
4 1 7 0.171;
4 1 8 0.171;
4 1 9 0.171;
4 1 10 0.171;
4 2 1 0.69;
4 2 2 0.69;
4 2 3 0.69;
4 2 4 0.69;
4 2 5 0.69;
4 2 6 0.69;
4 2 7 0.69;
4 2 8 0.69;
4 2 9 0.69;
4 2 10 0.69;
5 1 1 0.498;
5 1 2 0.498;
5 1 3 0.498;
5 1 4 0.498;
5 1 5 0.498;
5 1 6 0.498;
5 1 7 0.498;
5 1 8 0.498;
5 1 9 0.498;
5 1 10 0.498;
5 2 1 0.415;
5 2 2 0.415;
5 2 3 0.415;
5 2 4 0.415;
5 2 5 0.415;
5 2 6 0.415;
5 2 7 0.415;
5 2 8 0.415;
5 2 9 0.415;
5 2 10 0.415;
6 1 1 0.443;
6 1 2 0.443;
6 1 3 0.443;
6 1 4 0.443;
6 1 5 0.443;
6 1 6 0.443;
6 1 7 0.443;
6 1 8 0.443;
6 1 9 0.443;
6 1 10 0.443;
6 2 1 0.55;
6 2 2 0.55;
6 2 3 0.55;
6 2 4 0.55;
6 2 5 0.55;
6 2 6 0.55;
6 2 7 0.55;
6 2 8 0.55;
6 2 9 0.55;
6 2 10 0.55;
]

global c_e = [
1 1 1 0.043938791732909384;
1 1 2 0.043938791732909384;
1 1 3 0.030757154213036566;
1 1 4 0.04100953895071543;
1 1 5 0.04174185214626391;
1 1 6 0.04100953895071543;
1 1 7 0.030024841017488077;
1 1 8 0.031489467408585055;
1 1 9 0.04174185214626391;
1 1 10 0.03661565977742448;
1 2 1 0.042736486486486494;
1 2 2 0.04506756756756756;
1 2 3 0.04429054054054053;
1 2 4 0.03341216216216216;
1 2 5 0.03496621621621621;
1 2 6 0.032635135135135135;
1 2 7 0.03574324324324324;
1 2 8 0.03652027027027027;
1 2 9 0.03574324324324324;
1 2 10 0.0372972972972973;
1 3 1 0.048982511923688396;
1 3 2 0.038620826709062;
1 3 3 0.04144674085850556;
1 3 4 0.04992448330683625;
1 3 5 0.046156597774244836;
1 3 6 0.039562798092209854;
1 3 7 0.04804054054054054;
1 3 8 0.039562798092209854;
1 3 9 0.04050476947535771;
1 3 10 0.04521462639109698;
1 4 1 0.0461983306836248;
1 4 2 0.043631756756756755;
1 4 3 0.03764308426073132;
1 4 4 0.04020965818759936;
1 4 5 0.04534280604133545;
1 4 6 0.03593203497615262;
1 4 7 0.0444872813990461;
1 4 8 0.04705385532591415;
1 4 9 0.0461983306836248;
1 4 10 0.034220985691573926;
1 5 1 0.05171005564387917;
1 5 2 0.04173092209856916;
1 5 3 0.04354531001589826;
1 5 4 0.04808127980922099;
1 5 5 0.04989566772655009;
1 5 6 0.04263811605723371;
1 5 7 0.054431637519872816;
1 5 8 0.04082372813990461;
1 5 9 0.05080286168521464;
1 5 10 0.03810214626391097;
1 6 1 0.05229431637519873;
1 6 2 0.042427464228934814;
1 6 3 0.050320945945945945;
1 6 4 0.05229431637519873;
1 6 5 0.05130763116057233;
1 6 6 0.054267686804451515;
1 6 7 0.059201112877583464;
1 6 8 0.04736089030206677;
1 6 9 0.05525437201907791;
1 6 10 0.05525437201907791;
2 1 1 0.04429030206677266;
2 1 2 0.03638131955484897;
2 1 3 0.04745389507154213;
2 1 4 0.04745389507154213;
2 1 5 0.0355904213036566;
2 1 6 0.034008624801271856;
2 1 7 0.04666299682034976;
2 1 8 0.03638131955484897;
2 1 9 0.04745389507154213;
2 1 10 0.04666299682034976;
2 2 1 0.03440675675675675;
2 2 2 0.039441891891891886;
2 2 3 0.04867297297297297;
2 2 4 0.03440675675675675;
2 2 5 0.039441891891891886;
2 2 6 0.039441891891891886;
2 2 7 0.039441891891891886;
2 2 8 0.04531621621621622;
2 2 9 0.04363783783783784;
2 2 10 0.04951216216216216;
2 3 1 0.04577980922098569;
2 3 2 0.05595310015898251;
2 3 3 0.05900508744038155;
2 3 4 0.05391844197138315;
2 3 5 0.05391844197138315;
2 3 6 0.05900508744038155;
2 3 7 0.04679713831478537;
2 3 8 0.042727821939586644;
2 3 9 0.05391844197138315;
2 3 10 0.06103974562798092;
2 4 1 0.050818163751987284;
2 4 2 0.049894197138314784;
2 4 3 0.040654531001589826;
2 4 4 0.048970230524642284;
2 4 5 0.04157849761526232;
2 4 6 0.03695866454689984;
2 4 7 0.044350397456279805;
2 4 8 0.0461983306836248;
2 4 9 0.05359006359300476;
2 4 10 0.05543799682034976;
2 5 1 0.053887321144674094;
2 5 2 0.052907551669316384;
2 5 3 0.0460491653418124;
2 5 4 0.04115031796502385;
2 5 5 0.04310985691573928;
2 5 6 0.040170548489666134;
2 5 7 0.057806399046104934;
2 5 8 0.04800870429252783;
2 5 9 0.058786168521462644;
2 5 10 0.04213008744038156;
2 6 1 0.055412241653418126;
2 6 2 0.043690421303656586;
2 6 3 0.05967472178060414;
2 6 4 0.06074034181240063;
2 6 5 0.06287158187599363;
2 6 6 0.053281001589825114;
2 6 7 0.05754348171701113;
2 6 8 0.0447560413354531;
2 6 9 0.053281001589825114;
2 6 10 0.042624801271860094;
3 1 1 0.04547664944356121;
3 1 2 0.04244487281399046;
3 1 3 0.05052961049284579;
3 1 4 0.05962494038155803;
3 1 5 0.05356138712241654;
3 1 6 0.04749783386327504;
3 1 7 0.04850842607313195;
3 1 8 0.05255079491255962;
3 1 9 0.057603755961844194;
3 1 10 0.04244487281399046;
3 2 1 0.045036486486486484;
3 2 2 0.05575945945945946;
3 2 3 0.053614864864864865;
3 2 4 0.042891891891891895;
3 2 5 0.05254256756756757;
3 2 6 0.05039797297297297;
3 2 7 0.05790405405405406;
3 2 8 0.06219324324324323;
3 2 9 0.05147027027027026;
3 2 10 0.053614864864864865;
3 3 1 0.05199682034976153;
3 3 2 0.07669531001589826;
3 3 3 0.07669531001589826;
3 3 4 0.06889578696343403;
3 3 5 0.059796343402225755;
3 3 6 0.06629594594594594;
3 3 7 0.07799523052464229;
3 3 8 0.06239618441971383;
3 3 9 0.06239618441971383;
3 3 10 0.06239618441971383;
3 4 1 0.06965681637519873;
3 4 2 0.04840558426073131;
3 4 3 0.04840558426073131;
3 4 4 0.06847619236883941;
3 4 5 0.06257307233704291;
3 4 6 0.04840558426073131;
3 4 7 0.055489328298887114;
3 4 8 0.06493432034976153;
3 4 9 0.051947456279809213;
3 4 10 0.06611494435612082;
3 5 1 0.07511565977742449;
3 5 2 0.07511565977742449;
3 5 3 0.050077106518282996;
3 5 4 0.07511565977742449;
3 5 5 0.06384831081081081;
3 5 6 0.060092527821939586;
3 5 7 0.07010794912559619;
3 5 8 0.06760409379968205;
3 5 9 0.06760409379968205;
3 5 10 0.06635216613672497;
3 6 1 0.06535802861685214;
3 6 2 0.0558266494435612;
3 6 3 0.07488940779014308;
3 6 4 0.059911526232114466;
3 6 5 0.0558266494435612;
3 6 6 0.07897428457869633;
3 6 7 0.08169753577106517;
3 6 8 0.08033591017488076;
3 6 9 0.05854990063593004;
3 6 10 0.06808127980922098;
4 1 1 0.05272655007949126;
4 1 2 0.04803974562798092;
4 1 3 0.058585055643879176;
4 1 4 0.059756756756756756;
4 1 5 0.06678696343402225;
4 1 6 0.06561526232114469;
4 1 7 0.06913036565977743;
4 1 8 0.058585055643879176;
4 1 9 0.05272655007949126;
4 1 10 0.04803974562798092;
4 2 1 0.050972972972972964;
4 2 2 0.06962162162162162;
4 2 3 0.06091891891891892;
4 2 4 0.07210810810810811;
4 2 5 0.06091891891891892;
4 2 6 0.05345945945945946;
4 2 7 0.050972972972972964;
4 2 8 0.0634054054054054;
4 2 9 0.04972972972972973;
4 2 10 0.05345945945945946;
4 3 1 0.07385055643879174;
4 3 2 0.07234340222575517;
4 3 3 0.09042925278219396;
4 3 4 0.07987917329093801;
4 3 5 0.06480763116057234;
4 3 6 0.07837201907790144;
4 3 7 0.06330047694753577;
4 3 8 0.07987917329093801;
4 3 9 0.08289348171701112;
4 3 10 0.06480763116057234;
4 4 1 0.06844197138314785;
4 4 2 0.06433545310015897;
4 4 3 0.0793926868044515;
4 4 4 0.0698108108108108;
4 4 5 0.07254848966613672;
4 4 6 0.06570429252782194;
4 4 7 0.08076152623211445;
4 4 8 0.07391732909379968;
4 4 9 0.05612241653418123;
4 4 10 0.0698108108108108;
4 5 1 0.07257551669316376;
4 5 2 0.06822098569157392;
4 5 3 0.06531796502384739;
4 5 4 0.06822098569157392;
4 5 5 0.07547853736089032;
4 5 6 0.08273608903020667;
4 5 7 0.06676947535771066;
4 5 8 0.06531796502384739;
4 5 9 0.06822098569157392;
4 5 10 0.07112400635930048;
4 6 1 0.06314785373608903;
4 6 2 0.0805135135135135;
4 6 3 0.08998569157392686;
4 6 4 0.0741987281399046;
4 6 5 0.07104133545310015;
4 6 6 0.07893481717011128;
4 6 7 0.0805135135135135;
4 6 8 0.0805135135135135;
4 6 9 0.0741987281399046;
4 6 10 0.08367090620031797;
5 1 1 0.056241653418124;
5 1 2 0.0574133545310016;
5 1 3 0.049211446740858505;
5 1 4 0.059756756756756756;
5 1 5 0.06561526232114469;
5 1 6 0.0574133545310016;
5 1 7 0.059756756756756756;
5 1 8 0.06327186009538951;
5 1 9 0.049211446740858505;
5 1 10 0.049211446740858505;
5 2 1 0.0658918918918919;
5 2 2 0.06464864864864865;
5 2 3 0.06091891891891892;
5 2 4 0.05967567567567567;
5 2 5 0.06091891891891892;
5 2 6 0.06216216216216216;
5 2 7 0.050972972972972964;
5 2 8 0.06464864864864865;
5 2 9 0.07335135135135135;
5 2 10 0.07335135135135135;
5 3 1 0.06631478537360891;
5 3 2 0.06631478537360891;
5 3 3 0.06782193958664547;
5 3 4 0.08289348171701112;
5 3 5 0.06480763116057234;
5 3 6 0.06932909379968204;
5 3 7 0.06330047694753577;
5 3 8 0.06782193958664547;
5 3 9 0.07837201907790144;
5 3 10 0.061793322734499195;
5 4 1 0.05886009538950714;
5 4 2 0.05612241653418123;
5 4 3 0.08076152623211445;
5 4 4 0.07117965023847377;
5 4 5 0.060228934817170114;
5 4 6 0.07802384737678854;
5 4 7 0.05612241653418123;
5 4 8 0.0670731319554849;
5 4 9 0.06433545310015897;
5 4 10 0.07528616852146264;
5 5 1 0.08563910969793323;
5 5 2 0.08563910969793323;
5 5 3 0.07838155802861686;
5 5 4 0.06967249602543721;
5 5 5 0.05806041335453101;
5 5 6 0.07838155802861686;
5 5 7 0.08418759936406996;
5 5 8 0.05951192368839428;
5 5 9 0.05806041335453101;
5 5 10 0.07693004769475359;
5 6 1 0.09156438791732908;
5 6 2 0.08524960254372019;
5 6 3 0.08998569157392686;
5 6 4 0.09314308426073131;
5 6 5 0.08524960254372019;
5 6 6 0.08367090620031797;
5 6 7 0.08367090620031797;
5 6 8 0.09156438791732908;
5 6 9 0.08524960254372019;
5 6 10 0.09472178060413354;
6 1 1 0.06169006359300478;
6 1 2 0.06169006359300478;
6 1 3 0.05457197933227346;
6 1 4 0.052199284578696346;
6 1 5 0.05101293720190779;
6 1 6 0.05931736883942766;
6 1 7 0.058131021462639106;
6 1 8 0.06880814785373608;
6 1 9 0.048640242448330685;
6 1 10 0.05575832670906201;
6 2 1 0.07175067567567567;
6 2 2 0.050351351351351346;
6 2 3 0.0704918918918919;
6 2 4 0.06042162162162161;
6 2 5 0.056645270270270276;
6 2 6 0.06419797297297297;
6 2 7 0.0704918918918919;
6 2 8 0.06419797297297297;
6 2 9 0.05916283783783784;
6 2 10 0.06923310810810811;
6 3 1 0.06256573926868045;
6 3 2 0.0869816375198728;
6 3 3 0.08240365659777425;
6 3 4 0.06561772655007948;
6 3 5 0.06409173290937996;
6 3 6 0.07477368839427663;
6 3 7 0.06103974562798092;
6 3 8 0.06409173290937996;
6 3 9 0.06866971383147855;
6 3 10 0.07172170111287758;
6 4 1 0.06513964626391096;
6 4 2 0.08038509538950714;
6 4 3 0.08038509538950714;
6 4 4 0.0665255961844197;
6 4 5 0.0665255961844197;
6 4 6 0.07899914546899839;
6 4 7 0.08315699523052464;
6 4 8 0.07345534578696343;
6 4 9 0.07761319554848967;
6 4 10 0.0665255961844197;
6 5 1 0.06319513116057233;
6 5 2 0.06613443958664549;
6 5 3 0.07936132750397458;
6 5 4 0.0734827106518283;
6 5 5 0.08377029014308426;
6 5 6 0.08230063593004772;
6 5 7 0.06025582273449921;
6 5 8 0.0734827106518283;
6 5 9 0.06025582273449921;
6 5 10 0.08083098171701114;
6 6 1 0.08151993243243243;
6 6 2 0.09430737281399046;
6 6 3 0.09111051271860093;
6 6 4 0.07352778219395867;
6 6 5 0.07992150238473768;
6 6 6 0.07832307233704291;
6 6 7 0.06713406200317965;
6 6 8 0.07672464228934815;
6 6 9 0.08631522257551669;
6 6 10 0.07033092209856916;
7 1 1 0.05101293720190779;
7 1 2 0.06999449523052464;
7 1 3 0.048640242448330685;
7 1 4 0.04745389507154213;
7 1 5 0.05694467408585055;
7 1 6 0.06999449523052464;
7 1 7 0.06999449523052464;
7 1 8 0.06406275834658189;
7 1 9 0.06880814785373608;
7 1 10 0.0711808426073132;
7 2 1 0.0704918918918919;
7 2 2 0.0704918918918919;
7 2 3 0.0616804054054054;
7 2 4 0.05916283783783784;
7 2 5 0.056645270270270276;
7 2 6 0.056645270270270276;
7 2 7 0.07426824324324324;
7 2 8 0.07426824324324324;
7 2 9 0.052868918918918914;
7 2 10 0.06293918918918918;
7 3 1 0.06256573926868045;
7 3 2 0.06409173290937996;
7 3 3 0.06561772655007948;
7 3 4 0.08392965023847378;
7 3 5 0.07629968203497615;
7 3 6 0.06866971383147855;
7 3 7 0.08392965023847378;
7 3 8 0.09003362480127186;
7 3 9 0.07782567567567568;
7 3 10 0.06409173290937996;
7 4 1 0.0692974960254372;
7 4 2 0.07068344594594594;
7 4 3 0.07761319554848967;
7 4 4 0.08038509538950714;
7 4 5 0.06236774642289348;
7 4 6 0.0692974960254372;
7 4 7 0.0720693958664547;
7 4 8 0.06513964626391096;
7 4 9 0.07345534578696343;
7 4 10 0.06513964626391096;
7 5 1 0.07642201907790144;
7 5 2 0.077891673290938;
7 5 3 0.08523994435612083;
7 5 4 0.07201305643879173;
7 5 5 0.061725476947535766;
7 5 6 0.06466478537360891;
7 5 7 0.07495236486486488;
7 5 8 0.058786168521462644;
7 5 9 0.06025582273449921;
7 5 10 0.077891673290938;
7 6 1 0.09111051271860093;
7 6 2 0.09590580286168521;
7 6 3 0.07512621224165342;
7 6 4 0.06393720190779013;
7 6 5 0.07672464228934815;
7 6 6 0.07512621224165342;
7 6 7 0.07192935214626392;
7 6 8 0.0927089427662957;
7 6 9 0.07512621224165342;
7 6 10 0.07672464228934815;
8 1 1 0.0637112480127186;
8 1 2 0.054791673290937995;
8 1 3 0.07517927265500794;
8 1 4 0.05096899841017489;
8 1 5 0.05351744833068362;
8 1 6 0.0688081478537361;
8 1 7 0.0637112480127186;
8 1 8 0.061162798092209855;
8 1 9 0.07645349761526232;
8 1 10 0.062437023052464236;
8 2 1 0.05408108108108109;
8 2 2 0.05948918918918919;
8 2 3 0.0797695945945946;
8 2 4 0.06895337837837837;
8 2 5 0.06489729729729729;
8 2 6 0.0811216216216216;
8 2 7 0.06624932432432433;
8 2 8 0.06219324324324325;
8 2 9 0.06489729729729729;
8 2 10 0.06895337837837837;
8 3 1 0.07047829888712241;
8 3 2 0.07867344992050875;
8 3 3 0.06556120826709062;
8 3 4 0.07703441971383147;
8 3 5 0.08686860095389506;
8 3 6 0.06883926868044515;
8 3 7 0.09178569157392688;
8 3 8 0.06556120826709062;
8 3 9 0.07047829888712241;
8 3 10 0.07703441971383147;
8 4 1 0.0833623211446741;
8 4 2 0.08485093402225753;
8 4 3 0.08187370826709062;
8 4 4 0.08187370826709062;
8 4 5 0.0833623211446741;
8 4 6 0.08187370826709062;
8 4 7 0.08782815977742447;
8 4 8 0.06401035373608902;
8 4 9 0.07145341812400635;
8 4 10 0.06996480524642289;
8 5 1 0.08050439189189189;
8 5 2 0.06629773449920509;
8 5 3 0.07576883942766297;
8 5 4 0.08366142686804452;
8 5 5 0.07261180445151035;
8 5 6 0.09155401430842607;
8 5 7 0.08050439189189189;
8 5 8 0.06945476947535772;
8 5 9 0.06629773449920509;
8 5 10 0.08366142686804452;
8 6 1 0.08927527821939586;
8 6 2 0.09614260731319556;
8 6 3 0.08927527821939586;
8 6 4 0.08240794912559618;
8 6 5 0.1012931041335453;
8 6 6 0.07382378775834657;
8 6 7 0.07039012321144672;
8 6 8 0.07210695548489665;
8 6 9 0.0755406200317965;
8 6 10 0.1012931041335453;
9 1 1 0.07176669316375199;
9 1 2 0.08181403020667725;
9 1 3 0.07320202702702704;
9 1 4 0.06171935612082671;
9 1 5 0.06889602543720191;
9 1 6 0.07320202702702704;
9 1 7 0.07320202702702704;
9 1 8 0.07463736089030207;
9 1 9 0.07320202702702704;
9 1 10 0.07750802861685215;
9 2 1 0.09137837837837837;
9 2 2 0.06244189189189189;
9 2 3 0.06396486486486486;
9 2 4 0.07614864864864865;
9 2 5 0.08071756756756757;
9 2 6 0.07614864864864865;
9 2 7 0.06853378378378379;
9 2 8 0.07005675675675677;
9 2 9 0.06701081081081081;
9 2 10 0.07005675675675677;
9 3 1 0.07385055643879174;
9 3 2 0.1052370429252782;
9 3 3 0.09231319554848967;
9 3 4 0.0849281399046105;
9 3 5 0.1052370429252782;
9 3 6 0.09046693163751987;
9 3 7 0.0849281399046105;
9 3 8 0.1052370429252782;
9 3 9 0.10339077901430843;
9 3 10 0.07754308426073131;
9 4 1 0.09557921303656595;
9 4 2 0.07042678855325912;
9 4 3 0.07545727344992051;
9 4 4 0.06874996025437201;
9 4 5 0.08887189984101748;
9 4 6 0.08719507154213035;
9 4 7 0.09390238473767885;
9 4 8 0.08048775834658187;
9 4 9 0.08551824324324324;
9 4 10 0.07042678855325912;
9 5 1 0.10490790937996822;
9 5 2 0.08179260731319557;
9 5 3 0.08534880763116058;
9 5 4 0.072902106518283;
9 5 5 0.07645830683624802;
9 5 6 0.09601740858505566;
9 5 7 0.08001450715421304;
9 5 8 0.08001450715421304;
9 5 9 0.08001450715421304;
9 5 10 0.0889050079491256;
9 6 1 0.09282734499205086;
9 6 2 0.09862905405405406;
9 6 3 0.09476124801271858;
9 6 4 0.08895953895071543;
9 6 5 0.09862905405405406;
9 6 6 0.09862905405405406;
9 6 7 0.11216637519872813;
9 6 8 0.08509173290937996;
9 6 9 0.10443076311605723;
9 6 10 0.0870256359300477;
10 1 1 0.08067162162162161;
10 1 2 0.06485365659777424;
10 1 3 0.07750802861685215;
10 1 4 0.08858060413354532;
10 1 5 0.07750802861685215;
10 1 6 0.0838352146263911;
10 1 7 0.06959904610492847;
10 1 8 0.09490779014308426;
10 1 9 0.0838352146263911;
10 1 10 0.08225341812400637;
10 2 1 0.10070270270270269;
10 2 2 0.0704918918918919;
10 2 3 0.08056216216216215;
10 2 4 0.06713513513513514;
10 2 5 0.09734594594594594;
10 2 6 0.07217027027027026;
10 2 7 0.08559729729729729;
10 2 8 0.07384864864864865;
10 2 9 0.08895405405405406;
10 2 10 0.08559729729729729;
10 3 1 0.08952496025437202;
10 3 2 0.1078368839427663;
10 3 3 0.09969825119236884;
10 3 4 0.08952496025437202;
10 3 5 0.08952496025437202;
10 3 6 0.1180101748807631;
10 3 7 0.12207949125596183;
10 3 8 0.08952496025437202;
10 3 9 0.10580222575516694;
10 3 10 0.1078368839427663;
10 4 1 0.09978839427662957;
10 4 2 0.10348426073131956;
10 4 3 0.07761319554848965;
10 4 4 0.08315699523052464;
10 4 5 0.10902806041335451;
10 4 6 0.09054872813990461;
10 4 7 0.08315699523052464;
10 4 8 0.0923966613672496;
10 4 9 0.08315699523052464;
10 4 10 0.10718012718600951;
10 5 1 0.0999364864864865;
10 5 2 0.11561279809220987;
10 5 3 0.08426017488076312;
10 5 4 0.0823006359300477;
10 5 5 0.09013879173290938;
10 5 6 0.11169372019077901;
10 5 7 0.08621971383147856;
10 5 8 0.10581510333863277;
10 5 9 0.09797694753577108;
10 5 10 0.10973418124006361;
10 6 1 0.0895120826709062;
10 6 2 0.12148068362480126;
10 6 3 0.08524960254372019;
10 6 4 0.12361192368839426;
10 6 5 0.12787440381558027;
10 6 6 0.08738084260731317;
10 6 7 0.10016828298887122;
10 6 8 0.09590580286168521;
10 6 9 0.11295572337042925;
10 6 10 0.10229952305246422;
11 1 1 0.08084737678855326;
11 1 2 0.0931502384737679;
11 1 3 0.09490779014308427;
11 1 4 0.10545310015898252;
11 1 5 0.07381717011128776;
11 1 6 0.09490779014308427;
11 1 7 0.084362480127186;
11 1 8 0.07908982511923689;
11 1 9 0.10018044515103337;
11 1 10 0.08963513513513514;
11 2 1 0.09137837837837837;
11 2 2 0.10629729729729728;
11 2 3 0.08018918918918919;
11 2 4 0.08205405405405405;
11 2 5 0.09137837837837837;
11 2 6 0.07832432432432432;
11 2 7 0.09883783783783784;
11 2 8 0.09697297297297298;
11 2 9 0.11189189189189189;
11 2 10 0.08391891891891892;
11 3 1 0.13112241653418122;
11 3 2 0.12660095389507153;
11 3 3 0.09495071542130365;
11 3 4 0.13564387917329093;
11 3 5 0.09268998410174879;
11 3 6 0.09495071542130365;
11 3 7 0.10625437201907789;
11 3 8 0.10399364069952306;
11 3 9 0.09268998410174879;
11 3 10 0.13564387917329093;
11 4 1 0.08213036565977741;
11 4 2 0.1170357710651828;
11 4 3 0.11498251192368839;
11 4 4 0.11087599364069953;
11 4 5 0.11087599364069953;
11 4 6 0.11908903020667724;
11 4 7 0.09444992050874404;
11 4 8 0.08623688394276628;
11 4 9 0.08623688394276628;
11 4 10 0.1170357710651828;
11 5 1 0.1045087440381558;
11 5 2 0.09362241653418125;
11 5 3 0.13063593004769478;
11 5 4 0.1023314785373609;
11 5 5 0.1197496025437202;
11 5 6 0.12845866454689986;
11 5 7 0.12410413354531001;
11 5 8 0.11321780604133547;
11 5 9 0.1023314785373609;
11 5 10 0.11539507154213038;
11 6 1 0.1420826709062003;
11 6 2 0.09472178060413354;
11 6 3 0.11129809220985691;
11 6 4 0.09945786963434021;
11 6 5 0.12313831478537361;
11 6 6 0.10182591414944356;
11 6 7 0.10656200317965023;
11 6 8 0.1420826709062003;
11 6 9 0.12313831478537361;
11 6 10 0.10893004769475358;
12 1 1 0.07323131955484896;
12 1 2 0.07689288553259141;
12 1 3 0.10252384737678856;
12 1 4 0.10252384737678856;
12 1 5 0.10801619634340223;
12 1 6 0.07506210254372019;
12 1 7 0.08787758346581877;
12 1 8 0.08787758346581877;
12 1 9 0.09520071542130366;
12 1 10 0.10435463036565978;
12 2 1 0.11072635135135135;
12 2 2 0.11072635135135135;
12 2 3 0.08158783783783784;
12 2 4 0.07964527027027027;
12 2 5 0.09324324324324323;
12 2 6 0.10684121621621621;
12 2 7 0.10489864864864865;
12 2 8 0.09712837837837837;
12 2 9 0.09712837837837837;
12 2 10 0.10101351351351351;
12 3 1 0.14129570747217807;
12 3 2 0.12716613672496024;
12 3 3 0.12716613672496024;
12 3 4 0.11539149443561209;
12 3 5 0.096552066772655;
12 3 6 0.12481120826709062;
12 3 7 0.11303656597774245;
12 3 8 0.11774642289348171;
12 3 9 0.14129570747217807;
12 3 10 0.09890699523052464;
12 4 1 0.08769127583465817;
12 4 2 0.10907939189189188;
12 4 3 0.08983008744038155;
12 4 4 0.10266295707472177;
12 4 5 0.10907939189189188;
12 4 6 0.08555246422893481;
12 4 7 0.11977344992050873;
12 4 8 0.10480176868044515;
12 4 9 0.09838533386327503;
12 4 10 0.115495826709062;
12 5 1 0.11339924483306837;
12 5 2 0.11566722972972975;
12 5 3 0.12700715421303657;
12 5 4 0.10886327503974563;
12 5 5 0.13607909379968205;
12 5 6 0.10886327503974563;
12 5 7 0.09298738076311606;
12 5 8 0.12927513910969796;
12 5 9 0.10659529014308428;
12 5 10 0.1315431240063593;
12 6 1 0.12333565182829888;
12 6 2 0.10853537360890302;
12 6 3 0.1332025039745628;
12 6 4 0.10853537360890302;
12 6 5 0.1430693561208267;
12 6 6 0.10853537360890302;
12 6 7 0.1307357909379968;
12 6 8 0.14553606915739267;
12 6 9 0.14060264308426074;
12 6 10 0.14800278219395865;
13 1 1 0.10498441971383149;
13 1 2 0.10873386327503974;
13 1 3 0.09561081081081081;
13 1 4 0.10685914149443561;
13 1 5 0.09373608903020668;
13 1 6 0.10498441971383149;
13 1 7 0.09936025437201909;
13 1 8 0.09936025437201909;
13 1 9 0.09373608903020668;
13 1 10 0.08811192368839427;
13 2 1 0.08951351351351351;
13 2 2 0.09548108108108108;
13 2 3 0.09349189189189189;
13 2 4 0.09945945945945946;
13 2 5 0.08354594594594594;
13 2 6 0.07956756756756757;
13 2 7 0.08752432432432432;
13 2 8 0.08354594594594594;
13 2 9 0.11338378378378378;
13 2 10 0.09548108108108108;
13 3 1 0.13262957074721782;
13 3 2 0.1422753577106518;
13 3 3 0.11092655007949126;
13 3 4 0.10128076311605723;
13 3 5 0.11333799682034976;
13 3 6 0.14468680445151033;
13 3 7 0.10851510333863275;
13 3 8 0.11092655007949126;
13 3 9 0.13504101748807631;
13 3 10 0.10128076311605723;
13 4 1 0.1270282988871224;
13 4 2 0.13140858505564387;
13 4 3 0.10950715421303656;
13 4 4 0.11388744038155803;
13 4 5 0.13140858505564387;
13 4 6 0.08979586645468997;
13 4 7 0.10950715421303656;
13 4 8 0.10731701112877583;
13 4 9 0.08979586645468997;
13 4 10 0.11607758346581876;
13 5 1 0.12541049284578698;
13 5 2 0.1207656597774245;
13 5 3 0.11612082670906201;
13 5 4 0.10915357710651828;
13 5 5 0.1207656597774245;
13 5 6 0.11612082670906201;
13 5 7 0.1207656597774245;
13 5 8 0.11379841017488077;
13 5 9 0.13237774244833067;
13 5 10 0.13005532591414948;
13 6 1 0.13639936406995232;
13 6 2 0.10608839427662956;
13 6 3 0.13639936406995232;
13 6 4 0.1237697933227345;
13 6 5 0.1237697933227345;
13 6 6 0.14397710651828297;
13 6 7 0.11366613672496025;
13 6 8 0.10103656597774245;
13 6 9 0.1288216216216216;
13 6 10 0.14145119236883943;
14 1 1 0.08502156200317966;
14 1 2 0.10958334658187599;
14 1 3 0.09635777027027029;
14 1 4 0.1133620826709062;
14 1 5 0.08691093004769476;
14 1 6 0.08124282591414944;
14 1 7 0.10769397853736087;
14 1 8 0.1058046104928458;
14 1 9 0.10391524244833068;
14 1 10 0.08502156200317966;
14 2 1 0.0821939189189189;
14 2 2 0.11026013513513513;
14 2 3 0.10224121621621622;
14 2 4 0.0942222972972973;
14 2 5 0.08620337837837837;
14 2 6 0.08018918918918919;
14 2 7 0.10825540540540542;
14 2 8 0.09021283783783784;
14 2 9 0.11226486486486488;
14 2 10 0.11226486486486488;
14 3 1 0.12151430842607314;
14 3 2 0.11422344992050873;
14 3 3 0.10207201907790144;
14 3 4 0.10693259141494435;
14 3 5 0.13852631160572335;
14 3 6 0.11179316375198728;
14 3 7 0.12637488076311607;
14 3 8 0.10450230524642289;
14 3 9 0.13366573926868044;
14 3 10 0.1239445945945946;
14 4 1 0.11477718600953894;
14 4 2 0.11477718600953894;
14 4 3 0.1213989467408585;
14 4 4 0.13022796104928458;
14 4 5 0.08829014308426072;
14 4 6 0.12360620031796503;
14 4 7 0.10815542527821939;
14 4 8 0.12360620031796503;
14 4 9 0.10815542527821939;
14 4 10 0.12802070747217803;
14 5 1 0.11000633942766296;
14 5 2 0.11234689984101749;
14 5 3 0.11000633942766296;
14 5 4 0.11234689984101749;
14 5 5 0.13107138314785377;
14 5 6 0.11000633942766296;
14 5 7 0.11468746025437203;
14 5 8 0.13107138314785377;
14 5 9 0.12873082273449923;
14 5 10 0.13341194356120825;
14 6 1 0.10182591414944356;
14 6 2 0.10437156200317964;
14 6 3 0.13491933624801272;
14 6 4 0.10691720985691573;
14 6 5 0.13491933624801272;
14 6 6 0.15273887122416532;
14 6 7 0.10182591414944356;
14 6 8 0.13491933624801272;
14 6 9 0.13491933624801272;
14 6 10 0.142556279809221;
15 1 1 0.08181403020667727;
15 1 2 0.08376198330683625;
15 1 3 0.10713742050874404;
15 1 4 0.09350174880763115;
15 1 5 0.10129356120826709;
15 1 6 0.09350174880763115;
15 1 7 0.08570993640699524;
15 1 8 0.09544970190779015;
15 1 9 0.09350174880763115;
15 1 10 0.09350174880763115;
15 2 1 0.0992108108108108;
15 2 2 0.12194662162162162;
15 2 3 0.11987972972972973;
15 2 4 0.08267567567567567;
15 2 5 0.08680945945945946;
15 2 6 0.09094324324324325;
15 2 7 0.10747837837837837;
15 2 8 0.11987972972972973;
15 2 9 0.11574594594594595;
15 2 10 0.11987972972972973;
15 3 1 0.1403160572337043;
15 3 2 0.15033863275039744;
15 3 3 0.10273139904610491;
15 3 4 0.13279912559618443;
15 3 5 0.12277655007949126;
15 3 6 0.11525961844197138;
15 3 7 0.1102483306836248;
15 3 8 0.13279912559618443;
15 3 9 0.13279912559618443;
15 3 10 0.14783298887122415;
15 4 1 0.1342660373608903;
15 4 2 0.10695769077901429;
15 4 3 0.12971464626391094;
15 4 4 0.12288755961844197;
15 4 5 0.09330351748807629;
15 4 6 0.1342660373608903;
15 4 7 0.09102782193958664;
15 4 8 0.10923338632750396;
15 4 9 0.11606047297297296;
15 4 10 0.10240629968203496;
15 5 1 0.142375019872814;
15 5 2 0.12065679650238476;
15 5 3 0.11341738871224166;
15 5 4 0.13272247615262323;
15 5 5 0.11824366057233705;
15 5 6 0.1375487480127186;
15 5 7 0.13272247615262323;
15 5 8 0.09893857313195549;
15 5 9 0.12306993243243244;
15 5 10 0.13272247615262323;
15 6 1 0.11023247217806041;
15 6 2 0.15485037758346581;
15 6 3 0.12073080286168521;
15 6 4 0.1233553855325914;
15 6 5 0.12073080286168521;
15 6 6 0.1522257949125596;
15 6 7 0.1128570548489666;
15 6 8 0.13122913354531002;
15 6 9 0.10498330683624801;
15 6 10 0.10760788950715419;
16 1 1 0.10119103736089032;
16 1 2 0.10325616057233704;
16 1 3 0.12184226947535771;
16 1 4 0.10738640699523054;
16 1 5 0.10532128378378378;
16 1 6 0.12184226947535771;
16 1 7 0.11358177662957077;
16 1 8 0.12390739268680445;
16 1 9 0.08467005166931638;
16 1 10 0.09293054451510334;
16 2 1 0.08983986486486485;
16 2 2 0.08983986486486485;
16 2 3 0.1073695945945946;
16 2 4 0.08983986486486485;
16 2 5 0.12270810810810812;
16 2 6 0.0942222972972973;
16 2 7 0.12928175675675674;
16 2 8 0.10298716216216215;
16 2 9 0.0942222972972973;
16 2 10 0.13147297297297297;
16 3 1 0.15938155802861684;
16 3 2 0.13547432432432432;
16 3 3 0.14609976152623214;
16 3 4 0.11953616852146265;
16 3 5 0.13813068362480127;
16 3 6 0.13547432432432432;
16 3 7 0.1062543720190779;
16 3 8 0.14609976152623214;
16 3 9 0.15406883942766295;
16 3 10 0.13547432432432432;
16 4 1 0.12304155405405404;
16 4 2 0.10132833863275038;
16 4 3 0.12062897456279809;
16 4 4 0.14475476947535768;
16 4 5 0.12545413354531001;
16 4 6 0.12545413354531001;
16 4 7 0.10856607710651828;
16 4 8 0.12545413354531001;
16 4 9 0.12786671303656597;
16 4 10 0.09650317965023847;
16 5 1 0.14070578298887126;
16 5 2 0.1483806438791733;
16 5 3 0.1483806438791733;
16 5 4 0.10744805246422895;
16 5 5 0.10488976550079492;
16 5 6 0.14326406995230528;
16 5 7 0.15349721780604134;
16 5 8 0.11256462639109699;
16 5 9 0.10744805246422895;
16 5 10 0.10233147853736091;
16 6 1 0.15303487678855326;
16 6 2 0.1224279014308426;
16 6 3 0.11129809220985692;
16 6 4 0.16694713831478536;
16 6 5 0.144687519872814;
16 6 6 0.11964544912559619;
16 6 7 0.1224279014308426;
16 6 8 0.13355771065182828;
16 6 9 0.15859978139904607;
16 6 10 0.11408054451510333;
17 1 1 0.11388934817170113;
17 1 2 0.126543720190779;
17 1 3 0.08647154213036566;
17 1 4 0.10123497615262322;
17 1 5 0.10334403815580287;
17 1 6 0.10967122416534181;
17 1 7 0.11810747217806043;
17 1 8 0.11599841017488077;
17 1 9 0.10756216216216216;
17 1 10 0.12021653418124006;
17 2 1 0.09175135135135135;
17 2 2 0.09398918918918918;
17 2 3 0.12308108108108108;
17 2 4 0.11412972972972972;
17 2 5 0.11636756756756755;
17 2 6 0.11189189189189189;
17 2 7 0.13427027027027025;
17 2 8 0.12979459459459458;
17 2 9 0.10741621621621622;
17 2 10 0.12308108108108108;
17 3 1 0.1464953895071542;
17 3 2 0.1573468998410175;
17 3 3 0.1437825119236884;
17 3 4 0.1600597774244833;
17 3 5 0.11122798092209857;
17 3 6 0.13021812400635932;
17 3 7 0.1573468998410175;
17 3 8 0.11394085850556437;
17 3 9 0.11936661367249603;
17 3 10 0.13835675675675674;
17 4 1 0.13797901430842607;
17 4 2 0.13551510333863273;
17 4 3 0.0985564387917329;
17 4 4 0.1429068362480127;
17 4 5 0.13797901430842607;
17 4 6 0.13797901430842607;
17 4 7 0.11826772655007949;
17 4 8 0.12319554848966613;
17 4 9 0.1207316375198728;
17 4 10 0.14783465818759933;
17 5 1 0.15415039745627981;
17 5 2 0.10712146263910971;
17 5 3 0.15153767885532593;
17 5 4 0.14369952305246425;
17 5 5 0.13586136724960254;
17 5 6 0.15153767885532593;
17 5 7 0.1097341812400636;
17 5 8 0.14631224165341816;
17 5 9 0.10712146263910971;
17 5 10 0.10712146263910971;
17 6 1 0.13639936406995232;
17 6 2 0.1420826709062003;
17 6 3 0.1392410174880763;
17 6 4 0.1420826709062003;
17 6 5 0.17049920508744035;
17 6 6 0.1392410174880763;
17 6 7 0.16481589825119236;
17 6 8 0.16765755166931634;
17 6 9 0.1420826709062003;
17 6 10 0.12503275039745626;
18 1 1 0.09279872813990461;
18 1 2 0.09068966613672497;
18 1 3 0.10334403815580287;
18 1 4 0.09068966613672497;
18 1 5 0.08436248012718602;
18 1 6 0.11388934817170113;
18 1 7 0.12443465818759936;
18 1 8 0.11178028616852148;
18 1 9 0.10756216216216216;
18 1 10 0.12443465818759936;
18 2 1 0.10741621621621622;
18 2 2 0.09622702702702703;
18 2 3 0.12531891891891894;
18 2 4 0.09175135135135135;
18 2 5 0.09622702702702703;
18 2 6 0.13203243243243243;
18 2 7 0.12531891891891894;
18 2 8 0.09622702702702703;
18 2 9 0.10294054054054055;
18 2 10 0.09175135135135135;
18 3 1 0.11394085850556437;
18 3 2 0.15192114467408588;
18 3 3 0.15192114467408588;
18 3 4 0.11665373608903021;
18 3 5 0.11936661367249603;
18 3 6 0.11665373608903021;
18 3 7 0.1464953895071542;
18 3 8 0.13021812400635932;
18 3 9 0.11394085850556437;
18 3 10 0.13293100158982513;
18 4 1 0.10594817170111287;
18 4 2 0.14783465818759933;
18 4 3 0.13551510333863273;
18 4 4 0.13797901430842607;
18 4 5 0.1404429252782194;
18 4 6 0.10594817170111287;
18 4 7 0.10348426073131954;
18 4 8 0.0985564387917329;
18 4 9 0.12812337042925276;
18 4 10 0.14783465818759933;
18 5 1 0.14892496025437202;
18 5 2 0.15415039745627981;
18 5 3 0.10450874403815581;
18 5 4 0.14631224165341816;
18 5 5 0.12541049284578698;
18 5 6 0.14369952305246425;
18 5 7 0.10450874403815581;
18 5 8 0.12802321144674086;
18 5 9 0.14108680445151037;
18 5 10 0.14892496025437202;
18 6 1 0.12787440381558027;
18 6 2 0.1420826709062003;
18 6 3 0.1420826709062003;
18 6 4 0.16197424483306835;
18 6 5 0.16765755166931634;
18 6 6 0.15060763116057235;
18 6 7 0.16765755166931634;
18 6 8 0.12219109697933227;
18 6 9 0.11934944356120826;
18 6 10 0.15629093799682034;
19 1 1 0.11055000000000001;
19 1 2 0.10838235294117647;
19 1 3 0.09971176470588235;
19 1 4 0.12355588235294118;
19 1 5 0.11055000000000001;
19 1 6 0.09971176470588235;
19 1 7 0.08670588235294119;
19 1 8 0.1040470588235294;
19 1 9 0.11271764705882355;
19 1 10 0.09320882352941176;
19 2 1 0.10579999999999999;
19 2 2 0.1127;
19 2 3 0.1288;
19 2 4 0.1357;
19 2 5 0.1288;
19 2 6 0.1081;
19 2 7 0.0943;
19 2 8 0.092;
19 2 9 0.11960000000000001;
19 2 10 0.1334;
19 3 1 0.13941176470588235;
19 3 2 0.15614117647058826;
19 3 3 0.12547058823529414;
19 3 4 0.16450588235294117;
19 3 5 0.13383529411764705;
19 3 6 0.1422;
19 3 7 0.1422;
19 3 8 0.11710588235294117;
19 3 9 0.1422;
19 3 10 0.12825882352941176;
19 4 1 0.13927941176470587;
19 4 2 0.14687647058823528;
19 4 3 0.13674705882352942;
19 4 4 0.12915;
19 4 5 0.13927941176470587;
19 4 6 0.15194117647058822;
19 4 7 0.13674705882352942;
19 4 8 0.10889117647058823;
19 4 9 0.15194117647058822;
19 4 10 0.10635882352941176;
19 5 1 0.15306176470588237;
19 5 2 0.15306176470588237;
19 5 3 0.14232058823529412;
19 5 4 0.15843235294117647;
19 5 5 0.14232058823529412;
19 5 6 0.11546764705882354;
19 5 7 0.11009705882352942;
19 5 8 0.13695000000000002;
19 5 9 0.1315794117647059;
19 5 10 0.14232058823529412;
19 6 1 0.1343470588235294;
19 6 2 0.15187058823529412;
19 6 3 0.1664735294117647;
19 6 4 0.14310882352941176;
19 6 5 0.13726764705882352;
19 6 6 0.1401882352941176;
19 6 7 0.1343470588235294;
19 6 8 0.12266470588235293;
19 6 9 0.1314264705882353;
19 6 10 0.15771176470588236;
20 1 1 0.12657301271860094;
20 1 2 0.11566154610492846;
20 1 3 0.09165631955484897;
20 1 4 0.08729173290937997;
20 1 5 0.11784383942766297;
20 1 6 0.10256778616852147;
20 1 7 0.09165631955484897;
20 1 8 0.13093759936406993;
20 1 9 0.12875530604133545;
20 1 10 0.10475007949125596;
20 2 1 0.10883040540540541;
20 2 2 0.09956824324324323;
20 2 3 0.13661689189189188;
20 2 4 0.11809256756756756;
20 2 5 0.09262162162162162;
20 2 6 0.10188378378378378;
20 2 7 0.09262162162162162;
20 2 8 0.09493716216216215;
20 2 9 0.10651486486486487;
20 2 10 0.09262162162162162;
20 3 1 0.16842448330683624;
20 3 2 0.16842448330683624;
20 3 3 0.13473958664546898;
20 3 4 0.13473958664546898;
20 3 5 0.1459678855325914;
20 3 6 0.1375466613672496;
20 3 7 0.1459678855325914;
20 3 8 0.148774960254372;
20 3 9 0.1459678855325914;
20 3 10 0.15719618441971386;
20 4 1 0.11727531796502384;
20 4 2 0.11472585453100158;
20 4 3 0.13512156200317962;
20 4 4 0.13002263513513512;
20 4 5 0.14531941573926865;
20 4 6 0.11472585453100158;
20 4 7 0.12492370826709062;
20 4 8 0.15041834260731318;
20 4 9 0.11727531796502384;
20 4 10 0.12237424483306834;
20 5 1 0.11895127186009541;
20 5 2 0.11624783386327504;
20 5 3 0.11084095786963434;
20 5 4 0.14057877583465822;
20 5 5 0.14057877583465822;
20 5 6 0.15950284181240065;
20 5 7 0.14328221383147854;
20 5 8 0.12435814785373611;
20 5 9 0.12435814785373611;
20 5 10 0.14868908982511925;
20 6 1 0.1234935214626391;
20 6 2 0.1293741653418124;
20 6 3 0.1558370627980922;
20 6 4 0.1352548092209857;
20 6 5 0.12055319952305245;
20 6 6 0.12055319952305245;
20 6 7 0.13231448728139902;
20 6 8 0.1499564189189189;
20 6 9 0.1705386724960254;
20 6 10 0.1234935214626391;
]

global d = [
1 1 1 286;
1 1 2 170;
1 1 3 170;
1 1 4 112;
1 1 5 70;
1 1 6 241;
1 1 7 98;
1 1 8 174;
1 1 9 100;
1 1 10 0;
1 2 1 174;
1 2 2 0;
1 2 3 192;
1 2 4 92;
1 2 5 176;
1 2 6 163;
1 2 7 299;
1 2 8 64;
1 2 9 296;
1 2 10 0;
1 3 1 67;
1 3 2 117;
1 3 3 259;
1 3 4 81;
1 3 5 134;
1 3 6 188;
1 3 7 143;
1 3 8 61;
1 3 9 129;
1 3 10 123;
1 4 1 198;
1 4 2 175;
1 4 3 0;
1 4 4 171;
1 4 5 0;
1 4 6 0;
1 4 7 168;
1 4 8 103;
1 4 9 224;
1 4 10 196;
1 5 1 140;
1 5 2 0;
1 5 3 268;
1 5 4 197;
1 5 5 0;
1 5 6 0;
1 5 7 0;
1 5 8 201;
1 5 9 180;
1 5 10 69;
1 6 1 159;
1 6 2 0;
1 6 3 84;
1 6 4 0;
1 6 5 280;
1 6 6 168;
1 6 7 119;
1 6 8 0;
1 6 9 133;
1 6 10 91;
2 1 1 52;
2 1 2 72;
2 1 3 73;
2 1 4 0;
2 1 5 118;
2 1 6 135;
2 1 7 125;
2 1 8 112;
2 1 9 195;
2 1 10 263;
2 2 1 149;
2 2 2 163;
2 2 3 276;
2 2 4 166;
2 2 5 80;
2 2 6 0;
2 2 7 123;
2 2 8 182;
2 2 9 183;
2 2 10 287;
2 3 1 261;
2 3 2 75;
2 3 3 0;
2 3 4 62;
2 3 5 141;
2 3 6 100;
2 3 7 104;
2 3 8 250;
2 3 9 238;
2 3 10 282;
2 4 1 0;
2 4 2 100;
2 4 3 258;
2 4 4 0;
2 4 5 265;
2 4 6 50;
2 4 7 0;
2 4 8 241;
2 4 9 115;
2 4 10 246;
2 5 1 291;
2 5 2 137;
2 5 3 190;
2 5 4 238;
2 5 5 69;
2 5 6 90;
2 5 7 141;
2 5 8 0;
2 5 9 163;
2 5 10 0;
2 6 1 205;
2 6 2 53;
2 6 3 218;
2 6 4 164;
2 6 5 210;
2 6 6 249;
2 6 7 289;
2 6 8 157;
2 6 9 283;
2 6 10 210;
3 1 1 101;
3 1 2 79;
3 1 3 72;
3 1 4 287;
3 1 5 0;
3 1 6 0;
3 1 7 235;
3 1 8 58;
3 1 9 0;
3 1 10 219;
3 2 1 108;
3 2 2 0;
3 2 3 0;
3 2 4 147;
3 2 5 0;
3 2 6 0;
3 2 7 141;
3 2 8 281;
3 2 9 220;
3 2 10 187;
3 3 1 137;
3 3 2 261;
3 3 3 124;
3 3 4 0;
3 3 5 105;
3 3 6 193;
3 3 7 118;
3 3 8 244;
3 3 9 0;
3 3 10 52;
3 4 1 247;
3 4 2 145;
3 4 3 266;
3 4 4 155;
3 4 5 58;
3 4 6 255;
3 4 7 67;
3 4 8 0;
3 4 9 0;
3 4 10 134;
3 5 1 0;
3 5 2 131;
3 5 3 166;
3 5 4 0;
3 5 5 204;
3 5 6 0;
3 5 7 167;
3 5 8 132;
3 5 9 51;
3 5 10 200;
3 6 1 0;
3 6 2 156;
3 6 3 250;
3 6 4 279;
3 6 5 142;
3 6 6 125;
3 6 7 128;
3 6 8 0;
3 6 9 0;
3 6 10 72;
4 1 1 105;
4 1 2 50;
4 1 3 246;
4 1 4 148;
4 1 5 0;
4 1 6 236;
4 1 7 0;
4 1 8 101;
4 1 9 88;
4 1 10 98;
4 2 1 220;
4 2 2 74;
4 2 3 228;
4 2 4 264;
4 2 5 103;
4 2 6 99;
4 2 7 262;
4 2 8 0;
4 2 9 220;
4 2 10 55;
4 3 1 0;
4 3 2 221;
4 3 3 0;
4 3 4 52;
4 3 5 281;
4 3 6 241;
4 3 7 200;
4 3 8 71;
4 3 9 224;
4 3 10 208;
4 4 1 172;
4 4 2 0;
4 4 3 0;
4 4 4 52;
4 4 5 0;
4 4 6 212;
4 4 7 147;
4 4 8 78;
4 4 9 204;
4 4 10 145;
4 5 1 284;
4 5 2 84;
4 5 3 0;
4 5 4 178;
4 5 5 64;
4 5 6 286;
4 5 7 162;
4 5 8 127;
4 5 9 58;
4 5 10 211;
4 6 1 234;
4 6 2 173;
4 6 3 247;
4 6 4 250;
4 6 5 298;
4 6 6 177;
4 6 7 292;
4 6 8 172;
4 6 9 131;
4 6 10 162;
5 1 1 81;
5 1 2 270;
5 1 3 177;
5 1 4 0;
5 1 5 282;
5 1 6 0;
5 1 7 255;
5 1 8 289;
5 1 9 100;
5 1 10 146;
5 2 1 208;
5 2 2 165;
5 2 3 183;
5 2 4 0;
5 2 5 178;
5 2 6 0;
5 2 7 150;
5 2 8 173;
5 2 9 187;
5 2 10 72;
5 3 1 153;
5 3 2 81;
5 3 3 63;
5 3 4 147;
5 3 5 220;
5 3 6 249;
5 3 7 283;
5 3 8 274;
5 3 9 83;
5 3 10 190;
5 4 1 171;
5 4 2 96;
5 4 3 107;
5 4 4 0;
5 4 5 200;
5 4 6 273;
5 4 7 259;
5 4 8 51;
5 4 9 140;
5 4 10 82;
5 5 1 249;
5 5 2 0;
5 5 3 163;
5 5 4 97;
5 5 5 0;
5 5 6 285;
5 5 7 244;
5 5 8 245;
5 5 9 0;
5 5 10 200;
5 6 1 212;
5 6 2 126;
5 6 3 186;
5 6 4 178;
5 6 5 93;
5 6 6 289;
5 6 7 190;
5 6 8 74;
5 6 9 0;
5 6 10 200;
6 1 1 235;
6 1 2 99;
6 1 3 0;
6 1 4 176;
6 1 5 232;
6 1 6 58;
6 1 7 0;
6 1 8 162;
6 1 9 0;
6 1 10 214;
6 2 1 73;
6 2 2 80;
6 2 3 200;
6 2 4 261;
6 2 5 129;
6 2 6 147;
6 2 7 121;
6 2 8 243;
6 2 9 0;
6 2 10 126;
6 3 1 0;
6 3 2 105;
6 3 3 144;
6 3 4 95;
6 3 5 116;
6 3 6 0;
6 3 7 273;
6 3 8 166;
6 3 9 0;
6 3 10 298;
6 4 1 114;
6 4 2 180;
6 4 3 133;
6 4 4 232;
6 4 5 83;
6 4 6 167;
6 4 7 159;
6 4 8 159;
6 4 9 129;
6 4 10 149;
6 5 1 53;
6 5 2 141;
6 5 3 226;
6 5 4 95;
6 5 5 0;
6 5 6 147;
6 5 7 123;
6 5 8 0;
6 5 9 217;
6 5 10 163;
6 6 1 0;
6 6 2 225;
6 6 3 78;
6 6 4 57;
6 6 5 183;
6 6 6 96;
6 6 7 274;
6 6 8 298;
6 6 9 0;
6 6 10 208;
7 1 1 0;
7 1 2 201;
7 1 3 0;
7 1 4 267;
7 1 5 0;
7 1 6 0;
7 1 7 233;
7 1 8 170;
7 1 9 170;
7 1 10 178;
7 2 1 0;
7 2 2 135;
7 2 3 0;
7 2 4 276;
7 2 5 0;
7 2 6 201;
7 2 7 297;
7 2 8 143;
7 2 9 194;
7 2 10 125;
7 3 1 0;
7 3 2 236;
7 3 3 239;
7 3 4 93;
7 3 5 146;
7 3 6 265;
7 3 7 144;
7 3 8 137;
7 3 9 118;
7 3 10 157;
7 4 1 69;
7 4 2 163;
7 4 3 184;
7 4 4 237;
7 4 5 291;
7 4 6 245;
7 4 7 152;
7 4 8 76;
7 4 9 127;
7 4 10 280;
7 5 1 0;
7 5 2 0;
7 5 3 126;
7 5 4 142;
7 5 5 118;
7 5 6 103;
7 5 7 177;
7 5 8 207;
7 5 9 121;
7 5 10 0;
7 6 1 86;
7 6 2 85;
7 6 3 131;
7 6 4 136;
7 6 5 128;
7 6 6 0;
7 6 7 192;
7 6 8 125;
7 6 9 127;
7 6 10 82;
8 1 1 99;
8 1 2 245;
8 1 3 295;
8 1 4 132;
8 1 5 268;
8 1 6 265;
8 1 7 158;
8 1 8 170;
8 1 9 274;
8 1 10 300;
8 2 1 70;
8 2 2 85;
8 2 3 189;
8 2 4 0;
8 2 5 233;
8 2 6 268;
8 2 7 96;
8 2 8 133;
8 2 9 238;
8 2 10 240;
8 3 1 0;
8 3 2 262;
8 3 3 66;
8 3 4 188;
8 3 5 269;
8 3 6 55;
8 3 7 57;
8 3 8 101;
8 3 9 103;
8 3 10 280;
8 4 1 118;
8 4 2 59;
8 4 3 292;
8 4 4 202;
8 4 5 144;
8 4 6 120;
8 4 7 291;
8 4 8 221;
8 4 9 180;
8 4 10 0;
8 5 1 85;
8 5 2 0;
8 5 3 126;
8 5 4 180;
8 5 5 0;
8 5 6 0;
8 5 7 279;
8 5 8 186;
8 5 9 82;
8 5 10 272;
8 6 1 206;
8 6 2 274;
8 6 3 109;
8 6 4 256;
8 6 5 0;
8 6 6 281;
8 6 7 226;
8 6 8 78;
8 6 9 172;
8 6 10 233;
9 1 1 227;
9 1 2 154;
9 1 3 139;
9 1 4 0;
9 1 5 240;
9 1 6 82;
9 1 7 247;
9 1 8 186;
9 1 9 173;
9 1 10 183;
9 2 1 0;
9 2 2 195;
9 2 3 293;
9 2 4 238;
9 2 5 238;
9 2 6 252;
9 2 7 250;
9 2 8 182;
9 2 9 212;
9 2 10 68;
9 3 1 148;
9 3 2 137;
9 3 3 278;
9 3 4 61;
9 3 5 0;
9 3 6 0;
9 3 7 71;
9 3 8 199;
9 3 9 279;
9 3 10 202;
9 4 1 102;
9 4 2 80;
9 4 3 99;
9 4 4 253;
9 4 5 173;
9 4 6 168;
9 4 7 131;
9 4 8 0;
9 4 9 0;
9 4 10 108;
9 5 1 140;
9 5 2 0;
9 5 3 55;
9 5 4 217;
9 5 5 0;
9 5 6 0;
9 5 7 187;
9 5 8 268;
9 5 9 89;
9 5 10 272;
9 6 1 86;
9 6 2 285;
9 6 3 289;
9 6 4 223;
9 6 5 0;
9 6 6 0;
9 6 7 0;
9 6 8 67;
9 6 9 81;
9 6 10 0;
10 1 1 271;
10 1 2 197;
10 1 3 167;
10 1 4 212;
10 1 5 126;
10 1 6 216;
10 1 7 59;
10 1 8 87;
10 1 9 170;
10 1 10 217;
10 2 1 0;
10 2 2 249;
10 2 3 282;
10 2 4 119;
10 2 5 128;
10 2 6 263;
10 2 7 0;
10 2 8 0;
10 2 9 83;
10 2 10 198;
10 3 1 0;
10 3 2 0;
10 3 3 129;
10 3 4 259;
10 3 5 0;
10 3 6 289;
10 3 7 0;
10 3 8 86;
10 3 9 206;
10 3 10 273;
10 4 1 87;
10 4 2 192;
10 4 3 154;
10 4 4 76;
10 4 5 278;
10 4 6 233;
10 4 7 234;
10 4 8 207;
10 4 9 92;
10 4 10 61;
10 5 1 62;
10 5 2 76;
10 5 3 0;
10 5 4 271;
10 5 5 152;
10 5 6 252;
10 5 7 0;
10 5 8 63;
10 5 9 65;
10 5 10 0;
10 6 1 213;
10 6 2 0;
10 6 3 298;
10 6 4 155;
10 6 5 272;
10 6 6 93;
10 6 7 0;
10 6 8 133;
10 6 9 0;
10 6 10 70;
11 1 1 255;
11 1 2 0;
11 1 3 267;
11 1 4 188;
11 1 5 0;
11 1 6 99;
11 1 7 153;
11 1 8 0;
11 1 9 0;
11 1 10 254;
11 2 1 0;
11 2 2 182;
11 2 3 242;
11 2 4 277;
11 2 5 0;
11 2 6 0;
11 2 7 265;
11 2 8 271;
11 2 9 150;
11 2 10 0;
11 3 1 232;
11 3 2 164;
11 3 3 118;
11 3 4 189;
11 3 5 80;
11 3 6 195;
11 3 7 132;
11 3 8 129;
11 3 9 0;
11 3 10 144;
11 4 1 244;
11 4 2 271;
11 4 3 0;
11 4 4 110;
11 4 5 131;
11 4 6 249;
11 4 7 200;
11 4 8 76;
11 4 9 245;
11 4 10 284;
11 5 1 123;
11 5 2 132;
11 5 3 163;
11 5 4 103;
11 5 5 175;
11 5 6 289;
11 5 7 219;
11 5 8 246;
11 5 9 58;
11 5 10 173;
11 6 1 256;
11 6 2 97;
11 6 3 126;
11 6 4 296;
11 6 5 196;
11 6 6 211;
11 6 7 250;
11 6 8 111;
11 6 9 98;
11 6 10 261;
12 1 1 0;
12 1 2 192;
12 1 3 72;
12 1 4 132;
12 1 5 126;
12 1 6 249;
12 1 7 0;
12 1 8 178;
12 1 9 91;
12 1 10 183;
12 2 1 179;
12 2 2 128;
12 2 3 168;
12 2 4 127;
12 2 5 257;
12 2 6 284;
12 2 7 271;
12 2 8 158;
12 2 9 183;
12 2 10 84;
12 3 1 255;
12 3 2 247;
12 3 3 73;
12 3 4 257;
12 3 5 284;
12 3 6 147;
12 3 7 155;
12 3 8 0;
12 3 9 143;
12 3 10 133;
12 4 1 112;
12 4 2 61;
12 4 3 109;
12 4 4 137;
12 4 5 54;
12 4 6 286;
12 4 7 100;
12 4 8 241;
12 4 9 172;
12 4 10 145;
12 5 1 0;
12 5 2 102;
12 5 3 117;
12 5 4 290;
12 5 5 225;
12 5 6 208;
12 5 7 205;
12 5 8 53;
12 5 9 145;
12 5 10 98;
12 6 1 113;
12 6 2 65;
12 6 3 80;
12 6 4 90;
12 6 5 255;
12 6 6 0;
12 6 7 226;
12 6 8 77;
12 6 9 134;
12 6 10 202;
13 1 1 120;
13 1 2 64;
13 1 3 185;
13 1 4 111;
13 1 5 279;
13 1 6 287;
13 1 7 300;
13 1 8 53;
13 1 9 282;
13 1 10 188;
13 2 1 73;
13 2 2 70;
13 2 3 184;
13 2 4 92;
13 2 5 288;
13 2 6 121;
13 2 7 111;
13 2 8 141;
13 2 9 66;
13 2 10 74;
13 3 1 121;
13 3 2 67;
13 3 3 0;
13 3 4 167;
13 3 5 121;
13 3 6 274;
13 3 7 130;
13 3 8 232;
13 3 9 148;
13 3 10 221;
13 4 1 185;
13 4 2 110;
13 4 3 56;
13 4 4 75;
13 4 5 291;
13 4 6 248;
13 4 7 115;
13 4 8 300;
13 4 9 141;
13 4 10 212;
13 5 1 295;
13 5 2 244;
13 5 3 252;
13 5 4 228;
13 5 5 0;
13 5 6 190;
13 5 7 217;
13 5 8 81;
13 5 9 121;
13 5 10 263;
13 6 1 251;
13 6 2 292;
13 6 3 187;
13 6 4 155;
13 6 5 0;
13 6 6 147;
13 6 7 0;
13 6 8 220;
13 6 9 79;
13 6 10 110;
14 1 1 299;
14 1 2 285;
14 1 3 0;
14 1 4 256;
14 1 5 274;
14 1 6 0;
14 1 7 275;
14 1 8 241;
14 1 9 270;
14 1 10 148;
14 2 1 0;
14 2 2 264;
14 2 3 0;
14 2 4 254;
14 2 5 101;
14 2 6 62;
14 2 7 168;
14 2 8 223;
14 2 9 255;
14 2 10 289;
14 3 1 164;
14 3 2 89;
14 3 3 240;
14 3 4 76;
14 3 5 167;
14 3 6 195;
14 3 7 185;
14 3 8 84;
14 3 9 255;
14 3 10 85;
14 4 1 93;
14 4 2 88;
14 4 3 67;
14 4 4 173;
14 4 5 174;
14 4 6 51;
14 4 7 66;
14 4 8 143;
14 4 9 106;
14 4 10 258;
14 5 1 292;
14 5 2 286;
14 5 3 291;
14 5 4 216;
14 5 5 96;
14 5 6 205;
14 5 7 122;
14 5 8 203;
14 5 9 224;
14 5 10 278;
14 6 1 169;
14 6 2 268;
14 6 3 285;
14 6 4 147;
14 6 5 101;
14 6 6 124;
14 6 7 278;
14 6 8 127;
14 6 9 176;
14 6 10 146;
15 1 1 101;
15 1 2 226;
15 1 3 74;
15 1 4 278;
15 1 5 85;
15 1 6 71;
15 1 7 90;
15 1 8 264;
15 1 9 161;
15 1 10 201;
15 2 1 207;
15 2 2 64;
15 2 3 261;
15 2 4 282;
15 2 5 64;
15 2 6 243;
15 2 7 0;
15 2 8 262;
15 2 9 212;
15 2 10 193;
15 3 1 164;
15 3 2 259;
15 3 3 249;
15 3 4 93;
15 3 5 182;
15 3 6 277;
15 3 7 131;
15 3 8 104;
15 3 9 260;
15 3 10 0;
15 4 1 286;
15 4 2 57;
15 4 3 79;
15 4 4 186;
15 4 5 82;
15 4 6 246;
15 4 7 0;
15 4 8 202;
15 4 9 255;
15 4 10 241;
15 5 1 0;
15 5 2 0;
15 5 3 194;
15 5 4 191;
15 5 5 106;
15 5 6 293;
15 5 7 0;
15 5 8 90;
15 5 9 239;
15 5 10 0;
15 6 1 291;
15 6 2 202;
15 6 3 92;
15 6 4 125;
15 6 5 197;
15 6 6 233;
15 6 7 182;
15 6 8 118;
15 6 9 141;
15 6 10 112;
16 1 1 198;
16 1 2 0;
16 1 3 159;
16 1 4 94;
16 1 5 224;
16 1 6 79;
16 1 7 99;
16 1 8 236;
16 1 9 221;
16 1 10 103;
16 2 1 258;
16 2 2 253;
16 2 3 236;
16 2 4 55;
16 2 5 79;
16 2 6 200;
16 2 7 0;
16 2 8 231;
16 2 9 0;
16 2 10 117;
16 3 1 136;
16 3 2 183;
16 3 3 213;
16 3 4 0;
16 3 5 217;
16 3 6 102;
16 3 7 251;
16 3 8 84;
16 3 9 217;
16 3 10 150;
16 4 1 0;
16 4 2 77;
16 4 3 86;
16 4 4 79;
16 4 5 0;
16 4 6 50;
16 4 7 75;
16 4 8 242;
16 4 9 243;
16 4 10 296;
16 5 1 160;
16 5 2 176;
16 5 3 0;
16 5 4 0;
16 5 5 167;
16 5 6 67;
16 5 7 172;
16 5 8 251;
16 5 9 91;
16 5 10 115;
16 6 1 88;
16 6 2 0;
16 6 3 270;
16 6 4 226;
16 6 5 129;
16 6 6 272;
16 6 7 109;
16 6 8 255;
16 6 9 115;
16 6 10 196;
17 1 1 0;
17 1 2 0;
17 1 3 297;
17 1 4 280;
17 1 5 159;
17 1 6 0;
17 1 7 58;
17 1 8 120;
17 1 9 225;
17 1 10 199;
17 2 1 192;
17 2 2 244;
17 2 3 167;
17 2 4 140;
17 2 5 213;
17 2 6 128;
17 2 7 118;
17 2 8 111;
17 2 9 247;
17 2 10 201;
17 3 1 168;
17 3 2 58;
17 3 3 0;
17 3 4 239;
17 3 5 122;
17 3 6 211;
17 3 7 144;
17 3 8 114;
17 3 9 122;
17 3 10 275;
17 4 1 281;
17 4 2 189;
17 4 3 277;
17 4 4 224;
17 4 5 133;
17 4 6 295;
17 4 7 109;
17 4 8 194;
17 4 9 0;
17 4 10 178;
17 5 1 0;
17 5 2 171;
17 5 3 0;
17 5 4 230;
17 5 5 185;
17 5 6 62;
17 5 7 203;
17 5 8 186;
17 5 9 231;
17 5 10 0;
17 6 1 0;
17 6 2 225;
17 6 3 190;
17 6 4 0;
17 6 5 173;
17 6 6 0;
17 6 7 296;
17 6 8 124;
17 6 9 110;
17 6 10 136;
18 1 1 127;
18 1 2 291;
18 1 3 69;
18 1 4 0;
18 1 5 232;
18 1 6 211;
18 1 7 226;
18 1 8 287;
18 1 9 219;
18 1 10 58;
18 2 1 0;
18 2 2 281;
18 2 3 281;
18 2 4 203;
18 2 5 158;
18 2 6 233;
18 2 7 88;
18 2 8 234;
18 2 9 89;
18 2 10 0;
18 3 1 84;
18 3 2 146;
18 3 3 238;
18 3 4 50;
18 3 5 278;
18 3 6 126;
18 3 7 69;
18 3 8 60;
18 3 9 162;
18 3 10 95;
18 4 1 232;
18 4 2 193;
18 4 3 94;
18 4 4 214;
18 4 5 69;
18 4 6 64;
18 4 7 68;
18 4 8 0;
18 4 9 104;
18 4 10 154;
18 5 1 104;
18 5 2 103;
18 5 3 215;
18 5 4 102;
18 5 5 0;
18 5 6 62;
18 5 7 146;
18 5 8 0;
18 5 9 0;
18 5 10 264;
18 6 1 51;
18 6 2 204;
18 6 3 290;
18 6 4 52;
18 6 5 248;
18 6 6 279;
18 6 7 0;
18 6 8 240;
18 6 9 181;
18 6 10 64;
19 1 1 248;
19 1 2 186;
19 1 3 88;
19 1 4 134;
19 1 5 0;
19 1 6 225;
19 1 7 294;
19 1 8 291;
19 1 9 85;
19 1 10 285;
19 2 1 180;
19 2 2 127;
19 2 3 215;
19 2 4 218;
19 2 5 128;
19 2 6 294;
19 2 7 154;
19 2 8 0;
19 2 9 109;
19 2 10 149;
19 3 1 247;
19 3 2 0;
19 3 3 86;
19 3 4 79;
19 3 5 174;
19 3 6 55;
19 3 7 154;
19 3 8 206;
19 3 9 282;
19 3 10 0;
19 4 1 219;
19 4 2 0;
19 4 3 153;
19 4 4 0;
19 4 5 89;
19 4 6 291;
19 4 7 65;
19 4 8 288;
19 4 9 0;
19 4 10 0;
19 5 1 74;
19 5 2 214;
19 5 3 254;
19 5 4 0;
19 5 5 73;
19 5 6 0;
19 5 7 150;
19 5 8 195;
19 5 9 156;
19 5 10 248;
19 6 1 0;
19 6 2 0;
19 6 3 138;
19 6 4 0;
19 6 5 0;
19 6 6 213;
19 6 7 0;
19 6 8 92;
19 6 9 74;
19 6 10 181;
20 1 1 75;
20 1 2 180;
20 1 3 0;
20 1 4 0;
20 1 5 217;
20 1 6 96;
20 1 7 277;
20 1 8 82;
20 1 9 272;
20 1 10 138;
20 2 1 0;
20 2 2 142;
20 2 3 130;
20 2 4 62;
20 2 5 104;
20 2 6 142;
20 2 7 117;
20 2 8 159;
20 2 9 171;
20 2 10 163;
20 3 1 82;
20 3 2 232;
20 3 3 190;
20 3 4 127;
20 3 5 240;
20 3 6 57;
20 3 7 73;
20 3 8 230;
20 3 9 0;
20 3 10 101;
20 4 1 0;
20 4 2 171;
20 4 3 211;
20 4 4 138;
20 4 5 246;
20 4 6 248;
20 4 7 60;
20 4 8 58;
20 4 9 266;
20 4 10 290;
20 5 1 147;
20 5 2 219;
20 5 3 58;
20 5 4 168;
20 5 5 0;
20 5 6 0;
20 5 7 205;
20 5 8 0;
20 5 9 142;
20 5 10 54;
20 6 1 0;
20 6 2 194;
20 6 3 128;
20 6 4 56;
20 6 5 297;
20 6 6 272;
20 6 7 0;
20 6 8 0;
20 6 9 241;
20 6 10 211;
]

global Cap_c = [
1 1 1 18401.0;
1 1 2 18401.0;
1 1 3 18401.0;
1 1 4 18401.0;
1 1 5 18401.0;
1 1 6 18401.0;
1 1 7 18401.0;
1 1 8 18401.0;
1 1 9 18401.0;
1 1 10 18401.0;
1 2 1 18401.0;
1 2 2 18401.0;
1 2 3 18401.0;
1 2 4 18401.0;
1 2 5 18401.0;
1 2 6 18401.0;
1 2 7 18401.0;
1 2 8 18401.0;
1 2 9 18401.0;
1 2 10 18401.0;
2 1 1 18401.0;
2 1 2 18401.0;
2 1 3 18401.0;
2 1 4 18401.0;
2 1 5 18401.0;
2 1 6 18401.0;
2 1 7 18401.0;
2 1 8 18401.0;
2 1 9 18401.0;
2 1 10 18401.0;
2 2 1 18401.0;
2 2 2 18401.0;
2 2 3 18401.0;
2 2 4 18401.0;
2 2 5 18401.0;
2 2 6 18401.0;
2 2 7 18401.0;
2 2 8 18401.0;
2 2 9 18401.0;
2 2 10 18401.0;
3 1 1 18401.0;
3 1 2 18401.0;
3 1 3 18401.0;
3 1 4 18401.0;
3 1 5 18401.0;
3 1 6 18401.0;
3 1 7 18401.0;
3 1 8 18401.0;
3 1 9 18401.0;
3 1 10 18401.0;
3 2 1 18401.0;
3 2 2 18401.0;
3 2 3 18401.0;
3 2 4 18401.0;
3 2 5 18401.0;
3 2 6 18401.0;
3 2 7 18401.0;
3 2 8 18401.0;
3 2 9 18401.0;
3 2 10 18401.0;
4 1 1 18401.0;
4 1 2 18401.0;
4 1 3 18401.0;
4 1 4 18401.0;
4 1 5 18401.0;
4 1 6 18401.0;
4 1 7 18401.0;
4 1 8 18401.0;
4 1 9 18401.0;
4 1 10 18401.0;
4 2 1 18401.0;
4 2 2 18401.0;
4 2 3 18401.0;
4 2 4 18401.0;
4 2 5 18401.0;
4 2 6 18401.0;
4 2 7 18401.0;
4 2 8 18401.0;
4 2 9 18401.0;
4 2 10 18401.0;
5 1 1 18401.0;
5 1 2 18401.0;
5 1 3 18401.0;
5 1 4 18401.0;
5 1 5 18401.0;
5 1 6 18401.0;
5 1 7 18401.0;
5 1 8 18401.0;
5 1 9 18401.0;
5 1 10 18401.0;
5 2 1 18401.0;
5 2 2 18401.0;
5 2 3 18401.0;
5 2 4 18401.0;
5 2 5 18401.0;
5 2 6 18401.0;
5 2 7 18401.0;
5 2 8 18401.0;
5 2 9 18401.0;
5 2 10 18401.0;
6 1 1 18401.0;
6 1 2 18401.0;
6 1 3 18401.0;
6 1 4 18401.0;
6 1 5 18401.0;
6 1 6 18401.0;
6 1 7 18401.0;
6 1 8 18401.0;
6 1 9 18401.0;
6 1 10 18401.0;
6 2 1 18401.0;
6 2 2 18401.0;
6 2 3 18401.0;
6 2 4 18401.0;
6 2 5 18401.0;
6 2 6 18401.0;
6 2 7 18401.0;
6 2 8 18401.0;
6 2 9 18401.0;
6 2 10 18401.0;
]

global Cap_p = [2.018321e6 2.018321e6 2.018321e6 2.018321e6 2.018321e6 2.018321e6 2.018321e6 2.018321e6 2.018321e6 2.018321e6; 1.71931e6 1.71931e6 1.71931e6 1.71931e6 1.71931e6 1.71931e6 1.71931e6 1.71931e6 1.71931e6 1.71931e6]
#-----------------------------------------