###################################################
# Classe 24 : K = 6, M = 2, T = 10, N = 20
# Exemplo: 3.   c24ex03.dat          Semente: 2109
#-----------------------Dados----------------------
global K = 6
global M = 2
global T = 10
global N = 20

global L = [540, 460]

global l = [50, 54, 54, 54, 57, 58, 62, 68, 79, 82, 85, 89, 93, 102, 111, 121, 131, 135, 140, 147]

global Q1 = 1e5
global Q2 = 1e5

global rho = [2.0, 2.0, 2.0, 2.0, 2.0, 2.0]

global b = [1080.0 920.0; 1080.0 920.0; 1080.0 920.0; 1080.0 920.0; 1080.0 920.0; 1080.0 920.0]

global f = [32.4 27.6; 32.4 27.6; 32.4 27.6; 32.4 27.6; 32.4 27.6; 32.4 27.6]

global c_km = [21.6 37.72; 29.16 24.84; 38.88 37.72; 50.76 27.6; 36.72 20.24; 28.08 29.44]

global p_km = [2.441 4.262; 3.295 2.807; 4.393 4.262; 5.736 3.119; 4.149 2.287; 3.173 3.327]

global c_x = [
1 1 1 25.055;
1 1 2 25.055;
1 1 3 25.055;
1 1 4 25.055;
1 1 5 25.055;
1 1 6 25.055;
1 1 7 25.055;
1 1 8 25.055;
1 1 9 25.055;
1 1 10 25.055;
1 2 1 16.008;
1 2 2 16.008;
1 2 3 16.008;
1 2 4 16.008;
1 2 5 16.008;
1 2 6 16.008;
1 2 7 16.008;
1 2 8 16.008;
1 2 9 16.008;
1 2 10 16.008;
2 1 1 22.788;
2 1 2 22.788;
2 1 3 22.788;
2 1 4 22.788;
2 1 5 22.788;
2 1 6 22.788;
2 1 7 22.788;
2 1 8 22.788;
2 1 9 22.788;
2 1 10 22.788;
2 2 1 13.984;
2 2 2 13.984;
2 2 3 13.984;
2 2 4 13.984;
2 2 5 13.984;
2 2 6 13.984;
2 2 7 13.984;
2 2 8 13.984;
2 2 9 13.984;
2 2 10 13.984;
3 1 1 16.848;
3 1 2 16.848;
3 1 3 16.848;
3 1 4 16.848;
3 1 5 16.848;
3 1 6 16.848;
3 1 7 16.848;
3 1 8 16.848;
3 1 9 16.848;
3 1 10 16.848;
3 2 1 14.72;
3 2 2 14.72;
3 2 3 14.72;
3 2 4 14.72;
3 2 5 14.72;
3 2 6 14.72;
3 2 7 14.72;
3 2 8 14.72;
3 2 9 14.72;
3 2 10 14.72;
4 1 1 25.272;
4 1 2 25.272;
4 1 3 25.272;
4 1 4 25.272;
4 1 5 25.272;
4 1 6 25.272;
4 1 7 25.272;
4 1 8 25.272;
4 1 9 25.272;
4 1 10 25.272;
4 2 1 21.16;
4 2 2 21.16;
4 2 3 21.16;
4 2 4 21.16;
4 2 5 21.16;
4 2 6 21.16;
4 2 7 21.16;
4 2 8 21.16;
4 2 9 21.16;
4 2 10 21.16;
5 1 1 17.82;
5 1 2 17.82;
5 1 3 17.82;
5 1 4 17.82;
5 1 5 17.82;
5 1 6 17.82;
5 1 7 17.82;
5 1 8 17.82;
5 1 9 17.82;
5 1 10 17.82;
5 2 1 15.732;
5 2 2 15.732;
5 2 3 15.732;
5 2 4 15.732;
5 2 5 15.732;
5 2 6 15.732;
5 2 7 15.732;
5 2 8 15.732;
5 2 9 15.732;
5 2 10 15.732;
6 1 1 20.412;
6 1 2 20.412;
6 1 3 20.412;
6 1 4 20.412;
6 1 5 20.412;
6 1 6 20.412;
6 1 7 20.412;
6 1 8 20.412;
6 1 9 20.412;
6 1 10 20.412;
6 2 1 19.504;
6 2 2 19.504;
6 2 3 19.504;
6 2 4 19.504;
6 2 5 19.504;
6 2 6 19.504;
6 2 7 19.504;
6 2 8 19.504;
6 2 9 19.504;
6 2 10 19.504;
]

global c_z = [
1 1 1 0.827;
1 1 2 0.827;
1 1 3 0.827;
1 1 4 0.827;
1 1 5 0.827;
1 1 6 0.827;
1 1 7 0.827;
1 1 8 0.827;
1 1 9 0.827;
1 1 10 0.827;
1 2 1 0.688;
1 2 2 0.688;
1 2 3 0.688;
1 2 4 0.688;
1 2 5 0.688;
1 2 6 0.688;
1 2 7 0.688;
1 2 8 0.688;
1 2 9 0.688;
1 2 10 0.688;
2 1 1 0.98;
2 1 2 0.98;
2 1 3 0.98;
2 1 4 0.98;
2 1 5 0.98;
2 1 6 0.98;
2 1 7 0.98;
2 1 8 0.98;
2 1 9 0.98;
2 1 10 0.98;
2 2 1 0.657;
2 2 2 0.657;
2 2 3 0.657;
2 2 4 0.657;
2 2 5 0.657;
2 2 6 0.657;
2 2 7 0.657;
2 2 8 0.657;
2 2 9 0.657;
2 2 10 0.657;
3 1 1 0.573;
3 1 2 0.573;
3 1 3 0.573;
3 1 4 0.573;
3 1 5 0.573;
3 1 6 0.573;
3 1 7 0.573;
3 1 8 0.573;
3 1 9 0.573;
3 1 10 0.573;
3 2 1 0.589;
3 2 2 0.589;
3 2 3 0.589;
3 2 4 0.589;
3 2 5 0.589;
3 2 6 0.589;
3 2 7 0.589;
3 2 8 0.589;
3 2 9 0.589;
3 2 10 0.589;
4 1 1 0.885;
4 1 2 0.885;
4 1 3 0.885;
4 1 4 0.885;
4 1 5 0.885;
4 1 6 0.885;
4 1 7 0.885;
4 1 8 0.885;
4 1 9 0.885;
4 1 10 0.885;
4 2 1 0.741;
4 2 2 0.741;
4 2 3 0.741;
4 2 4 0.741;
4 2 5 0.741;
4 2 6 0.741;
4 2 7 0.741;
4 2 8 0.741;
4 2 9 0.741;
4 2 10 0.741;
5 1 1 0.695;
5 1 2 0.695;
5 1 3 0.695;
5 1 4 0.695;
5 1 5 0.695;
5 1 6 0.695;
5 1 7 0.695;
5 1 8 0.695;
5 1 9 0.695;
5 1 10 0.695;
5 2 1 0.535;
5 2 2 0.535;
5 2 3 0.535;
5 2 4 0.535;
5 2 5 0.535;
5 2 6 0.535;
5 2 7 0.535;
5 2 8 0.535;
5 2 9 0.535;
5 2 10 0.535;
6 1 1 0.898;
6 1 2 0.898;
6 1 3 0.898;
6 1 4 0.898;
6 1 5 0.898;
6 1 6 0.898;
6 1 7 0.898;
6 1 8 0.898;
6 1 9 0.898;
6 1 10 0.898;
6 2 1 0.722;
6 2 2 0.722;
6 2 3 0.722;
6 2 4 0.722;
6 2 5 0.722;
6 2 6 0.722;
6 2 7 0.722;
6 2 8 0.722;
6 2 9 0.722;
6 2 10 0.722;
]

global c_y = [
1 1 1 3.758;
1 1 2 3.758;
1 1 3 3.758;
1 1 4 3.758;
1 1 5 3.758;
1 1 6 3.758;
1 1 7 3.758;
1 1 8 3.758;
1 1 9 3.758;
1 1 10 3.758;
1 2 1 1.761;
1 2 2 1.761;
1 2 3 1.761;
1 2 4 1.761;
1 2 5 1.761;
1 2 6 1.761;
1 2 7 1.761;
1 2 8 1.761;
1 2 9 1.761;
1 2 10 1.761;
2 1 1 2.507;
2 1 2 2.507;
2 1 3 2.507;
2 1 4 2.507;
2 1 5 2.507;
2 1 6 2.507;
2 1 7 2.507;
2 1 8 2.507;
2 1 9 2.507;
2 1 10 2.507;
2 2 1 1.678;
2 2 2 1.678;
2 2 3 1.678;
2 2 4 1.678;
2 2 5 1.678;
2 2 6 1.678;
2 2 7 1.678;
2 2 8 1.678;
2 2 9 1.678;
2 2 10 1.678;
3 1 1 2.527;
3 1 2 2.527;
3 1 3 2.527;
3 1 4 2.527;
3 1 5 2.527;
3 1 6 2.527;
3 1 7 2.527;
3 1 8 2.527;
3 1 9 2.527;
3 1 10 2.527;
3 2 1 2.208;
3 2 2 2.208;
3 2 3 2.208;
3 2 4 2.208;
3 2 5 2.208;
3 2 6 2.208;
3 2 7 2.208;
3 2 8 2.208;
3 2 9 2.208;
3 2 10 2.208;
4 1 1 2.527;
4 1 2 2.527;
4 1 3 2.527;
4 1 4 2.527;
4 1 5 2.527;
4 1 6 2.527;
4 1 7 2.527;
4 1 8 2.527;
4 1 9 2.527;
4 1 10 2.527;
4 2 1 3.174;
4 2 2 3.174;
4 2 3 3.174;
4 2 4 3.174;
4 2 5 3.174;
4 2 6 3.174;
4 2 7 3.174;
4 2 8 3.174;
4 2 9 3.174;
4 2 10 3.174;
5 1 1 1.782;
5 1 2 1.782;
5 1 3 1.782;
5 1 4 1.782;
5 1 5 1.782;
5 1 6 1.782;
5 1 7 1.782;
5 1 8 1.782;
5 1 9 1.782;
5 1 10 1.782;
5 2 1 1.888;
5 2 2 1.888;
5 2 3 1.888;
5 2 4 1.888;
5 2 5 1.888;
5 2 6 1.888;
5 2 7 1.888;
5 2 8 1.888;
5 2 9 1.888;
5 2 10 1.888;
6 1 1 2.449;
6 1 2 2.449;
6 1 3 2.449;
6 1 4 2.449;
6 1 5 2.449;
6 1 6 2.449;
6 1 7 2.449;
6 1 8 2.449;
6 1 9 2.449;
6 1 10 2.449;
6 2 1 1.95;
6 2 2 1.95;
6 2 3 1.95;
6 2 4 1.95;
6 2 5 1.95;
6 2 6 1.95;
6 2 7 1.95;
6 2 8 1.95;
6 2 9 1.95;
6 2 10 1.95;
]

global c_sc = [
1 1 1 0.128;
1 1 2 0.128;
1 1 3 0.128;
1 1 4 0.128;
1 1 5 0.128;
1 1 6 0.128;
1 1 7 0.128;
1 1 8 0.128;
1 1 9 0.128;
1 1 10 0.128;
1 2 1 0.079;
1 2 2 0.079;
1 2 3 0.079;
1 2 4 0.079;
1 2 5 0.079;
1 2 6 0.079;
1 2 7 0.079;
1 2 8 0.079;
1 2 9 0.079;
1 2 10 0.079;
2 1 1 0.115;
2 1 2 0.115;
2 1 3 0.115;
2 1 4 0.115;
2 1 5 0.115;
2 1 6 0.115;
2 1 7 0.115;
2 1 8 0.115;
2 1 9 0.115;
2 1 10 0.115;
2 2 1 0.065;
2 2 2 0.065;
2 2 3 0.065;
2 2 4 0.065;
2 2 5 0.065;
2 2 6 0.065;
2 2 7 0.065;
2 2 8 0.065;
2 2 9 0.065;
2 2 10 0.065;
3 1 1 0.124;
3 1 2 0.124;
3 1 3 0.124;
3 1 4 0.124;
3 1 5 0.124;
3 1 6 0.124;
3 1 7 0.124;
3 1 8 0.124;
3 1 9 0.124;
3 1 10 0.124;
3 2 1 0.077;
3 2 2 0.077;
3 2 3 0.077;
3 2 4 0.077;
3 2 5 0.077;
3 2 6 0.077;
3 2 7 0.077;
3 2 8 0.077;
3 2 9 0.077;
3 2 10 0.077;
4 1 1 0.078;
4 1 2 0.078;
4 1 3 0.078;
4 1 4 0.078;
4 1 5 0.078;
4 1 6 0.078;
4 1 7 0.078;
4 1 8 0.078;
4 1 9 0.078;
4 1 10 0.078;
4 2 1 0.095;
4 2 2 0.095;
4 2 3 0.095;
4 2 4 0.095;
4 2 5 0.095;
4 2 6 0.095;
4 2 7 0.095;
4 2 8 0.095;
4 2 9 0.095;
4 2 10 0.095;
5 1 1 0.064;
5 1 2 0.064;
5 1 3 0.064;
5 1 4 0.064;
5 1 5 0.064;
5 1 6 0.064;
5 1 7 0.064;
5 1 8 0.064;
5 1 9 0.064;
5 1 10 0.064;
5 2 1 0.089;
5 2 2 0.089;
5 2 3 0.089;
5 2 4 0.089;
5 2 5 0.089;
5 2 6 0.089;
5 2 7 0.089;
5 2 8 0.089;
5 2 9 0.089;
5 2 10 0.089;
6 1 1 0.096;
6 1 2 0.096;
6 1 3 0.096;
6 1 4 0.096;
6 1 5 0.096;
6 1 6 0.096;
6 1 7 0.096;
6 1 8 0.096;
6 1 9 0.096;
6 1 10 0.096;
6 2 1 0.064;
6 2 2 0.064;
6 2 3 0.064;
6 2 4 0.064;
6 2 5 0.064;
6 2 6 0.064;
6 2 7 0.064;
6 2 8 0.064;
6 2 9 0.064;
6 2 10 0.064;
]

global c_w = [
1 1 1 0.251;
1 1 2 0.251;
1 1 3 0.251;
1 1 4 0.251;
1 1 5 0.251;
1 1 6 0.251;
1 1 7 0.251;
1 1 8 0.251;
1 1 9 0.251;
1 1 10 0.251;
1 2 1 0.256;
1 2 2 0.256;
1 2 3 0.256;
1 2 4 0.256;
1 2 5 0.256;
1 2 6 0.256;
1 2 7 0.256;
1 2 8 0.256;
1 2 9 0.256;
1 2 10 0.256;
2 1 1 0.433;
2 1 2 0.433;
2 1 3 0.433;
2 1 4 0.433;
2 1 5 0.433;
2 1 6 0.433;
2 1 7 0.433;
2 1 8 0.433;
2 1 9 0.433;
2 1 10 0.433;
2 2 1 0.224;
2 2 2 0.224;
2 2 3 0.224;
2 2 4 0.224;
2 2 5 0.224;
2 2 6 0.224;
2 2 7 0.224;
2 2 8 0.224;
2 2 9 0.224;
2 2 10 0.224;
3 1 1 0.236;
3 1 2 0.236;
3 1 3 0.236;
3 1 4 0.236;
3 1 5 0.236;
3 1 6 0.236;
3 1 7 0.236;
3 1 8 0.236;
3 1 9 0.236;
3 1 10 0.236;
3 2 1 0.162;
3 2 2 0.162;
3 2 3 0.162;
3 2 4 0.162;
3 2 5 0.162;
3 2 6 0.162;
3 2 7 0.162;
3 2 8 0.162;
3 2 9 0.162;
3 2 10 0.162;
4 1 1 0.758;
4 1 2 0.758;
4 1 3 0.758;
4 1 4 0.758;
4 1 5 0.758;
4 1 6 0.758;
4 1 7 0.758;
4 1 8 0.758;
4 1 9 0.758;
4 1 10 0.758;
4 2 1 0.529;
4 2 2 0.529;
4 2 3 0.529;
4 2 4 0.529;
4 2 5 0.529;
4 2 6 0.529;
4 2 7 0.529;
4 2 8 0.529;
4 2 9 0.529;
4 2 10 0.529;
5 1 1 0.446;
5 1 2 0.446;
5 1 3 0.446;
5 1 4 0.446;
5 1 5 0.446;
5 1 6 0.446;
5 1 7 0.446;
5 1 8 0.446;
5 1 9 0.446;
5 1 10 0.446;
5 2 1 0.252;
5 2 2 0.252;
5 2 3 0.252;
5 2 4 0.252;
5 2 5 0.252;
5 2 6 0.252;
5 2 7 0.252;
5 2 8 0.252;
5 2 9 0.252;
5 2 10 0.252;
6 1 1 0.347;
6 1 2 0.347;
6 1 3 0.347;
6 1 4 0.347;
6 1 5 0.347;
6 1 6 0.347;
6 1 7 0.347;
6 1 8 0.347;
6 1 9 0.347;
6 1 10 0.347;
6 2 1 0.312;
6 2 2 0.312;
6 2 3 0.312;
6 2 4 0.312;
6 2 5 0.312;
6 2 6 0.312;
6 2 7 0.312;
6 2 8 0.312;
6 2 9 0.312;
6 2 10 0.312;
]

global c_e = [
1 1 1 0.02670011923688394;
1 1 2 0.02720389507154213;
1 1 3 0.02770767090620032;
1 1 4 0.024181240063593002;
1 1 5 0.03022655007949125;
1 1 6 0.020654809220985688;
1 1 7 0.023173688394276627;
1 1 8 0.020654809220985688;
1 1 9 0.02670011923688394;
1 1 10 0.025188791732909378;
1 2 1 0.0287241653418124;
1 2 2 0.03525238473767886;
1 2 3 0.03590520667726551;
1 2 4 0.03655802861685215;
1 2 5 0.03459956279809221;
1 2 6 0.03068263116057234;
1 2 7 0.029376987281399047;
1 2 8 0.028071343402225758;
1 2 9 0.03721085055643879;
1 2 10 0.03394674085850557;
1 3 1 0.020564387917329095;
1 3 2 0.01937798092209857;
1 3 3 0.018982511923688397;
1 3 4 0.015818759936406995;
1 3 5 0.01779610492845787;
1 3 6 0.02095985691573927;
1 3 7 0.01858704292527822;
1 3 8 0.016609697933227346;
1 3 9 0.02095985691573927;
1 3 10 0.021355325914149445;
1 4 1 0.0728924880763116;
1 4 2 0.07033485691573928;
1 4 3 0.06521959459459459;
1 4 4 0.05626788553259141;
1 4 5 0.07161367249602545;
1 4 6 0.06521959459459459;
1 4 7 0.0728924880763116;
1 4 8 0.0728924880763116;
1 4 9 0.06266196343402225;
1 4 10 0.06777722575516693;
1 5 1 0.028436009538950716;
1 5 2 0.03190381558028617;
1 5 3 0.03398449920508744;
1 5 4 0.040226550079491254;
1 5 5 0.03537162162162162;
1 5 6 0.0367587440381558;
1 5 7 0.029129570747217805;
1 5 8 0.03190381558028617;
1 5 9 0.040226550079491254;
1 5 10 0.03467806041335453;
1 6 1 0.0386337440381558;
1 6 2 0.0392885532591415;
1 6 3 0.028156796502384736;
1 6 4 0.0392885532591415;
1 6 5 0.030776033386327502;
1 6 6 0.02946641494435612;
1 6 7 0.03208565182829889;
1 6 8 0.02881160572337043;
1 6 9 0.0392885532591415;
1 6 10 0.027501987281399045;
2 1 1 0.022307193958664543;
2 1 2 0.023939427662957074;
2 1 3 0.03210059618441971;
2 1 4 0.029924284578696343;
2 1 5 0.02720389507154213;
2 1 6 0.029924284578696343;
2 1 7 0.023939427662957074;
2 1 8 0.030468362480127183;
2 1 9 0.032644674085850554;
2 1 10 0.0293802066772655;
2 2 1 0.0338422893481717;
2 2 2 0.03313724165341812;
2 2 3 0.038777623211446746;
2 2 4 0.036662480127186016;
2 2 5 0.04159781399046105;
2 2 6 0.035957432432432435;
2 2 7 0.02890695548489666;
2 2 8 0.042302861685214625;
2 2 9 0.028201907790143088;
2 2 10 0.03525238473767886;
2 3 1 0.02391796502384738;
2 3 2 0.021782432432432434;
2 3 3 0.020074006359300477;
2 3 4 0.022636645468998413;
2 3 5 0.018792686804451512;
2 3 6 0.022209538950715424;
2 3 7 0.020074006359300477;
2 3 8 0.023063751987281403;
2 3 9 0.022636645468998413;
2 3 10 0.017084260731319557;
2 4 1 0.0731994038155803;
2 4 2 0.08148612877583465;
2 4 3 0.06491267885532591;
2 4 4 0.06215043720190779;
2 4 5 0.06767492050874403;
2 4 6 0.07043716216216216;
2 4 7 0.0580070747217806;
2 4 8 0.08148612877583465;
2 4 9 0.05938819554848966;
2 4 10 0.06353155802861685;
2 5 1 0.04044848966613673;
2 5 2 0.04344467408585055;
2 5 3 0.03895039745627981;
2 5 4 0.029961844197138317;
2 5 5 0.03071089030206677;
2 5 6 0.03969944356120827;
2 5 7 0.03220898251192369;
2 5 8 0.03595421303656598;
2 5 9 0.04344467408585055;
2 5 10 0.03071089030206677;
2 6 1 0.02899495230524642;
2 6 2 0.031116534181240066;
2 6 3 0.03606689189189189;
2 6 4 0.038188473767885533;
2 6 5 0.028287758346581877;
2 6 6 0.041017249602543715;
2 6 7 0.03182372813990461;
2 6 8 0.0346525039745628;
2 6 9 0.038188473767885533;
2 6 10 0.031116534181240066;
3 1 1 0.022851271860095387;
3 1 2 0.029924284578696343;
3 1 3 0.025027583465818758;
3 1 4 0.026659817170111285;
3 1 5 0.02611573926868044;
3 1 6 0.02774797297297297;
3 1 7 0.02611573926868044;
3 1 8 0.022307193958664543;
3 1 9 0.023939427662957074;
3 1 10 0.03155651828298887;
3 2 1 0.03525238473767886;
3 2 2 0.042302861685214625;
3 2 3 0.02890695548489666;
3 2 4 0.036662480127186016;
3 2 5 0.036662480127186016;
3 2 6 0.030317050874403815;
3 2 7 0.0338422893481717;
3 2 8 0.030317050874403815;
3 2 9 0.031022098569157396;
3 2 10 0.028201907790143088;
3 3 1 0.02391796502384738;
3 3 2 0.023490858505564392;
3 3 3 0.020928219395866456;
3 3 4 0.020501112877583466;
3 3 5 0.017511367249602543;
3 3 6 0.024345071542130364;
3 3 7 0.02391796502384738;
3 3 8 0.025626391096979333;
3 3 9 0.020501112877583466;
3 3 10 0.025199284578696343;
3 4 1 0.06767492050874403;
3 4 2 0.06491267885532591;
3 4 3 0.07596164546899842;
3 4 4 0.0731994038155803;
3 4 5 0.0580070747217806;
3 4 6 0.08148612877583465;
3 4 7 0.08010500794912559;
3 4 8 0.05938819554848966;
3 4 9 0.07043716216216216;
3 4 10 0.07181828298887123;
3 5 1 0.03145993640699523;
3 5 2 0.03071089030206677;
3 5 3 0.036703259141494436;
3 5 4 0.04344467408585055;
3 5 5 0.036703259141494436;
3 5 6 0.037452305246422894;
3 5 7 0.036703259141494436;
3 5 8 0.03520516693163752;
3 5 9 0.04044848966613673;
3 5 10 0.03895039745627981;
3 6 1 0.038895667726550086;
3 6 2 0.03394531001589825;
3 6 3 0.0346525039745628;
3 6 4 0.0346525039745628;
3 6 5 0.031116534181240066;
3 6 6 0.03394531001589825;
3 6 7 0.02899495230524642;
3 6 8 0.029702146263910968;
3 6 9 0.038895667726550086;
3 6 10 0.03182372813990461;
4 1 1 0.023939427662957074;
4 1 2 0.02774797297297297;
4 1 3 0.025027583465818758;
4 1 4 0.02720389507154213;
4 1 5 0.025027583465818758;
4 1 6 0.0293802066772655;
4 1 7 0.023939427662957074;
4 1 8 0.030468362480127183;
4 1 9 0.032644674085850554;
4 1 10 0.03155651828298887;
4 2 1 0.03313724165341812;
4 2 2 0.03313724165341812;
4 2 3 0.03454733704292528;
4 2 4 0.042302861685214625;
4 2 5 0.0338422893481717;
4 2 6 0.031022098569157396;
4 2 7 0.03948267090620032;
4 2 8 0.03313724165341812;
4 2 9 0.04089276629570747;
4 2 10 0.04089276629570747;
4 3 1 0.0192197933227345;
4 3 2 0.02391796502384738;
4 3 3 0.023063751987281403;
4 3 4 0.01964689984101749;
4 3 5 0.023063751987281403;
4 3 6 0.020928219395866456;
4 3 7 0.017511367249602543;
4 3 8 0.020928219395866456;
4 3 9 0.018792686804451512;
4 3 10 0.021355325914149445;
4 4 1 0.06215043720190779;
4 4 2 0.08010500794912559;
4 4 3 0.07181828298887123;
4 4 4 0.06491267885532591;
4 4 5 0.06767492050874403;
4 4 6 0.07043716216216216;
4 4 7 0.07734276629570748;
4 4 8 0.08286724960254371;
4 4 9 0.06353155802861685;
4 4 10 0.07043716216216216;
4 5 1 0.03520516693163752;
4 5 2 0.029961844197138317;
4 5 3 0.032958028616852146;
4 5 4 0.032958028616852146;
4 5 5 0.033707074721780604;
4 5 6 0.029961844197138317;
4 5 7 0.03520516693163752;
4 5 8 0.044193720190779016;
4 5 9 0.04269562798092209;
4 5 10 0.03445612082670906;
4 6 1 0.03253092209856916;
4 6 2 0.035359697933227345;
4 6 3 0.035359697933227345;
4 6 4 0.03182372813990461;
4 6 5 0.0332381160572337;
4 6 6 0.038895667726550086;
4 6 7 0.03606689189189189;
4 6 8 0.041017249602543715;
4 6 9 0.04172444356120827;
4 6 10 0.029702146263910968;
5 1 1 0.026418004769475357;
5 1 2 0.026418004769475357;
5 1 3 0.031012440381558027;
5 1 4 0.03330965818759936;
5 1 5 0.031012440381558027;
5 1 6 0.02526939586645469;
5 1 7 0.03330965818759936;
5 1 8 0.02986383147853736;
5 1 9 0.028140918124006355;
5 1 10 0.02756661367249602;
5 2 1 0.03274554848966614;
5 2 2 0.034233982511923694;
5 2 3 0.04390880365659777;
5 2 4 0.03572241653418124;
5 2 5 0.03200133147853736;
5 2 6 0.029768680445151036;
5 2 7 0.04465302066772655;
5 2 8 0.03572241653418124;
5 2 9 0.03572241653418124;
5 2 10 0.03869928457869635;
5 3 1 0.02164006359300477;
5 3 2 0.019836724960254376;
5 3 3 0.019836724960254376;
5 3 4 0.024795906200317967;
5 3 5 0.02164006359300477;
5 3 6 0.02164006359300477;
5 3 7 0.020738394276629574;
5 3 8 0.02118922893481717;
5 3 9 0.018484220985691573;
5 3 10 0.024345071542130368;
5 4 1 0.058313990461049285;
5 4 2 0.081639586645469;
5 4 3 0.06706108903020669;
5 4 4 0.06706108903020669;
5 4 5 0.07580818759936407;
5 4 6 0.0685189387917329;
5 4 7 0.06706108903020669;
5 4 8 0.058313990461049285;
5 4 9 0.06560323926868045;
5 4 10 0.08455528616852145;
5 5 1 0.04664892686804451;
5 5 2 0.04743958664546899;
5 5 3 0.03874232909379968;
5 5 4 0.033207710651828294;
5 5 5 0.04585826709062003;
5 5 6 0.04111430842607313;
5 5 7 0.043486287758346585;
5 5 8 0.033207710651828294;
5 5 9 0.04506760731319554;
5 5 10 0.043486287758346585;
5 6 1 0.035084678060413356;
5 6 2 0.038817090620031795;
5 6 3 0.04105653815580286;
5 6 4 0.0447889507154213;
5 6 5 0.035084678060413356;
5 6 6 0.03284523052464229;
5 6 7 0.03583116057233704;
5 6 8 0.04329598569157392;
5 6 9 0.04404246820349761;
5 6 10 0.03359171303656598;
6 1 1 0.03038775834658187;
6 1 2 0.03330965818759936;
6 1 3 0.02805023847376788;
6 1 4 0.02746585850556438;
6 1 5 0.03506279809220985;
6 1 6 0.03155651828298887;
6 1 7 0.032725278219395866;
6 1 8 0.028634618441971377;
6 1 9 0.025712718600953893;
6 1 10 0.03506279809220985;
6 2 1 0.030290937996820356;
6 2 2 0.03786367249602544;
6 2 3 0.03786367249602544;
6 2 4 0.03256275834658188;
6 2 5 0.03862094594594595;
6 2 6 0.03256275834658188;
6 2 7 0.0340773052464229;
6 2 8 0.04013549284578697;
6 2 9 0.03256275834658188;
6 2 10 0.04543640699523052;
6 3 1 0.018349761526232116;
6 3 2 0.024772178060413357;
6 3 3 0.02523092209856916;
6 3 4 0.02523092209856916;
6 3 5 0.023395945945945948;
6 3 6 0.024772178060413357;
6 3 7 0.02706589825119237;
6 3 8 0.02201971383147854;
6 3 9 0.025689666136724965;
6 3 10 0.02660715421303657;
6 4 1 0.08900556438791732;
6 4 2 0.05933704292527823;
6 4 3 0.07713815580286168;
6 4 4 0.08455528616852145;
6 4 5 0.06378732114467409;
6 4 6 0.062303895071542124;
6 4 7 0.066754173290938;
6 4 8 0.08455528616852145;
6 4 9 0.06527074721780604;
6 4 10 0.07713815580286168;
6 5 1 0.040226550079491254;
6 5 2 0.03459483306836248;
6 5 3 0.04585826709062003;
6 5 4 0.03379030206677265;
6 5 5 0.042640143084260736;
6 5 6 0.035399364069952304;
6 5 7 0.04746732909379968;
6 5 8 0.040226550079491254;
6 5 9 0.03459483306836248;
6 5 10 0.037008426073131956;
6 6 1 0.04253640699523053;
6 6 2 0.04557472178060413;
6 6 3 0.0326618839427663;
6 6 4 0.031902305246422895;
6 6 5 0.04329598569157392;
6 6 6 0.03873851351351352;
6 6 7 0.03797893481717011;
6 6 8 0.031902305246422895;
6 6 9 0.04405556438791733;
6 6 10 0.0349406200317965;
7 1 1 0.035606875993640694;
7 1 2 0.024987281399046102;
7 1 3 0.030609419713831475;
7 1 4 0.03435751192368839;
7 1 5 0.03623155802861685;
7 1 6 0.037480922098569146;
7 1 7 0.02998473767885532;
7 1 8 0.03248346581875994;
7 1 9 0.030609419713831475;
7 1 10 0.03623155802861685;
7 2 1 0.033189467408585055;
7 2 2 0.03723696343402226;
7 2 3 0.03480846581875994;
7 2 4 0.03885596184419714;
7 2 5 0.03237996820349762;
7 2 6 0.04533195548489667;
7 2 7 0.03723696343402226;
7 2 8 0.03642746422893482;
7 2 9 0.04371295707472179;
7 2 10 0.04776045310015899;
7 3 1 0.02795174880763116;
7 3 2 0.02500945945945946;
7 3 3 0.02795174880763116;
7 3 4 0.019615262321144675;
7 3 5 0.021576788553259143;
7 3 6 0.02746136724960255;
7 3 7 0.02844213036565978;
7 3 8 0.023538314785373608;
7 3 9 0.019615262321144675;
7 3 10 0.022557551669316375;
7 4 1 0.06818644674085851;
7 4 2 0.0808722972972973;
7 4 3 0.06660071542130365;
7 4 4 0.07611510333863275;
7 4 5 0.07928656597774245;
7 4 6 0.08880095389507156;
7 4 7 0.07928656597774245;
7 4 8 0.07294364069952305;
7 4 9 0.08404375993640699;
7 4 10 0.09355814785373608;
7 5 1 0.045580842607313196;
7 5 2 0.0344006359300477;
7 5 3 0.042140779014308426;
7 5 4 0.04902090620031796;
7 5 5 0.043860810810810814;
7 5 6 0.03784069952305247;
7 5 7 0.04988092209856916;
7 5 8 0.04816089030206678;
7 5 9 0.04128076311605723;
7 5 10 0.043860810810810814;
7 6 1 0.03572639109697933;
7 6 2 0.04384602543720191;
7 6 3 0.04141013513513513;
7 6 4 0.04141013513513513;
7 6 5 0.04059817170111288;
7 6 6 0.04059817170111288;
7 6 7 0.03653835453100159;
7 6 8 0.03653835453100159;
7 6 9 0.047093879173290935;
7 6 10 0.03978620826709062;
8 1 1 0.0411081081081081;
8 1 2 0.028090540540540537;
8 1 3 0.0411081081081081;
8 1 4 0.03768243243243243;
8 1 5 0.028775675675675672;
8 1 6 0.03836756756756757;
8 1 7 0.028090540540540537;
8 1 8 0.0411081081081081;
8 1 9 0.03083108108108108;
8 1 10 0.035627027027027025;
8 2 1 0.03728918918918919;
8 2 2 0.05060675675675676;
8 2 3 0.04794324324324324;
8 2 4 0.047055405405405405;
8 2 5 0.03728918918918919;
8 2 6 0.05060675675675676;
8 2 7 0.051494594594594593;
8 2 8 0.05238243243243243;
8 2 9 0.03728918918918919;
8 2 10 0.040840540540540544;
8 3 1 0.030118918918918925;
8 3 2 0.031194594594594595;
8 3 3 0.026891891891891895;
8 3 4 0.023127027027027028;
8 3 5 0.03227027027027027;
8 3 6 0.024202702702702705;
8 3 7 0.024202702702702705;
8 3 8 0.023664864864864868;
8 3 9 0.025278378378378378;
8 3 10 0.024202702702702705;
8 4 1 0.10087297297297297;
8 4 2 0.08174189189189188;
8 4 3 0.09391621621621621;
8 4 4 0.09043783783783783;
8 4 5 0.06956756756756757;
8 4 6 0.08174189189189188;
8 4 7 0.10261216216216215;
8 4 8 0.10435135135135135;
8 4 9 0.09043783783783783;
8 4 10 0.09391621621621621;
8 5 1 0.04904864864864865;
8 5 2 0.05376486486486486;
8 5 3 0.04621891891891892;
8 5 4 0.04621891891891892;
8 5 5 0.04621891891891892;
8 5 6 0.04621891891891892;
8 5 7 0.041502702702702704;
8 5 8 0.045275675675675676;
8 5 9 0.054708108108108104;
8 5 10 0.040559459459459456;
8 6 1 0.04274594594594595;
8 6 2 0.046308108108108106;
8 6 3 0.046308108108108106;
8 6 4 0.04987027027027028;
8 6 5 0.03918378378378379;
8 6 6 0.04987027027027028;
8 6 7 0.053432432432432425;
8 6 8 0.04541756756756757;
8 6 9 0.047198648648648645;
8 6 10 0.047198648648648645;
9 1 1 0.033430564387917326;
9 1 2 0.033430564387917326;
9 1 3 0.04775794912559618;
9 1 4 0.04457408585055644;
9 1 5 0.03581846184419714;
9 1 6 0.035022496025437194;
9 1 7 0.035022496025437194;
9 1 8 0.04537005166931636;
9 1 9 0.04696198330683624;
9 1 10 0.0437781200317965;
9 2 1 0.044352722575516694;
9 2 2 0.052604391891891894;
9 2 3 0.041258346581876;
9 2 4 0.044352722575516694;
9 2 5 0.0567302265500795;
9 2 6 0.0464156399046105;
9 2 7 0.044352722575516694;
9 2 8 0.05879314387917329;
9 2 9 0.060856061208267094;
9 2 10 0.0433212639109698;
9 3 1 0.03311657392686805;
9 3 2 0.0343662559618442;
9 3 3 0.03561593799682035;
9 3 4 0.029992368839427665;
9 3 5 0.031866891891891895;
9 3 6 0.03749046104928458;
9 3 7 0.029367527821939583;
9 3 8 0.024993640699523055;
9 3 9 0.031866891891891895;
9 3 10 0.030617209856915743;
9 4 1 0.09496484499205086;
9 4 2 0.11719065977742449;
9 4 3 0.11719065977742449;
9 4 4 0.1131496025437202;
9 4 5 0.10304695945945945;
9 4 6 0.08688273052464228;
9 4 7 0.09294431637519873;
9 4 8 0.1050674880763116;
9 4 9 0.08688273052464228;
9 4 10 0.11517013116057231;
9 5 1 0.04383306836248013;
9 5 2 0.06574960254372018;
9 5 3 0.046024721780604134;
9 5 4 0.06246212241653417;
9 5 5 0.05369550874403816;
9 5 6 0.05917464228934818;
9 5 7 0.06574960254372018;
9 5 8 0.051503855325914144;
9 5 9 0.051503855325914144;
9 5 10 0.04712054848966613;
9 6 1 0.0424185413354531;
9 6 2 0.04138394276629571;
9 6 3 0.05069532988871224;
9 6 4 0.05483372416534182;
9 6 5 0.05069532988871224;
9 6 6 0.06000671701112877;
9 6 7 0.052764527027027025;
9 6 8 0.04759153418124007;
9 6 9 0.04345313990461049;
9 6 10 0.05172992845786963;
10 1 1 0.04048342607313195;
10 1 2 0.03552627186009538;
10 1 3 0.03635246422893481;
10 1 4 0.0479191573926868;
10 1 5 0.034700079491255954;
10 1 6 0.04461438791732909;
10 1 7 0.034700079491255954;
10 1 8 0.034700079491255954;
10 1 9 0.04544058028616852;
10 1 10 0.03883104133545309;
10 2 1 0.051390143084260737;
10 2 2 0.06102579491255961;
10 2 3 0.04389574721780604;
10 2 4 0.05031951510333863;
10 2 5 0.06102579491255961;
10 2 6 0.05567265500794913;
10 2 7 0.05031951510333863;
10 2 8 0.04924888712241653;
10 2 9 0.04389574721780604;
10 2 10 0.06423767885532591;
10 3 1 0.02594276629570748;
10 3 2 0.036968441971383145;
10 3 3 0.03372559618441972;
10 3 4 0.03307702702702703;
10 3 5 0.031131319554848966;
10 3 6 0.029185612082670908;
10 3 7 0.027888473767885533;
10 3 8 0.029834181240063595;
10 3 9 0.02659133545310016;
10 3 10 0.031779888712241654;
10 4 1 0.10905739268680445;
10 4 2 0.11744642289348171;
10 4 3 0.10696013513513514;
10 4 4 0.08598755961844197;
10 4 5 0.12164093799682034;
10 4 6 0.11954368044515101;
10 4 7 0.12164093799682034;
10 4 8 0.10905739268680445;
10 4 9 0.10905739268680445;
10 4 10 0.11954368044515101;
10 5 1 0.0477724960254372;
10 5 2 0.06028434022257552;
10 5 3 0.05118481717011129;
10 5 4 0.054597138314785375;
10 5 5 0.0557345786963434;
10 5 6 0.04663505564387917;
10 5 7 0.04890993640699523;
10 5 8 0.05118481717011129;
10 5 9 0.06255922098569158;
10 5 10 0.061421780604133544;
10 6 1 0.0504726947535771;
10 6 2 0.054768243243243246;
10 6 3 0.044029372019077896;
10 6 4 0.05262046899841017;
10 6 5 0.04832492050874403;
10 6 6 0.04832492050874403;
10 6 7 0.04295548489666137;
10 6 8 0.05906379173290938;
10 6 9 0.06121156597774244;
10 6 10 0.05369435612082671;
11 1 1 0.0411081081081081;
11 1 2 0.03511317567567567;
11 1 3 0.04453378378378378;
11 1 4 0.05138513513513513;
11 1 5 0.034256756756756754;
11 1 6 0.04881587837837837;
11 1 7 0.03682601351351351;
11 1 8 0.05138513513513513;
11 1 9 0.0453902027027027;
11 1 10 0.046246621621621624;
11 2 1 0.0455016891891892;
11 2 2 0.046611486486486484;
11 2 3 0.06325844594594594;
11 2 4 0.05438006756756757;
11 2 5 0.04994087837837838;
11 2 6 0.06547804054054054;
11 2 7 0.0455016891891892;
11 2 8 0.047721283783783784;
11 2 9 0.044391891891891896;
11 2 10 0.0455016891891892;
11 3 1 0.02958108108108108;
11 3 2 0.03092567567567568;
11 3 3 0.028236486486486485;
11 3 4 0.03025337837837838;
11 3 5 0.03630405405405406;
11 3 6 0.03428716216216217;
11 3 7 0.03764864864864865;
11 3 8 0.03025337837837838;
11 3 9 0.03697635135135136;
11 3 10 0.02958108108108108;
11 4 1 0.11956925675675677;
11 4 2 0.08695945945945946;
11 4 3 0.12391722972972971;
11 4 4 0.09348141891891891;
11 4 5 0.09348141891891891;
11 4 6 0.11956925675675677;
11 4 7 0.10000337837837837;
11 4 8 0.1282652027027027;
11 4 9 0.10435135135135135;
11 4 10 0.08695945945945946;
11 5 1 0.060131756756756756;
11 5 2 0.06956418918918919;
11 5 3 0.06602702702702704;
11 5 4 0.06956418918918919;
11 5 5 0.06602702702702704;
11 5 6 0.061310810810810815;
11 5 7 0.058952702702702704;
11 5 8 0.06602702702702704;
11 5 9 0.055415540540540535;
11 5 10 0.07074324324324324;
11 6 1 0.057885135135135136;
11 6 2 0.053432432432432425;
11 6 3 0.05454560810810811;
11 6 4 0.046753378378378375;
11 6 5 0.06345101351351351;
11 6 6 0.053432432432432425;
11 6 7 0.06233783783783784;
11 6 8 0.06233783783783784;
11 6 9 0.05454560810810811;
11 6 10 0.045640202702702706;
12 1 1 0.05021637519872814;
12 1 2 0.04752621224165342;
12 1 3 0.05290653815580285;
12 1 4 0.05290653815580285;
12 1 5 0.04662949125596184;
12 1 6 0.04214588632750397;
12 1 7 0.051113096184419705;
12 1 8 0.0412491653418124;
12 1 9 0.05290653815580285;
12 1 10 0.05021637519872814;
12 2 1 0.05345306041335454;
12 2 2 0.04880496820349761;
12 2 3 0.0639112678855326;
12 2 4 0.05461508346581876;
12 2 5 0.04648092209856916;
12 2 6 0.049966991255961844;
12 2 7 0.06274924483306837;
12 2 8 0.04648092209856916;
12 2 9 0.0639112678855326;
12 2 10 0.051129014308426084;
12 3 1 0.033788871224165344;
12 3 2 0.03942034976152624;
12 3 3 0.033788871224165344;
12 3 4 0.029565262321144672;
12 3 5 0.03660461049284579;
12 3 6 0.03801248012718601;
12 3 7 0.04082821939586646;
12 3 8 0.04223608903020668;
12 3 9 0.0309731319554849;
12 3 10 0.04223608903020668;
12 4 1 0.10015683624801272;
12 4 2 0.11836717011128776;
12 4 3 0.10015683624801272;
12 4 4 0.12291975357710652;
12 4 5 0.09788054451510332;
12 4 6 0.11153829491255962;
12 4 7 0.10926200317965024;
12 4 8 0.12291975357710652;
12 4 9 0.11153829491255962;
12 4 10 0.10698571144674085;
12 5 1 0.05555425278219397;
12 5 2 0.07036872019077901;
12 5 3 0.06666510333863275;
12 5 4 0.059257869634340224;
12 5 5 0.053085174880763114;
12 5 6 0.0580233306836248;
12 5 7 0.07036872019077901;
12 5 8 0.05555425278219397;
12 5 9 0.06049240858505564;
12 5 10 0.06543056438791733;
12 6 1 0.06993362480127185;
12 6 2 0.05011909777424483;
12 6 3 0.05827802066772655;
12 6 4 0.05128465818759937;
12 6 5 0.06993362480127185;
12 6 6 0.060609141494435616;
12 6 7 0.05128465818759937;
12 6 8 0.04662241653418124;
12 6 9 0.05011909777424483;
12 6 10 0.05128465818759937;
13 1 1 0.04029199125596184;
13 1 2 0.04497710651828298;
13 1 3 0.04685115262321144;
13 1 4 0.05247329093799682;
13 1 5 0.04591412957074721;
13 1 6 0.04966222178060413;
13 1 7 0.0421660373608903;
13 1 8 0.0421660373608903;
13 1 9 0.050599244833068366;
13 1 10 0.038417945151033375;
13 2 1 0.05585544515103339;
13 2 2 0.06314093799682036;
13 2 3 0.06921218203497616;
13 2 4 0.067997933227345;
13 2 5 0.05706969395866455;
13 2 6 0.05585544515103339;
13 2 7 0.05585544515103339;
13 2 8 0.07164067965023847;
13 2 9 0.06435518680445151;
13 2 10 0.07285492845786963;
13 3 1 0.04339876788553259;
13 3 2 0.03236518282988871;
13 3 3 0.03089403815580286;
13 3 4 0.03310075516693164;
13 3 5 0.030158465818759934;
13 3 6 0.04192762321144674;
13 3 7 0.03383632750397456;
13 3 8 0.03677861685214626;
13 3 9 0.03751418918918919;
13 3 10 0.03530747217806041;
13 4 1 0.09514387917329094;
13 4 2 0.12844423688394277;
13 4 3 0.12606563990461048;
13 4 4 0.11179405802861685;
13 4 5 0.13795862480127186;
13 4 6 0.13320143084260733;
13 4 7 0.13320143084260733;
13 4 8 0.11417265500794913;
13 4 9 0.12368704292527821;
13 4 10 0.13320143084260733;
13 5 1 0.06450119236883943;
13 5 2 0.060631120826709066;
13 5 3 0.06450119236883943;
13 5 4 0.06321116852146264;
13 5 5 0.067081240063593;
13 5 6 0.07611140699523052;
13 5 7 0.060631120826709066;
13 5 8 0.05934109697933228;
13 5 9 0.07353135930047694;
13 5 10 0.05418100158982511;
13 6 1 0.07185876391096979;
13 6 2 0.04871780604133546;
13 6 3 0.0621152027027027;
13 6 4 0.06820492845786964;
13 6 5 0.05846136724960254;
13 6 6 0.053589586645469;
13 6 7 0.06333314785373609;
13 6 8 0.06698698330683625;
13 6 9 0.07185876391096979;
13 6 10 0.06455109300476947;
14 1 1 0.050357432432432424;
14 1 2 0.047274324324324324;
14 1 3 0.056523648648648644;
14 1 4 0.0431635135135135;
14 1 5 0.059606756756756744;
14 1 6 0.05241283783783784;
14 1 7 0.06166216216216215;
14 1 8 0.059606756756756744;
14 1 9 0.05446824324324324;
14 1 10 0.05241283783783784;
14 2 1 0.06658783783783784;
14 2 2 0.07324662162162163;
14 2 3 0.059929054054054055;
14 2 4 0.07058310810810811;
14 2 5 0.06925135135135135;
14 2 6 0.07058310810810811;
14 2 7 0.07457837837837838;
14 2 8 0.05726554054054055;
14 2 9 0.05460202702702703;
14 2 10 0.07857364864864866;
14 3 1 0.0354972972972973;
14 3 2 0.0411445945945946;
14 3 3 0.036304054054054055;
14 3 4 0.04759864864864865;
14 3 5 0.03872432432432433;
14 3 6 0.037110810810810815;
14 3 7 0.03307702702702703;
14 3 8 0.04679189189189189;
14 3 9 0.041951351351351356;
14 3 10 0.04033783783783784;
14 4 1 0.1147864864864865;
14 4 2 0.13565675675675676;
14 4 3 0.14087432432432434;
14 4 4 0.13565675675675676;
14 4 5 0.13826554054054055;
14 4 6 0.10435135135135136;
14 4 7 0.12261283783783783;
14 4 8 0.1460918918918919;
14 4 9 0.13826554054054055;
14 4 10 0.14870067567567566;
14 5 1 0.062254054054054056;
14 5 2 0.07923243243243244;
14 5 3 0.06508378378378378;
14 5 4 0.06932837837837838;
14 5 5 0.06083918918918919;
14 5 6 0.06083918918918919;
14 5 7 0.06791351351351352;
14 5 8 0.07215810810810812;
14 5 9 0.06649864864864864;
14 5 10 0.05942432432432432;
14 6 1 0.06011148648648648;
14 6 2 0.07881283783783784;
14 6 3 0.08014864864864864;
14 6 4 0.08014864864864864;
14 6 5 0.06946216216216217;
14 6 6 0.0721337837837838;
14 6 7 0.054768243243243246;
14 6 8 0.07747702702702702;
14 6 9 0.06545472972972972;
14 6 10 0.07614121621621621;
15 1 1 0.06486617647058822;
15 1 2 0.05144558823529411;
15 1 3 0.06039264705882353;
15 1 4 0.05032720588235294;
15 1 5 0.05256397058823528;
15 1 6 0.06039264705882353;
15 1 7 0.05703749999999999;
15 1 8 0.06486617647058822;
15 1 9 0.06374779411764704;
15 1 10 0.0469720588235294;
15 2 1 0.05941985294117647;
15 2 2 0.08405735294117647;
15 2 3 0.062318382352941175;
15 2 4 0.06521691176470588;
15 2 5 0.06811544117647059;
15 2 6 0.062318382352941175;
15 2 7 0.08405735294117647;
15 2 8 0.0739125;
15 2 9 0.07826029411764707;
15 2 10 0.05941985294117647;
15 3 1 0.03950735294117647;
15 3 2 0.04126323529411764;
15 3 3 0.046530882352941186;
15 3 4 0.04038529411764706;
15 3 5 0.04828676470588236;
15 3 6 0.049164705882352944;
15 3 7 0.04214117647058824;
15 3 8 0.05004264705882353;
15 3 9 0.044775;
15 3 10 0.03599558823529412;
15 4 1 0.14762647058823528;
15 4 2 0.11639779411764706;
15 4 3 0.14478749999999999;
15 4 4 0.14762647058823528;
15 4 5 0.1504654411764706;
15 4 6 0.11923676470588235;
15 4 7 0.15898235294117646;
15 4 8 0.16182132352941175;
15 4 9 0.14762647058823528;
15 4 10 0.12491470588235294;
15 5 1 0.06466764705882352;
15 5 2 0.06774705882352941;
15 5 3 0.06620735294117647;
15 5 4 0.0708264705882353;
15 5 5 0.06466764705882352;
15 5 6 0.08776323529411764;
15 5 7 0.09084264705882353;
15 5 8 0.08006470588235294;
15 5 9 0.07698529411764705;
15 5 10 0.06466764705882352;
15 6 1 0.08431323529411763;
15 6 2 0.05960073529411764;
15 6 3 0.0872205882352941;
15 6 4 0.08140588235294118;
15 6 5 0.0741375;
15 6 6 0.07268382352941176;
15 6 7 0.06686911764705883;
15 6 8 0.07123014705882352;
15 6 9 0.08576691176470587;
15 6 10 0.06250808823529411;
16 1 1 0.056080325914149444;
16 1 2 0.054861188394276623;
16 1 3 0.056080325914149444;
16 1 4 0.05973773847376788;
16 1 5 0.04876550079491256;
16 1 6 0.0707099761526232;
16 1 7 0.056080325914149444;
16 1 8 0.05729946343402225;
16 1 9 0.0707099761526232;
16 1 10 0.06583342607313195;
16 2 1 0.07267213831478539;
16 2 2 0.06635282193958665;
16 2 3 0.0884704292527822;
16 2 4 0.08689060015898253;
16 2 5 0.06635282193958665;
16 2 6 0.08215111287758348;
16 2 7 0.08215111287758348;
16 2 8 0.06951248012718601;
16 2 9 0.0884704292527822;
16 2 10 0.09478974562798093;
16 3 1 0.05455099364069953;
16 3 2 0.05359395866454691;
16 3 3 0.05263692368839429;
16 3 4 0.05455099364069953;
16 3 5 0.05646506359300477;
16 3 6 0.04498064387917329;
16 3 7 0.04785174880763116;
16 3 8 0.04019546899841018;
16 3 9 0.04498064387917329;
16 3 10 0.04880878378378379;
16 4 1 0.16092615262321144;
16 4 2 0.1763998211446741;
16 4 3 0.18258928855325915;
16 4 4 0.17330508744038156;
16 4 5 0.1454524841017488;
16 4 6 0.15783141891891891;
16 4 7 0.13616828298887124;
16 4 8 0.164020886327504;
16 4 9 0.1763998211446741;
16 4 10 0.15164195151033386;
16 5 1 0.07217197933227346;
16 5 2 0.08559932432432432;
16 5 3 0.10070508744038155;
16 5 4 0.08559932432432432;
16 5 5 0.0704935612082671;
16 5 6 0.0990266693163752;
16 5 7 0.09734825119236883;
16 5 8 0.0704935612082671;
16 5 9 0.0990266693163752;
16 5 10 0.08392090620031796;
16 6 1 0.08557046899841018;
16 6 2 0.06972408585055644;
16 6 3 0.07764727742448331;
16 6 4 0.07764727742448331;
16 6 5 0.07764727742448331;
16 6 6 0.08081655405405405;
16 6 7 0.09349366057233705;
16 6 8 0.07923191573926867;
16 6 9 0.08873974562798093;
16 6 10 0.0665548092209857;
17 1 1 0.05279570747217806;
17 1 2 0.05279570747217806;
17 1 3 0.07127420508744038;
17 1 4 0.0739139904610493;
17 1 5 0.05675538553259141;
17 1 6 0.06731452702702702;
17 1 7 0.0739139904610493;
17 1 8 0.05939517090620031;
17 1 9 0.07259409777424483;
17 1 10 0.058075278219395864;
17 2 1 0.10091321542130366;
17 2 2 0.0906508545310016;
17 2 3 0.09236124801271862;
17 2 4 0.07867810015898252;
17 2 5 0.08038849364069951;
17 2 6 0.08551967408585057;
17 2 7 0.10262360890302066;
17 2 8 0.08038849364069951;
17 2 9 0.09749242845786962;
17 2 10 0.0752573131955485;
17 3 1 0.06009546899841017;
17 3 2 0.06113159777424483;
17 3 3 0.04351740858505564;
17 3 4 0.05802321144674087;
17 3 5 0.050770310015898254;
17 3 6 0.05284256756756757;
17 3 7 0.04766192368839428;
17 3 8 0.05491482511923689;
17 3 9 0.041445151033386335;
17 3 10 0.04662579491255962;
17 4 1 0.1742258346581876;
17 4 2 0.17757633147853738;
17 4 3 0.1641743441971383;
17 4 4 0.14742186009538952;
17 4 5 0.1976793124006359;
17 4 6 0.1742258346581876;
17 4 7 0.1507723569157393;
17 4 8 0.1373703696343402;
17 4 9 0.19432881558028614;
17 4 10 0.14742186009538952;
17 5 1 0.09994217011128777;
17 5 2 0.07631947535771065;
17 5 3 0.10175930047694756;
17 5 4 0.09812503974562799;
17 5 5 0.08358799682034977;
17 5 6 0.08903938791732909;
17 5 7 0.0726852146263911;
17 5 8 0.08177086645468999;
17 5 9 0.07995373608903021;
17 5 10 0.09994217011128777;
17 6 1 0.09778920906200317;
17 6 2 0.08406440779014308;
17 6 3 0.07891760731319555;
17 6 4 0.1012204093799682;
17 6 5 0.10293600953895071;
17 6 6 0.08063320747217805;
17 6 7 0.09264240858505565;
17 6 8 0.09435800874403817;
17 6 9 0.09264240858505565;
17 6 10 0.08234880763116056;
18 1 1 0.07889129570747216;
18 1 2 0.063929153418124;
18 1 3 0.08161168521462638;
18 1 4 0.05712817965023846;
18 1 5 0.07073012718600953;
18 1 6 0.05712817965023846;
18 1 7 0.08025149046104926;
18 1 8 0.06936993243243242;
18 1 9 0.07889129570747216;
18 1 10 0.061208763910969785;
18 2 1 0.07403000794912559;
18 2 2 0.07050476947535772;
18 2 3 0.07931786565977743;
18 2 4 0.10046929650238473;
18 2 5 0.09694405802861686;
18 2 6 0.10223191573926868;
18 2 7 0.07050476947535772;
18 2 8 0.10575715421303657;
18 2 9 0.10046929650238473;
18 2 10 0.09165620031796504;
18 3 1 0.06406597774244834;
18 3 2 0.06086267885532591;
18 3 3 0.04484618441971383;
18 3 4 0.05552384737678856;
18 3 5 0.04698171701112878;
18 3 6 0.05659161367249602;
18 3 7 0.06299821144674085;
18 3 8 0.04377841812400636;
18 3 9 0.049117249602543725;
18 3 10 0.06406597774244834;
18 4 1 0.17264010333863275;
18 4 2 0.1381120826709062;
18 4 3 0.16228169713831478;
18 4 4 0.1691873012718601;
18 4 5 0.18990411367249602;
18 4 6 0.2037153219395866;
18 4 7 0.1760929054054054;
18 4 8 0.1381120826709062;
18 4 9 0.1829985095389507;
18 4 10 0.18990411367249602;
18 5 1 0.10299383942766295;
18 5 2 0.08988553259141494;
18 5 3 0.07490461049284579;
18 5 4 0.09550337837837837;
18 5 5 0.07677722575516692;
18 5 6 0.09737599364069953;
18 5 7 0.08426768680445151;
18 5 8 0.07490461049284579;
18 5 9 0.0917581478537361;
18 5 10 0.07864984101748806;
18 6 1 0.09370319952305246;
18 6 2 0.07602335055643879;
18 6 3 0.09900715421303657;
18 6 4 0.07248738076311605;
18 6 5 0.07248738076311605;
18 6 6 0.07955932034976153;
18 6 7 0.08309529014308425;
18 6 8 0.09016722972972972;
18 6 9 0.08309529014308425;
18 6 10 0.08839924483306837;
19 1 1 0.07899205087440381;
19 1 2 0.07193918918918919;
19 1 3 0.059244038155802856;
19 1 4 0.07476033386327503;
19 1 5 0.06629689984101748;
19 1 6 0.05783346581875993;
19 1 7 0.06629689984101748;
19 1 8 0.0733497615262321;
19 1 9 0.06347575516693163;
19 1 10 0.07193918918918919;
19 2 1 0.10601828298887121;
19 2 2 0.08591136724960255;
19 2 3 0.07494395866454691;
19 2 4 0.10236248012718602;
19 2 5 0.09505087440381559;
19 2 6 0.08591136724960255;
19 2 7 0.09322297297297298;
19 2 8 0.10601828298887121;
19 2 9 0.08408346581875994;
19 2 10 0.10967408585055645;
19 3 1 0.05425834658187599;
19 3 2 0.0642241653418124;
19 3 3 0.04872178060413355;
19 3 4 0.06311685214626392;
19 3 5 0.055365659777424484;
19 3 6 0.04539984101748808;
19 3 7 0.047614467408585055;
19 3 8 0.055365659777424484;
19 3 9 0.06533147853736089;
19 3 10 0.0642241653418124;
19 4 1 0.1790341812400636;
19 4 2 0.20051828298887123;
19 4 3 0.15396939586645467;
19 4 4 0.1790341812400636;
19 4 5 0.1933569157392687;
19 4 6 0.1933569157392687;
19 4 7 0.14680802861685213;
19 4 8 0.2040989666136725;
19 4 9 0.1754534976152623;
19 4 10 0.15755007949125596;
19 5 1 0.09321462639109698;
19 5 2 0.08738871224165341;
19 5 3 0.11457631160572336;
19 5 4 0.1126343402225755;
19 5 5 0.0835047694753577;
19 5 6 0.09321462639109698;
19 5 7 0.10680842607313196;
19 5 8 0.11069236883942767;
19 5 9 0.09709856915739269;
19 5 10 0.09127265500794912;
19 6 1 0.08800635930047696;
19 6 2 0.08983982511923687;
19 6 3 0.09167329093799682;
19 6 4 0.08983982511923687;
19 6 5 0.09167329093799682;
19 6 6 0.07333863275039745;
19 6 7 0.0806724960254372;
19 6 8 0.09534022257551669;
19 6 9 0.10450755166931637;
19 6 10 0.09900715421303657;
20 1 1 0.06664954292527822;
20 1 2 0.082941653418124;
20 1 3 0.08590385532591413;
20 1 4 0.07109284578696343;
20 1 5 0.05924403815580286;
20 1 6 0.06664954292527822;
20 1 7 0.0681306438791733;
20 1 8 0.07849835055643879;
20 1 9 0.07997945151033387;
20 1 10 0.08590385532591413;
20 2 1 0.08252974960254372;
20 2 2 0.09212623211446742;
20 2 3 0.08828763910969795;
20 2 4 0.09212623211446742;
20 2 5 0.09212623211446742;
20 2 6 0.07869115659777424;
20 2 7 0.09788412162162162;
20 2 8 0.10364201112877586;
20 2 9 0.08252974960254372;
20 2 10 0.11131919713831478;
20 3 1 0.04766983306836248;
20 3 2 0.06743537360890302;
20 3 3 0.04883251192368839;
20 3 4 0.06045930047694754;
20 3 5 0.06976073131955486;
20 3 6 0.05115786963434023;
20 3 7 0.05232054848966614;
20 3 8 0.06045930047694754;
20 3 9 0.05115786963434023;
20 3 10 0.04766983306836248;
20 4 1 0.21806363275039742;
20 4 2 0.15038871224165343;
20 4 3 0.1992650437201908;
20 4 4 0.17294701907790144;
20 4 5 0.22182335055643876;
20 4 6 0.19550532591414943;
20 4 7 0.15790814785373608;
20 4 8 0.1804664546899841;
20 4 9 0.1691873012718601;
20 4 10 0.15790814785373608;
20 5 1 0.0876800079491256;
20 5 2 0.08564093799682035;
20 5 3 0.10807070747217808;
20 5 4 0.08971907790143085;
20 5 5 0.10195349761526232;
20 5 6 0.0876800079491256;
20 5 7 0.09787535771065183;
20 5 8 0.12030512718600953;
20 5 9 0.09379721780604135;
20 5 10 0.11826605723370429;
20 6 1 0.10973292925278218;
20 6 2 0.11550834658187599;
20 6 3 0.10588265103338634;
20 6 4 0.09625695548489666;
20 6 5 0.10780779014308427;
20 6 6 0.10203237281399047;
20 6 7 0.07700556438791734;
20 6 8 0.08278098171701113;
20 6 9 0.086631259936407;
20 6 10 0.10010723370429252;
]

global d = [
1 1 1 129;
1 1 2 292;
1 1 3 279;
1 1 4 182;
1 1 5 97;
1 1 6 0;
1 1 7 255;
1 1 8 178;
1 1 9 0;
1 1 10 85;
1 2 1 152;
1 2 2 144;
1 2 3 260;
1 2 4 243;
1 2 5 117;
1 2 6 242;
1 2 7 93;
1 2 8 144;
1 2 9 0;
1 2 10 0;
1 3 1 275;
1 3 2 0;
1 3 3 0;
1 3 4 215;
1 3 5 266;
1 3 6 146;
1 3 7 132;
1 3 8 164;
1 3 9 90;
1 3 10 213;
1 4 1 245;
1 4 2 155;
1 4 3 0;
1 4 4 0;
1 4 5 283;
1 4 6 213;
1 4 7 219;
1 4 8 70;
1 4 9 121;
1 4 10 143;
1 5 1 223;
1 5 2 200;
1 5 3 230;
1 5 4 267;
1 5 5 87;
1 5 6 134;
1 5 7 236;
1 5 8 106;
1 5 9 0;
1 5 10 71;
1 6 1 248;
1 6 2 0;
1 6 3 110;
1 6 4 0;
1 6 5 60;
1 6 6 60;
1 6 7 88;
1 6 8 163;
1 6 9 0;
1 6 10 0;
2 1 1 71;
2 1 2 130;
2 1 3 0;
2 1 4 140;
2 1 5 0;
2 1 6 101;
2 1 7 0;
2 1 8 67;
2 1 9 189;
2 1 10 167;
2 2 1 77;
2 2 2 114;
2 2 3 0;
2 2 4 261;
2 2 5 180;
2 2 6 142;
2 2 7 0;
2 2 8 263;
2 2 9 252;
2 2 10 0;
2 3 1 277;
2 3 2 0;
2 3 3 63;
2 3 4 138;
2 3 5 117;
2 3 6 82;
2 3 7 290;
2 3 8 202;
2 3 9 136;
2 3 10 0;
2 4 1 58;
2 4 2 172;
2 4 3 212;
2 4 4 180;
2 4 5 150;
2 4 6 206;
2 4 7 0;
2 4 8 135;
2 4 9 266;
2 4 10 0;
2 5 1 165;
2 5 2 294;
2 5 3 250;
2 5 4 283;
2 5 5 272;
2 5 6 175;
2 5 7 251;
2 5 8 294;
2 5 9 169;
2 5 10 154;
2 6 1 230;
2 6 2 52;
2 6 3 163;
2 6 4 187;
2 6 5 75;
2 6 6 214;
2 6 7 0;
2 6 8 281;
2 6 9 0;
2 6 10 156;
3 1 1 231;
3 1 2 172;
3 1 3 118;
3 1 4 234;
3 1 5 91;
3 1 6 87;
3 1 7 105;
3 1 8 77;
3 1 9 0;
3 1 10 0;
3 2 1 73;
3 2 2 155;
3 2 3 79;
3 2 4 224;
3 2 5 231;
3 2 6 121;
3 2 7 241;
3 2 8 145;
3 2 9 210;
3 2 10 241;
3 3 1 260;
3 3 2 70;
3 3 3 282;
3 3 4 0;
3 3 5 280;
3 3 6 197;
3 3 7 0;
3 3 8 272;
3 3 9 268;
3 3 10 65;
3 4 1 0;
3 4 2 128;
3 4 3 0;
3 4 4 281;
3 4 5 91;
3 4 6 199;
3 4 7 243;
3 4 8 152;
3 4 9 199;
3 4 10 262;
3 5 1 181;
3 5 2 60;
3 5 3 0;
3 5 4 142;
3 5 5 205;
3 5 6 113;
3 5 7 0;
3 5 8 272;
3 5 9 98;
3 5 10 70;
3 6 1 294;
3 6 2 155;
3 6 3 0;
3 6 4 197;
3 6 5 0;
3 6 6 261;
3 6 7 154;
3 6 8 169;
3 6 9 51;
3 6 10 89;
4 1 1 0;
4 1 2 96;
4 1 3 115;
4 1 4 85;
4 1 5 281;
4 1 6 94;
4 1 7 74;
4 1 8 0;
4 1 9 236;
4 1 10 0;
4 2 1 264;
4 2 2 0;
4 2 3 190;
4 2 4 289;
4 2 5 273;
4 2 6 206;
4 2 7 0;
4 2 8 75;
4 2 9 233;
4 2 10 170;
4 3 1 239;
4 3 2 228;
4 3 3 259;
4 3 4 210;
4 3 5 82;
4 3 6 168;
4 3 7 279;
4 3 8 90;
4 3 9 238;
4 3 10 266;
4 4 1 276;
4 4 2 121;
4 4 3 239;
4 4 4 180;
4 4 5 0;
4 4 6 147;
4 4 7 143;
4 4 8 113;
4 4 9 165;
4 4 10 203;
4 5 1 0;
4 5 2 0;
4 5 3 64;
4 5 4 285;
4 5 5 151;
4 5 6 293;
4 5 7 268;
4 5 8 181;
4 5 9 75;
4 5 10 0;
4 6 1 233;
4 6 2 68;
4 6 3 0;
4 6 4 84;
4 6 5 261;
4 6 6 120;
4 6 7 274;
4 6 8 230;
4 6 9 177;
4 6 10 157;
5 1 1 147;
5 1 2 291;
5 1 3 0;
5 1 4 134;
5 1 5 161;
5 1 6 264;
5 1 7 140;
5 1 8 216;
5 1 9 191;
5 1 10 109;
5 2 1 244;
5 2 2 65;
5 2 3 255;
5 2 4 0;
5 2 5 216;
5 2 6 147;
5 2 7 0;
5 2 8 92;
5 2 9 253;
5 2 10 199;
5 3 1 71;
5 3 2 0;
5 3 3 0;
5 3 4 177;
5 3 5 85;
5 3 6 198;
5 3 7 198;
5 3 8 82;
5 3 9 0;
5 3 10 211;
5 4 1 0;
5 4 2 205;
5 4 3 195;
5 4 4 88;
5 4 5 169;
5 4 6 263;
5 4 7 178;
5 4 8 105;
5 4 9 0;
5 4 10 178;
5 5 1 0;
5 5 2 218;
5 5 3 128;
5 5 4 268;
5 5 5 288;
5 5 6 0;
5 5 7 108;
5 5 8 251;
5 5 9 0;
5 5 10 277;
5 6 1 131;
5 6 2 216;
5 6 3 118;
5 6 4 188;
5 6 5 0;
5 6 6 227;
5 6 7 248;
5 6 8 191;
5 6 9 201;
5 6 10 244;
6 1 1 206;
6 1 2 140;
6 1 3 175;
6 1 4 0;
6 1 5 126;
6 1 6 233;
6 1 7 0;
6 1 8 162;
6 1 9 0;
6 1 10 0;
6 2 1 0;
6 2 2 160;
6 2 3 106;
6 2 4 0;
6 2 5 0;
6 2 6 154;
6 2 7 55;
6 2 8 0;
6 2 9 0;
6 2 10 84;
6 3 1 115;
6 3 2 0;
6 3 3 272;
6 3 4 297;
6 3 5 66;
6 3 6 255;
6 3 7 109;
6 3 8 169;
6 3 9 255;
6 3 10 246;
6 4 1 86;
6 4 2 193;
6 4 3 159;
6 4 4 291;
6 4 5 0;
6 4 6 115;
6 4 7 210;
6 4 8 222;
6 4 9 83;
6 4 10 0;
6 5 1 263;
6 5 2 108;
6 5 3 119;
6 5 4 261;
6 5 5 192;
6 5 6 183;
6 5 7 101;
6 5 8 135;
6 5 9 0;
6 5 10 187;
6 6 1 189;
6 6 2 0;
6 6 3 56;
6 6 4 137;
6 6 5 109;
6 6 6 135;
6 6 7 269;
6 6 8 0;
6 6 9 61;
6 6 10 289;
7 1 1 218;
7 1 2 149;
7 1 3 235;
7 1 4 192;
7 1 5 119;
7 1 6 242;
7 1 7 115;
7 1 8 232;
7 1 9 268;
7 1 10 63;
7 2 1 64;
7 2 2 235;
7 2 3 83;
7 2 4 291;
7 2 5 0;
7 2 6 0;
7 2 7 292;
7 2 8 237;
7 2 9 0;
7 2 10 0;
7 3 1 68;
7 3 2 261;
7 3 3 189;
7 3 4 225;
7 3 5 0;
7 3 6 155;
7 3 7 0;
7 3 8 213;
7 3 9 269;
7 3 10 204;
7 4 1 176;
7 4 2 89;
7 4 3 282;
7 4 4 222;
7 4 5 278;
7 4 6 73;
7 4 7 127;
7 4 8 270;
7 4 9 203;
7 4 10 0;
7 5 1 0;
7 5 2 0;
7 5 3 109;
7 5 4 261;
7 5 5 267;
7 5 6 143;
7 5 7 0;
7 5 8 265;
7 5 9 0;
7 5 10 0;
7 6 1 140;
7 6 2 236;
7 6 3 242;
7 6 4 214;
7 6 5 198;
7 6 6 212;
7 6 7 269;
7 6 8 98;
7 6 9 92;
7 6 10 0;
8 1 1 144;
8 1 2 284;
8 1 3 104;
8 1 4 200;
8 1 5 55;
8 1 6 86;
8 1 7 125;
8 1 8 172;
8 1 9 0;
8 1 10 292;
8 2 1 96;
8 2 2 148;
8 2 3 282;
8 2 4 288;
8 2 5 273;
8 2 6 0;
8 2 7 134;
8 2 8 0;
8 2 9 256;
8 2 10 79;
8 3 1 0;
8 3 2 69;
8 3 3 174;
8 3 4 66;
8 3 5 161;
8 3 6 0;
8 3 7 82;
8 3 8 0;
8 3 9 119;
8 3 10 74;
8 4 1 228;
8 4 2 232;
8 4 3 123;
8 4 4 278;
8 4 5 109;
8 4 6 199;
8 4 7 156;
8 4 8 0;
8 4 9 0;
8 4 10 97;
8 5 1 205;
8 5 2 192;
8 5 3 195;
8 5 4 61;
8 5 5 142;
8 5 6 132;
8 5 7 0;
8 5 8 76;
8 5 9 268;
8 5 10 253;
8 6 1 237;
8 6 2 191;
8 6 3 186;
8 6 4 188;
8 6 5 90;
8 6 6 111;
8 6 7 125;
8 6 8 202;
8 6 9 82;
8 6 10 171;
9 1 1 229;
9 1 2 60;
9 1 3 114;
9 1 4 213;
9 1 5 187;
9 1 6 214;
9 1 7 105;
9 1 8 254;
9 1 9 179;
9 1 10 178;
9 2 1 241;
9 2 2 169;
9 2 3 65;
9 2 4 150;
9 2 5 87;
9 2 6 199;
9 2 7 164;
9 2 8 106;
9 2 9 109;
9 2 10 139;
9 3 1 156;
9 3 2 105;
9 3 3 0;
9 3 4 151;
9 3 5 230;
9 3 6 0;
9 3 7 236;
9 3 8 57;
9 3 9 240;
9 3 10 94;
9 4 1 203;
9 4 2 216;
9 4 3 273;
9 4 4 154;
9 4 5 0;
9 4 6 162;
9 4 7 165;
9 4 8 143;
9 4 9 0;
9 4 10 187;
9 5 1 67;
9 5 2 225;
9 5 3 109;
9 5 4 159;
9 5 5 121;
9 5 6 0;
9 5 7 0;
9 5 8 279;
9 5 9 198;
9 5 10 116;
9 6 1 74;
9 6 2 159;
9 6 3 0;
9 6 4 140;
9 6 5 63;
9 6 6 288;
9 6 7 54;
9 6 8 78;
9 6 9 0;
9 6 10 144;
10 1 1 0;
10 1 2 0;
10 1 3 173;
10 1 4 0;
10 1 5 147;
10 1 6 88;
10 1 7 174;
10 1 8 281;
10 1 9 229;
10 1 10 257;
10 2 1 0;
10 2 2 199;
10 2 3 58;
10 2 4 0;
10 2 5 157;
10 2 6 283;
10 2 7 140;
10 2 8 99;
10 2 9 257;
10 2 10 248;
10 3 1 0;
10 3 2 92;
10 3 3 205;
10 3 4 0;
10 3 5 0;
10 3 6 0;
10 3 7 85;
10 3 8 0;
10 3 9 127;
10 3 10 0;
10 4 1 86;
10 4 2 296;
10 4 3 296;
10 4 4 52;
10 4 5 297;
10 4 6 142;
10 4 7 102;
10 4 8 209;
10 4 9 163;
10 4 10 0;
10 5 1 158;
10 5 2 147;
10 5 3 0;
10 5 4 111;
10 5 5 143;
10 5 6 277;
10 5 7 296;
10 5 8 129;
10 5 9 98;
10 5 10 261;
10 6 1 161;
10 6 2 218;
10 6 3 166;
10 6 4 0;
10 6 5 0;
10 6 6 121;
10 6 7 0;
10 6 8 246;
10 6 9 250;
10 6 10 94;
11 1 1 0;
11 1 2 286;
11 1 3 112;
11 1 4 0;
11 1 5 188;
11 1 6 255;
11 1 7 155;
11 1 8 197;
11 1 9 105;
11 1 10 155;
11 2 1 125;
11 2 2 57;
11 2 3 111;
11 2 4 232;
11 2 5 252;
11 2 6 99;
11 2 7 248;
11 2 8 82;
11 2 9 168;
11 2 10 61;
11 3 1 79;
11 3 2 68;
11 3 3 0;
11 3 4 276;
11 3 5 129;
11 3 6 251;
11 3 7 283;
11 3 8 201;
11 3 9 0;
11 3 10 60;
11 4 1 0;
11 4 2 0;
11 4 3 253;
11 4 4 103;
11 4 5 0;
11 4 6 160;
11 4 7 288;
11 4 8 244;
11 4 9 83;
11 4 10 269;
11 5 1 72;
11 5 2 0;
11 5 3 164;
11 5 4 0;
11 5 5 0;
11 5 6 128;
11 5 7 0;
11 5 8 279;
11 5 9 186;
11 5 10 135;
11 6 1 78;
11 6 2 274;
11 6 3 220;
11 6 4 0;
11 6 5 247;
11 6 6 72;
11 6 7 0;
11 6 8 161;
11 6 9 201;
11 6 10 213;
12 1 1 151;
12 1 2 232;
12 1 3 161;
12 1 4 114;
12 1 5 60;
12 1 6 293;
12 1 7 0;
12 1 8 287;
12 1 9 0;
12 1 10 220;
12 2 1 194;
12 2 2 298;
12 2 3 0;
12 2 4 0;
12 2 5 0;
12 2 6 129;
12 2 7 249;
12 2 8 98;
12 2 9 175;
12 2 10 173;
12 3 1 180;
12 3 2 261;
12 3 3 106;
12 3 4 266;
12 3 5 244;
12 3 6 202;
12 3 7 164;
12 3 8 65;
12 3 9 173;
12 3 10 144;
12 4 1 140;
12 4 2 289;
12 4 3 260;
12 4 4 264;
12 4 5 155;
12 4 6 235;
12 4 7 181;
12 4 8 86;
12 4 9 78;
12 4 10 0;
12 5 1 0;
12 5 2 294;
12 5 3 147;
12 5 4 229;
12 5 5 129;
12 5 6 231;
12 5 7 233;
12 5 8 96;
12 5 9 127;
12 5 10 0;
12 6 1 146;
12 6 2 163;
12 6 3 92;
12 6 4 273;
12 6 5 242;
12 6 6 74;
12 6 7 211;
12 6 8 233;
12 6 9 98;
12 6 10 77;
13 1 1 268;
13 1 2 269;
13 1 3 147;
13 1 4 176;
13 1 5 61;
13 1 6 94;
13 1 7 0;
13 1 8 181;
13 1 9 131;
13 1 10 0;
13 2 1 0;
13 2 2 144;
13 2 3 94;
13 2 4 215;
13 2 5 0;
13 2 6 0;
13 2 7 247;
13 2 8 111;
13 2 9 75;
13 2 10 194;
13 3 1 63;
13 3 2 53;
13 3 3 75;
13 3 4 92;
13 3 5 0;
13 3 6 110;
13 3 7 287;
13 3 8 189;
13 3 9 56;
13 3 10 0;
13 4 1 264;
13 4 2 83;
13 4 3 107;
13 4 4 214;
13 4 5 89;
13 4 6 134;
13 4 7 265;
13 4 8 200;
13 4 9 238;
13 4 10 83;
13 5 1 294;
13 5 2 262;
13 5 3 0;
13 5 4 242;
13 5 5 145;
13 5 6 273;
13 5 7 278;
13 5 8 61;
13 5 9 84;
13 5 10 90;
13 6 1 294;
13 6 2 220;
13 6 3 263;
13 6 4 238;
13 6 5 269;
13 6 6 209;
13 6 7 266;
13 6 8 60;
13 6 9 244;
13 6 10 261;
14 1 1 209;
14 1 2 197;
14 1 3 131;
14 1 4 115;
14 1 5 0;
14 1 6 207;
14 1 7 0;
14 1 8 176;
14 1 9 0;
14 1 10 109;
14 2 1 278;
14 2 2 148;
14 2 3 137;
14 2 4 288;
14 2 5 0;
14 2 6 227;
14 2 7 69;
14 2 8 145;
14 2 9 204;
14 2 10 81;
14 3 1 127;
14 3 2 75;
14 3 3 0;
14 3 4 56;
14 3 5 264;
14 3 6 148;
14 3 7 0;
14 3 8 0;
14 3 9 150;
14 3 10 59;
14 4 1 0;
14 4 2 191;
14 4 3 68;
14 4 4 275;
14 4 5 224;
14 4 6 175;
14 4 7 231;
14 4 8 0;
14 4 9 233;
14 4 10 211;
14 5 1 201;
14 5 2 293;
14 5 3 244;
14 5 4 269;
14 5 5 0;
14 5 6 241;
14 5 7 0;
14 5 8 183;
14 5 9 126;
14 5 10 176;
14 6 1 251;
14 6 2 98;
14 6 3 0;
14 6 4 162;
14 6 5 68;
14 6 6 290;
14 6 7 223;
14 6 8 0;
14 6 9 0;
14 6 10 253;
15 1 1 61;
15 1 2 234;
15 1 3 299;
15 1 4 138;
15 1 5 0;
15 1 6 75;
15 1 7 125;
15 1 8 0;
15 1 9 0;
15 1 10 298;
15 2 1 91;
15 2 2 136;
15 2 3 56;
15 2 4 276;
15 2 5 0;
15 2 6 0;
15 2 7 138;
15 2 8 147;
15 2 9 299;
15 2 10 71;
15 3 1 163;
15 3 2 296;
15 3 3 286;
15 3 4 99;
15 3 5 0;
15 3 6 174;
15 3 7 0;
15 3 8 151;
15 3 9 155;
15 3 10 192;
15 4 1 250;
15 4 2 59;
15 4 3 221;
15 4 4 288;
15 4 5 82;
15 4 6 0;
15 4 7 0;
15 4 8 171;
15 4 9 275;
15 4 10 0;
15 5 1 230;
15 5 2 262;
15 5 3 0;
15 5 4 0;
15 5 5 206;
15 5 6 84;
15 5 7 0;
15 5 8 234;
15 5 9 122;
15 5 10 0;
15 6 1 232;
15 6 2 216;
15 6 3 236;
15 6 4 102;
15 6 5 297;
15 6 6 162;
15 6 7 219;
15 6 8 0;
15 6 9 0;
15 6 10 202;
16 1 1 160;
16 1 2 217;
16 1 3 60;
16 1 4 114;
16 1 5 0;
16 1 6 98;
16 1 7 73;
16 1 8 77;
16 1 9 71;
16 1 10 175;
16 2 1 223;
16 2 2 0;
16 2 3 77;
16 2 4 204;
16 2 5 204;
16 2 6 97;
16 2 7 56;
16 2 8 84;
16 2 9 63;
16 2 10 75;
16 3 1 97;
16 3 2 259;
16 3 3 231;
16 3 4 0;
16 3 5 215;
16 3 6 249;
16 3 7 238;
16 3 8 209;
16 3 9 69;
16 3 10 140;
16 4 1 0;
16 4 2 131;
16 4 3 171;
16 4 4 134;
16 4 5 78;
16 4 6 0;
16 4 7 239;
16 4 8 163;
16 4 9 128;
16 4 10 230;
16 5 1 191;
16 5 2 258;
16 5 3 245;
16 5 4 122;
16 5 5 174;
16 5 6 178;
16 5 7 182;
16 5 8 291;
16 5 9 88;
16 5 10 111;
16 6 1 195;
16 6 2 72;
16 6 3 0;
16 6 4 112;
16 6 5 181;
16 6 6 173;
16 6 7 275;
16 6 8 160;
16 6 9 0;
16 6 10 242;
17 1 1 0;
17 1 2 61;
17 1 3 264;
17 1 4 177;
17 1 5 227;
17 1 6 0;
17 1 7 285;
17 1 8 0;
17 1 9 214;
17 1 10 98;
17 2 1 294;
17 2 2 227;
17 2 3 282;
17 2 4 299;
17 2 5 218;
17 2 6 214;
17 2 7 250;
17 2 8 163;
17 2 9 174;
17 2 10 181;
17 3 1 60;
17 3 2 61;
17 3 3 139;
17 3 4 197;
17 3 5 187;
17 3 6 218;
17 3 7 100;
17 3 8 0;
17 3 9 117;
17 3 10 233;
17 4 1 119;
17 4 2 265;
17 4 3 222;
17 4 4 0;
17 4 5 93;
17 4 6 97;
17 4 7 134;
17 4 8 247;
17 4 9 83;
17 4 10 56;
17 5 1 277;
17 5 2 295;
17 5 3 293;
17 5 4 158;
17 5 5 0;
17 5 6 62;
17 5 7 158;
17 5 8 110;
17 5 9 58;
17 5 10 121;
17 6 1 250;
17 6 2 144;
17 6 3 0;
17 6 4 0;
17 6 5 275;
17 6 6 252;
17 6 7 0;
17 6 8 0;
17 6 9 0;
17 6 10 142;
18 1 1 182;
18 1 2 269;
18 1 3 56;
18 1 4 0;
18 1 5 148;
18 1 6 164;
18 1 7 270;
18 1 8 111;
18 1 9 169;
18 1 10 0;
18 2 1 272;
18 2 2 248;
18 2 3 86;
18 2 4 111;
18 2 5 185;
18 2 6 142;
18 2 7 88;
18 2 8 261;
18 2 9 227;
18 2 10 69;
18 3 1 70;
18 3 2 194;
18 3 3 272;
18 3 4 128;
18 3 5 220;
18 3 6 193;
18 3 7 196;
18 3 8 66;
18 3 9 190;
18 3 10 73;
18 4 1 180;
18 4 2 50;
18 4 3 193;
18 4 4 51;
18 4 5 177;
18 4 6 252;
18 4 7 282;
18 4 8 137;
18 4 9 0;
18 4 10 99;
18 5 1 69;
18 5 2 146;
18 5 3 173;
18 5 4 293;
18 5 5 230;
18 5 6 114;
18 5 7 222;
18 5 8 0;
18 5 9 262;
18 5 10 77;
18 6 1 234;
18 6 2 186;
18 6 3 71;
18 6 4 272;
18 6 5 0;
18 6 6 252;
18 6 7 251;
18 6 8 90;
18 6 9 52;
18 6 10 275;
19 1 1 92;
19 1 2 0;
19 1 3 0;
19 1 4 247;
19 1 5 67;
19 1 6 217;
19 1 7 161;
19 1 8 53;
19 1 9 221;
19 1 10 50;
19 2 1 226;
19 2 2 178;
19 2 3 217;
19 2 4 0;
19 2 5 81;
19 2 6 249;
19 2 7 293;
19 2 8 216;
19 2 9 280;
19 2 10 168;
19 3 1 161;
19 3 2 0;
19 3 3 150;
19 3 4 0;
19 3 5 102;
19 3 6 109;
19 3 7 93;
19 3 8 93;
19 3 9 249;
19 3 10 160;
19 4 1 164;
19 4 2 183;
19 4 3 114;
19 4 4 63;
19 4 5 72;
19 4 6 0;
19 4 7 60;
19 4 8 153;
19 4 9 121;
19 4 10 237;
19 5 1 0;
19 5 2 0;
19 5 3 173;
19 5 4 0;
19 5 5 160;
19 5 6 98;
19 5 7 171;
19 5 8 0;
19 5 9 54;
19 5 10 174;
19 6 1 0;
19 6 2 185;
19 6 3 141;
19 6 4 214;
19 6 5 204;
19 6 6 0;
19 6 7 204;
19 6 8 273;
19 6 9 91;
19 6 10 260;
20 1 1 157;
20 1 2 271;
20 1 3 104;
20 1 4 109;
20 1 5 123;
20 1 6 59;
20 1 7 90;
20 1 8 162;
20 1 9 63;
20 1 10 0;
20 2 1 65;
20 2 2 183;
20 2 3 161;
20 2 4 205;
20 2 5 281;
20 2 6 0;
20 2 7 178;
20 2 8 205;
20 2 9 224;
20 2 10 98;
20 3 1 113;
20 3 2 0;
20 3 3 0;
20 3 4 135;
20 3 5 244;
20 3 6 79;
20 3 7 0;
20 3 8 0;
20 3 9 0;
20 3 10 135;
20 4 1 207;
20 4 2 82;
20 4 3 85;
20 4 4 245;
20 4 5 228;
20 4 6 108;
20 4 7 172;
20 4 8 67;
20 4 9 0;
20 4 10 0;
20 5 1 0;
20 5 2 76;
20 5 3 0;
20 5 4 0;
20 5 5 162;
20 5 6 196;
20 5 7 149;
20 5 8 76;
20 5 9 150;
20 5 10 119;
20 6 1 0;
20 6 2 0;
20 6 3 212;
20 6 4 207;
20 6 5 300;
20 6 6 220;
20 6 7 0;
20 6 8 119;
20 6 9 122;
20 6 10 165;
]

global Cap_c = [
1 1 1 15762.0;
1 1 2 15762.0;
1 1 3 15762.0;
1 1 4 15762.0;
1 1 5 15762.0;
1 1 6 15762.0;
1 1 7 15762.0;
1 1 8 15762.0;
1 1 9 15762.0;
1 1 10 15762.0;
1 2 1 15762.0;
1 2 2 15762.0;
1 2 3 15762.0;
1 2 4 15762.0;
1 2 5 15762.0;
1 2 6 15762.0;
1 2 7 15762.0;
1 2 8 15762.0;
1 2 9 15762.0;
1 2 10 15762.0;
2 1 1 15762.0;
2 1 2 15762.0;
2 1 3 15762.0;
2 1 4 15762.0;
2 1 5 15762.0;
2 1 6 15762.0;
2 1 7 15762.0;
2 1 8 15762.0;
2 1 9 15762.0;
2 1 10 15762.0;
2 2 1 15762.0;
2 2 2 15762.0;
2 2 3 15762.0;
2 2 4 15762.0;
2 2 5 15762.0;
2 2 6 15762.0;
2 2 7 15762.0;
2 2 8 15762.0;
2 2 9 15762.0;
2 2 10 15762.0;
3 1 1 15762.0;
3 1 2 15762.0;
3 1 3 15762.0;
3 1 4 15762.0;
3 1 5 15762.0;
3 1 6 15762.0;
3 1 7 15762.0;
3 1 8 15762.0;
3 1 9 15762.0;
3 1 10 15762.0;
3 2 1 15762.0;
3 2 2 15762.0;
3 2 3 15762.0;
3 2 4 15762.0;
3 2 5 15762.0;
3 2 6 15762.0;
3 2 7 15762.0;
3 2 8 15762.0;
3 2 9 15762.0;
3 2 10 15762.0;
4 1 1 15762.0;
4 1 2 15762.0;
4 1 3 15762.0;
4 1 4 15762.0;
4 1 5 15762.0;
4 1 6 15762.0;
4 1 7 15762.0;
4 1 8 15762.0;
4 1 9 15762.0;
4 1 10 15762.0;
4 2 1 15762.0;
4 2 2 15762.0;
4 2 3 15762.0;
4 2 4 15762.0;
4 2 5 15762.0;
4 2 6 15762.0;
4 2 7 15762.0;
4 2 8 15762.0;
4 2 9 15762.0;
4 2 10 15762.0;
5 1 1 15762.0;
5 1 2 15762.0;
5 1 3 15762.0;
5 1 4 15762.0;
5 1 5 15762.0;
5 1 6 15762.0;
5 1 7 15762.0;
5 1 8 15762.0;
5 1 9 15762.0;
5 1 10 15762.0;
5 2 1 15762.0;
5 2 2 15762.0;
5 2 3 15762.0;
5 2 4 15762.0;
5 2 5 15762.0;
5 2 6 15762.0;
5 2 7 15762.0;
5 2 8 15762.0;
5 2 9 15762.0;
5 2 10 15762.0;
6 1 1 15762.0;
6 1 2 15762.0;
6 1 3 15762.0;
6 1 4 15762.0;
6 1 5 15762.0;
6 1 6 15762.0;
6 1 7 15762.0;
6 1 8 15762.0;
6 1 9 15762.0;
6 1 10 15762.0;
6 2 1 15762.0;
6 2 2 15762.0;
6 2 3 15762.0;
6 2 4 15762.0;
6 2 5 15762.0;
6 2 6 15762.0;
6 2 7 15762.0;
6 2 8 15762.0;
6 2 9 15762.0;
6 2 10 15762.0;
]

global Cap_p = [1.601361e6 1.601361e6 1.601361e6 1.601361e6 1.601361e6 1.601361e6 1.601361e6 1.601361e6 1.601361e6 1.601361e6; 1.364122e6 1.364122e6 1.364122e6 1.364122e6 1.364122e6 1.364122e6 1.364122e6 1.364122e6 1.364122e6 1.364122e6]
#-----------------------------------------