###################################################
# Classe 25 : K = 6, M = 2, T = 12, N = 5
# Exemplo: 4.   Nome do arquivo: c25ex04.dat          Semente: 7000

global Q1 = 1e5
global Q2 = 1e5
#-----------------------Parâmetros----------------------
global K = 6 # Gramaturas
global M = 2 # Bobinas mestres (máquinas)
global T = 12 # Períodos
global N = 5 # Itens

global L = [540, 460] # Larguras das bobinas mestres

global l = [63, 69, 73, 89, 133] # Larguras dos itens

global rho = [2.0, 2.0, 2.0, 2.0, 2.0, 2.0] # Peso específico da bobina mestre

global b = [1080.0 920.0; 1080.0 920.0; 1080.0 920.0; 1080.0 920.0; 1080.0 920.0; 1080.0 920.0] # Peso total da bobina mestre
#-----------------------Custos----------------------

# Custo de produção da bobina mestre
global c_x = [
1 1 1 17.82;
1 1 2 17.82;
1 1 3 17.82;
1 1 4 17.82;
1 1 5 17.82;
1 1 6 17.82;
1 1 7 17.82;
1 1 8 17.82;
1 1 9 17.82;
1 1 10 17.82;
1 1 11 17.82;
1 1 12 17.82;
1 2 1 18.952;
1 2 2 18.952;
1 2 3 18.952;
1 2 4 18.952;
1 2 5 18.952;
1 2 6 18.952;
1 2 7 18.952;
1 2 8 18.952;
1 2 9 18.952;
1 2 10 18.952;
1 2 11 18.952;
1 2 12 18.952;
2 1 1 24.3;
2 1 2 24.3;
2 1 3 24.3;
2 1 4 24.3;
2 1 5 24.3;
2 1 6 24.3;
2 1 7 24.3;
2 1 8 24.3;
2 1 9 24.3;
2 1 10 24.3;
2 1 11 24.3;
2 1 12 24.3;
2 2 1 17.572;
2 2 2 17.572;
2 2 3 17.572;
2 2 4 17.572;
2 2 5 17.572;
2 2 6 17.572;
2 2 7 17.572;
2 2 8 17.572;
2 2 9 17.572;
2 2 10 17.572;
2 2 11 17.572;
2 2 12 17.572;
3 1 1 25.272;
3 1 2 25.272;
3 1 3 25.272;
3 1 4 25.272;
3 1 5 25.272;
3 1 6 25.272;
3 1 7 25.272;
3 1 8 25.272;
3 1 9 25.272;
3 1 10 25.272;
3 1 11 25.272;
3 1 12 25.272;
3 2 1 21.804;
3 2 2 21.804;
3 2 3 21.804;
3 2 4 21.804;
3 2 5 21.804;
3 2 6 21.804;
3 2 7 21.804;
3 2 8 21.804;
3 2 9 21.804;
3 2 10 21.804;
3 2 11 21.804;
3 2 12 21.804;
4 1 1 21.708;
4 1 2 21.708;
4 1 3 21.708;
4 1 4 21.708;
4 1 5 21.708;
4 1 6 21.708;
4 1 7 21.708;
4 1 8 21.708;
4 1 9 21.708;
4 1 10 21.708;
4 1 11 21.708;
4 1 12 21.708;
4 2 1 18.86;
4 2 2 18.86;
4 2 3 18.86;
4 2 4 18.86;
4 2 5 18.86;
4 2 6 18.86;
4 2 7 18.86;
4 2 8 18.86;
4 2 9 18.86;
4 2 10 18.86;
4 2 11 18.86;
4 2 12 18.86;
5 1 1 24.948;
5 1 2 24.948;
5 1 3 24.948;
5 1 4 24.948;
5 1 5 24.948;
5 1 6 24.948;
5 1 7 24.948;
5 1 8 24.948;
5 1 9 24.948;
5 1 10 24.948;
5 1 11 24.948;
5 1 12 24.948;
5 2 1 14.443;
5 2 2 14.443;
5 2 3 14.443;
5 2 4 14.443;
5 2 5 14.443;
5 2 6 14.443;
5 2 7 14.443;
5 2 8 14.443;
5 2 9 14.443;
5 2 10 14.443;
5 2 11 14.443;
5 2 12 14.443;
6 1 1 18.9;
6 1 2 18.9;
6 1 3 18.9;
6 1 4 18.9;
6 1 5 18.9;
6 1 6 18.9;
6 1 7 18.9;
6 1 8 18.9;
6 1 9 18.9;
6 1 10 18.9;
6 1 11 18.9;
6 1 12 18.9;
6 2 1 14.168;
6 2 2 14.168;
6 2 3 14.168;
6 2 4 14.168;
6 2 5 14.168;
6 2 6 14.168;
6 2 7 14.168;
6 2 8 14.168;
6 2 9 14.168;
6 2 10 14.168;
6 2 11 14.168;
6 2 12 14.168;
]

# cw: custo de estocar uma bobina mestre
global c_w = [
1 1 1 0.009;
1 1 2 0.009;
1 1 3 0.009;
1 1 4 0.009;
1 1 5 0.009;
1 1 6 0.009;
1 1 7 0.009;
1 1 8 0.009;
1 1 9 0.009;
1 1 10 0.009;
1 1 11 0.009;
1 1 12 0.009;
1 2 1 0.008;
1 2 2 0.008;
1 2 3 0.008;
1 2 4 0.008;
1 2 5 0.008;
1 2 6 0.008;
1 2 7 0.008;
1 2 8 0.008;
1 2 9 0.008;
1 2 10 0.008;
1 2 11 0.008;
1 2 12 0.008;
2 1 1 0.011;
2 1 2 0.011;
2 1 3 0.011;
2 1 4 0.011;
2 1 5 0.011;
2 1 6 0.011;
2 1 7 0.011;
2 1 8 0.011;
2 1 9 0.011;
2 1 10 0.011;
2 1 11 0.011;
2 1 12 0.011;
2 2 1 0.009;
2 2 2 0.009;
2 2 3 0.009;
2 2 4 0.009;
2 2 5 0.009;
2 2 6 0.009;
2 2 7 0.009;
2 2 8 0.009;
2 2 9 0.009;
2 2 10 0.009;
2 2 11 0.009;
2 2 12 0.009;
3 1 1 0.01;
3 1 2 0.01;
3 1 3 0.01;
3 1 4 0.01;
3 1 5 0.01;
3 1 6 0.01;
3 1 7 0.01;
3 1 8 0.01;
3 1 9 0.01;
3 1 10 0.01;
3 1 11 0.01;
3 1 12 0.01;
3 2 1 0.008;
3 2 2 0.008;
3 2 3 0.008;
3 2 4 0.008;
3 2 5 0.008;
3 2 6 0.008;
3 2 7 0.008;
3 2 8 0.008;
3 2 9 0.008;
3 2 10 0.008;
3 2 11 0.008;
3 2 12 0.008;
4 1 1 0.009;
4 1 2 0.009;
4 1 3 0.009;
4 1 4 0.009;
4 1 5 0.009;
4 1 6 0.009;
4 1 7 0.009;
4 1 8 0.009;
4 1 9 0.009;
4 1 10 0.009;
4 1 11 0.009;
4 1 12 0.009;
4 2 1 0.007;
4 2 2 0.007;
4 2 3 0.007;
4 2 4 0.007;
4 2 5 0.007;
4 2 6 0.007;
4 2 7 0.007;
4 2 8 0.007;
4 2 9 0.007;
4 2 10 0.007;
4 2 11 0.007;
4 2 12 0.007;
5 1 1 0.011;
5 1 2 0.011;
5 1 3 0.011;
5 1 4 0.011;
5 1 5 0.011;
5 1 6 0.011;
5 1 7 0.011;
5 1 8 0.011;
5 1 9 0.011;
5 1 10 0.011;
5 1 11 0.011;
5 1 12 0.011;
5 2 1 0.009;
5 2 2 0.009;
5 2 3 0.009;
5 2 4 0.009;
5 2 5 0.009;
5 2 6 0.009;
5 2 7 0.009;
5 2 8 0.009;
5 2 9 0.009;
5 2 10 0.009;
5 2 11 0.009;
5 2 12 0.009;
6 1 1 0.009;
6 1 2 0.009;
6 1 3 0.009;
6 1 4 0.009;
6 1 5 0.009;
6 1 6 0.009;
6 1 7 0.009;
6 1 8 0.009;
6 1 9 0.009;
6 1 10 0.009;
6 1 11 0.009;
6 1 12 0.009;
6 2 1 0.007;
6 2 2 0.007;
6 2 3 0.007;
6 2 4 0.007;
6 2 5 0.007;
6 2 6 0.007;
6 2 7 0.007;
6 2 8 0.007;
6 2 9 0.007;
6 2 10 0.007;
6 2 11 0.007;
6 2 12 0.007;
]

# cz: custo de setup por bobina mestre
global c_z = [
1 1 1 0.838;
1 1 2 0.838;
1 1 3 0.838;
1 1 4 0.838;
1 1 5 0.838;
1 1 6 0.838;
1 1 7 0.838;
1 1 8 0.838;
1 1 9 0.838;
1 1 10 0.838;
1 1 11 0.838;
1 1 12 0.838;
1 2 1 0.682;
1 2 2 0.682;
1 2 3 0.682;
1 2 4 0.682;
1 2 5 0.682;
1 2 6 0.682;
1 2 7 0.682;
1 2 8 0.682;
1 2 9 0.682;
1 2 10 0.682;
1 2 11 0.682;
1 2 12 0.682;
2 1 1 0.899;
2 1 2 0.899;
2 1 3 0.899;
2 1 4 0.899;
2 1 5 0.899;
2 1 6 0.899;
2 1 7 0.899;
2 1 8 0.899;
2 1 9 0.899;
2 1 10 0.899;
2 1 11 0.899;
2 1 12 0.899;
2 2 1 0.791;
2 2 2 0.791;
2 2 3 0.791;
2 2 4 0.791;
2 2 5 0.791;
2 2 6 0.791;
2 2 7 0.791;
2 2 8 0.791;
2 2 9 0.791;
2 2 10 0.791;
2 2 11 0.791;
2 2 12 0.791;
3 1 1 0.96;
3 1 2 0.96;
3 1 3 0.96;
3 1 4 0.96;
3 1 5 0.96;
3 1 6 0.96;
3 1 7 0.96;
3 1 8 0.96;
3 1 9 0.96;
3 1 10 0.96;
3 1 11 0.96;
3 1 12 0.96;
3 2 1 0.981;
3 2 2 0.981;
3 2 3 0.981;
3 2 4 0.981;
3 2 5 0.981;
3 2 6 0.981;
3 2 7 0.981;
3 2 8 0.981;
3 2 9 0.981;
3 2 10 0.981;
3 2 11 0.981;
3 2 12 0.981;
4 1 1 0.933;
4 1 2 0.933;
4 1 3 0.933;
4 1 4 0.933;
4 1 5 0.933;
4 1 6 0.933;
4 1 7 0.933;
4 1 8 0.933;
4 1 9 0.933;
4 1 10 0.933;
4 1 11 0.933;
4 1 12 0.933;
4 2 1 0.83;
4 2 2 0.83;
4 2 3 0.83;
4 2 4 0.83;
4 2 5 0.83;
4 2 6 0.83;
4 2 7 0.83;
4 2 8 0.83;
4 2 9 0.83;
4 2 10 0.83;
4 2 11 0.83;
4 2 12 0.83;
5 1 1 0.773;
5 1 2 0.773;
5 1 3 0.773;
5 1 4 0.773;
5 1 5 0.773;
5 1 6 0.773;
5 1 7 0.773;
5 1 8 0.773;
5 1 9 0.773;
5 1 10 0.773;
5 1 11 0.773;
5 1 12 0.773;
5 2 1 0.506;
5 2 2 0.506;
5 2 3 0.506;
5 2 4 0.506;
5 2 5 0.506;
5 2 6 0.506;
5 2 7 0.506;
5 2 8 0.506;
5 2 9 0.506;
5 2 10 0.506;
5 2 11 0.506;
5 2 12 0.506;
6 1 1 0.605;
6 1 2 0.605;
6 1 3 0.605;
6 1 4 0.605;
6 1 5 0.605;
6 1 6 0.605;
6 1 7 0.605;
6 1 8 0.605;
6 1 9 0.605;
6 1 10 0.605;
6 1 11 0.605;
6 1 12 0.605;
6 2 1 0.708;
6 2 2 0.708;
6 2 3 0.708;
6 2 4 0.708;
6 2 5 0.708;
6 2 6 0.708;
6 2 7 0.708;
6 2 8 0.708;
6 2 9 0.708;
6 2 10 0.708;
6 2 11 0.708;
6 2 12 0.708;
]

# cy: custo de corte por bobina mestre
global c_y = [
1 1 1 2.138;
1 1 2 2.138;
1 1 3 2.138;
1 1 4 2.138;
1 1 5 2.138;
1 1 6 2.138;
1 1 7 2.138;
1 1 8 2.138;
1 1 9 2.138;
1 1 10 2.138;
1 1 11 2.138;
1 1 12 2.138;
1 2 1 2.653;
1 2 2 2.653;
1 2 3 2.653;
1 2 4 2.653;
1 2 5 2.653;
1 2 6 2.653;
1 2 7 2.653;
1 2 8 2.653;
1 2 9 2.653;
1 2 10 2.653;
1 2 11 2.653;
1 2 12 2.653;
2 1 1 2.916;
2 1 2 2.916;
2 1 3 2.916;
2 1 4 2.916;
2 1 5 2.916;
2 1 6 2.916;
2 1 7 2.916;
2 1 8 2.916;
2 1 9 2.916;
2 1 10 2.916;
2 1 11 2.916;
2 1 12 2.916;
2 2 1 2.46;
2 2 2 2.46;
2 2 3 2.46;
2 2 4 2.46;
2 2 5 2.46;
2 2 6 2.46;
2 2 7 2.46;
2 2 8 2.46;
2 2 9 2.46;
2 2 10 2.46;
2 2 11 2.46;
2 2 12 2.46;
3 1 1 3.791;
3 1 2 3.791;
3 1 3 3.791;
3 1 4 3.791;
3 1 5 3.791;
3 1 6 3.791;
3 1 7 3.791;
3 1 8 3.791;
3 1 9 3.791;
3 1 10 3.791;
3 1 11 3.791;
3 1 12 3.791;
3 2 1 3.271;
3 2 2 3.271;
3 2 3 3.271;
3 2 4 3.271;
3 2 5 3.271;
3 2 6 3.271;
3 2 7 3.271;
3 2 8 3.271;
3 2 9 3.271;
3 2 10 3.271;
3 2 11 3.271;
3 2 12 3.271;
4 1 1 2.822;
4 1 2 2.822;
4 1 3 2.822;
4 1 4 2.822;
4 1 5 2.822;
4 1 6 2.822;
4 1 7 2.822;
4 1 8 2.822;
4 1 9 2.822;
4 1 10 2.822;
4 1 11 2.822;
4 1 12 2.822;
4 2 1 2.263;
4 2 2 2.263;
4 2 3 2.263;
4 2 4 2.263;
4 2 5 2.263;
4 2 6 2.263;
4 2 7 2.263;
4 2 8 2.263;
4 2 9 2.263;
4 2 10 2.263;
4 2 11 2.263;
4 2 12 2.263;
5 1 1 3.243;
5 1 2 3.243;
5 1 3 3.243;
5 1 4 3.243;
5 1 5 3.243;
5 1 6 3.243;
5 1 7 3.243;
5 1 8 3.243;
5 1 9 3.243;
5 1 10 3.243;
5 1 11 3.243;
5 1 12 3.243;
5 2 1 1.733;
5 2 2 1.733;
5 2 3 1.733;
5 2 4 1.733;
5 2 5 1.733;
5 2 6 1.733;
5 2 7 1.733;
5 2 8 1.733;
5 2 9 1.733;
5 2 10 1.733;
5 2 11 1.733;
5 2 12 1.733;
6 1 1 2.268;
6 1 2 2.268;
6 1 3 2.268;
6 1 4 2.268;
6 1 5 2.268;
6 1 6 2.268;
6 1 7 2.268;
6 1 8 2.268;
6 1 9 2.268;
6 1 10 2.268;
6 1 11 2.268;
6 1 12 2.268;
6 2 1 1.417;
6 2 2 1.417;
6 2 3 1.417;
6 2 4 1.417;
6 2 5 1.417;
6 2 6 1.417;
6 2 7 1.417;
6 2 8 1.417;
6 2 9 1.417;
6 2 10 1.417;
6 2 11 1.417;
6 2 12 1.417;
]

# c_e: Custo de estocar um item de largura l_i
global c_e = [
1 1 1 0.004;
1 1 2 0.004;
1 1 3 0.004;
1 1 4 0.004;
1 1 5 0.004;
1 1 6 0.004;
1 1 7 0.004;
1 1 8 0.004;
1 1 9 0.004;
1 1 10 0.004;
1 1 11 0.004;
1 1 12 0.004;
1 2 1 0.005;
1 2 2 0.005;
1 2 3 0.005;
1 2 4 0.005;
1 2 5 0.005;
1 2 6 0.005;
1 2 7 0.005;
1 2 8 0.005;
1 2 9 0.005;
1 2 10 0.005;
1 2 11 0.005;
1 2 12 0.005;
1 3 1 0.005;
1 3 2 0.005;
1 3 3 0.005;
1 3 4 0.005;
1 3 5 0.005;
1 3 6 0.005;
1 3 7 0.005;
1 3 8 0.005;
1 3 9 0.005;
1 3 10 0.005;
1 3 11 0.005;
1 3 12 0.005;
1 4 1 0.004;
1 4 2 0.004;
1 4 3 0.004;
1 4 4 0.004;
1 4 5 0.004;
1 4 6 0.004;
1 4 7 0.004;
1 4 8 0.004;
1 4 9 0.004;
1 4 10 0.004;
1 4 11 0.004;
1 4 12 0.004;
1 5 1 0.005;
1 5 2 0.005;
1 5 3 0.005;
1 5 4 0.005;
1 5 5 0.005;
1 5 6 0.005;
1 5 7 0.005;
1 5 8 0.005;
1 5 9 0.005;
1 5 10 0.005;
1 5 11 0.005;
1 5 12 0.005;
1 6 1 0.004;
1 6 2 0.004;
1 6 3 0.004;
1 6 4 0.004;
1 6 5 0.004;
1 6 6 0.004;
1 6 7 0.004;
1 6 8 0.004;
1 6 9 0.004;
1 6 10 0.004;
1 6 11 0.004;
1 6 12 0.004;
2 1 1 0.004;
2 1 2 0.004;
2 1 3 0.004;
2 1 4 0.004;
2 1 5 0.004;
2 1 6 0.004;
2 1 7 0.004;
2 1 8 0.004;
2 1 9 0.004;
2 1 10 0.004;
2 1 11 0.004;
2 1 12 0.004;
2 2 1 0.005;
2 2 2 0.005;
2 2 3 0.005;
2 2 4 0.005;
2 2 5 0.005;
2 2 6 0.005;
2 2 7 0.005;
2 2 8 0.005;
2 2 9 0.005;
2 2 10 0.005;
2 2 11 0.005;
2 2 12 0.005;
2 3 1 0.005;
2 3 2 0.005;
2 3 3 0.005;
2 3 4 0.005;
2 3 5 0.005;
2 3 6 0.005;
2 3 7 0.005;
2 3 8 0.005;
2 3 9 0.005;
2 3 10 0.005;
2 3 11 0.005;
2 3 12 0.005;
2 4 1 0.004;
2 4 2 0.004;
2 4 3 0.004;
2 4 4 0.004;
2 4 5 0.004;
2 4 6 0.004;
2 4 7 0.004;
2 4 8 0.004;
2 4 9 0.004;
2 4 10 0.004;
2 4 11 0.004;
2 4 12 0.004;
2 5 1 0.005;
2 5 2 0.005;
2 5 3 0.005;
2 5 4 0.005;
2 5 5 0.005;
2 5 6 0.005;
2 5 7 0.005;
2 5 8 0.005;
2 5 9 0.005;
2 5 10 0.005;
2 5 11 0.005;
2 5 12 0.005;
2 6 1 0.004;
2 6 2 0.004;
2 6 3 0.004;
2 6 4 0.004;
2 6 5 0.004;
2 6 6 0.004;
2 6 7 0.004;
2 6 8 0.004;
2 6 9 0.004;
2 6 10 0.004;
2 6 11 0.004;
2 6 12 0.004;
3 1 1 0.004;
3 1 2 0.004;
3 1 3 0.004;
3 1 4 0.004;
3 1 5 0.004;
3 1 6 0.004;
3 1 7 0.004;
3 1 8 0.004;
3 1 9 0.004;
3 1 10 0.004;
3 1 11 0.004;
3 1 12 0.004;
3 2 1 0.005;
3 2 2 0.005;
3 2 3 0.005;
3 2 4 0.005;
3 2 5 0.005;
3 2 6 0.005;
3 2 7 0.005;
3 2 8 0.005;
3 2 9 0.005;
3 2 10 0.005;
3 2 11 0.005;
3 2 12 0.005;
3 3 1 0.005;
3 3 2 0.005;
3 3 3 0.005;
3 3 4 0.005;
3 3 5 0.005;
3 3 6 0.005;
3 3 7 0.005;
3 3 8 0.005;
3 3 9 0.005;
3 3 10 0.005;
3 3 11 0.005;
3 3 12 0.005;
3 4 1 0.004;
3 4 2 0.004;
3 4 3 0.004;
3 4 4 0.004;
3 4 5 0.004;
3 4 6 0.004;
3 4 7 0.004;
3 4 8 0.004;
3 4 9 0.004;
3 4 10 0.004;
3 4 11 0.004;
3 4 12 0.004;
3 5 1 0.005;
3 5 2 0.005;
3 5 3 0.005;
3 5 4 0.005;
3 5 5 0.005;
3 5 6 0.005;
3 5 7 0.005;
3 5 8 0.005;
3 5 9 0.005;
3 5 10 0.005;
3 5 11 0.005;
3 5 12 0.005;
3 6 1 0.004;
3 6 2 0.004;
3 6 3 0.004;
3 6 4 0.004;
3 6 5 0.004;
3 6 6 0.004;
3 6 7 0.004;
3 6 8 0.004;
3 6 9 0.004;
3 6 10 0.004;
3 6 11 0.004;
3 6 12 0.004;
4 1 1 0.004;
4 1 2 0.004;
4 1 3 0.004;
4 1 4 0.004;
4 1 5 0.004;
4 1 6 0.004;
4 1 7 0.004;
4 1 8 0.004;
4 1 9 0.004;
4 1 10 0.004;
4 1 11 0.004;
4 1 12 0.004;
4 2 1 0.005;
4 2 2 0.005;
4 2 3 0.005;
4 2 4 0.005;
4 2 5 0.005;
4 2 6 0.005;
4 2 7 0.005;
4 2 8 0.005;
4 2 9 0.005;
4 2 10 0.005;
4 2 11 0.005;
4 2 12 0.005;
4 3 1 0.005;
4 3 2 0.005;
4 3 3 0.005;
4 3 4 0.005;
4 3 5 0.005;
4 3 6 0.005;
4 3 7 0.005;
4 3 8 0.005;
4 3 9 0.005;
4 3 10 0.005;
4 3 11 0.005;
4 3 12 0.005;
4 4 1 0.004;
4 4 2 0.004;
4 4 3 0.004;
4 4 4 0.004;
4 4 5 0.004;
4 4 6 0.004;
4 4 7 0.004;
4 4 8 0.004;
4 4 9 0.004;
4 4 10 0.004;
4 4 11 0.004;
4 4 12 0.004;
4 5 1 0.005;
4 5 2 0.005;
4 5 3 0.005;
4 5 4 0.005;
4 5 5 0.005;
4 5 6 0.005;
4 5 7 0.005;
4 5 8 0.005;
4 5 9 0.005;
4 5 10 0.005;
4 5 11 0.005;
4 5 12 0.005;
4 6 1 0.004;
4 6 2 0.004;
4 6 3 0.004;
4 6 4 0.004;
4 6 5 0.004;
4 6 6 0.004;
4 6 7 0.004;
4 6 8 0.004;
4 6 9 0.004;
4 6 10 0.004;
4 6 11 0.004;
4 6 12 0.004;
5 1 1 0.004;
5 1 2 0.004;
5 1 3 0.004;
5 1 4 0.004;
5 1 5 0.004;
5 1 6 0.004;
5 1 7 0.004;
5 1 8 0.004;
5 1 9 0.004;
5 1 10 0.004;
5 1 11 0.004;
5 1 12 0.004;
5 2 1 0.005;
5 2 2 0.005;
5 2 3 0.005;
5 2 4 0.005;
5 2 5 0.005;
5 2 6 0.005;
5 2 7 0.005;
5 2 8 0.005;
5 2 9 0.005;
5 2 10 0.005;
5 2 11 0.005;
5 2 12 0.005;
5 3 1 0.005;
5 3 2 0.005;
5 3 3 0.005;
5 3 4 0.005;
5 3 5 0.005;
5 3 6 0.005;
5 3 7 0.005;
5 3 8 0.005;
5 3 9 0.005;
5 3 10 0.005;
5 3 11 0.005;
5 3 12 0.005;
5 4 1 0.004;
5 4 2 0.004;
5 4 3 0.004;
5 4 4 0.004;
5 4 5 0.004;
5 4 6 0.004;
5 4 7 0.004;
5 4 8 0.004;
5 4 9 0.004;
5 4 10 0.004;
5 4 11 0.004;
5 4 12 0.004;
5 5 1 0.005;
5 5 2 0.005;
5 5 3 0.005;
5 5 4 0.005;
5 5 5 0.005;
5 5 6 0.005;
5 5 7 0.005;
5 5 8 0.005;
5 5 9 0.005;
5 5 10 0.005;
5 5 11 0.005;
5 5 12 0.005;
5 6 1 0.004;
5 6 2 0.004;
5 6 3 0.004;
5 6 4 0.004;
5 6 5 0.004;
5 6 6 0.004;
5 6 7 0.004;
5 6 8 0.004;
5 6 9 0.004;
5 6 10 0.004;
5 6 11 0.004;
5 6 12 0.004;
]

# csc: custo de setup do padrão de corte (igual para cada padrão j)
global c_sc = [
1 1 1 0.083;
1 1 2 0.083;
1 1 3 0.083;
1 1 4 0.083;
1 1 5 0.083;
1 1 6 0.083;
1 1 7 0.083;
1 1 8 0.083;
1 1 9 0.083;
1 1 10 0.083;
1 1 11 0.083;
1 1 12 0.083;
1 2 1 0.13;
1 2 2 0.13;
1 2 3 0.13;
1 2 4 0.13;
1 2 5 0.13;
1 2 6 0.13;
1 2 7 0.13;
1 2 8 0.13;
1 2 9 0.13;
1 2 10 0.13;
1 2 11 0.13;
1 2 12 0.13;
2 1 1 0.087;
2 1 2 0.087;
2 1 3 0.087;
2 1 4 0.087;
2 1 5 0.087;
2 1 6 0.087;
2 1 7 0.087;
2 1 8 0.087;
2 1 9 0.087;
2 1 10 0.087;
2 1 11 0.087;
2 1 12 0.087;
2 2 1 0.079;
2 2 2 0.079;
2 2 3 0.079;
2 2 4 0.079;
2 2 5 0.079;
2 2 6 0.079;
2 2 7 0.079;
2 2 8 0.079;
2 2 9 0.079;
2 2 10 0.079;
2 2 11 0.079;
2 2 12 0.079;
3 1 1 0.133;
3 1 2 0.133;
3 1 3 0.133;
3 1 4 0.133;
3 1 5 0.133;
3 1 6 0.133;
3 1 7 0.133;
3 1 8 0.133;
3 1 9 0.133;
3 1 10 0.133;
3 1 11 0.133;
3 1 12 0.133;
3 2 1 0.154;
3 2 2 0.154;
3 2 3 0.154;
3 2 4 0.154;
3 2 5 0.154;
3 2 6 0.154;
3 2 7 0.154;
3 2 8 0.154;
3 2 9 0.154;
3 2 10 0.154;
3 2 11 0.154;
3 2 12 0.154;
4 1 1 0.138;
4 1 2 0.138;
4 1 3 0.138;
4 1 4 0.138;
4 1 5 0.138;
4 1 6 0.138;
4 1 7 0.138;
4 1 8 0.138;
4 1 9 0.138;
4 1 10 0.138;
4 1 11 0.138;
4 1 12 0.138;
4 2 1 0.102;
4 2 2 0.102;
4 2 3 0.102;
4 2 4 0.102;
4 2 5 0.102;
4 2 6 0.102;
4 2 7 0.102;
4 2 8 0.102;
4 2 9 0.102;
4 2 10 0.102;
4 2 11 0.102;
4 2 12 0.102;
5 1 1 0.139;
5 1 2 0.139;
5 1 3 0.139;
5 1 4 0.139;
5 1 5 0.139;
5 1 6 0.139;
5 1 7 0.139;
5 1 8 0.139;
5 1 9 0.139;
5 1 10 0.139;
5 1 11 0.139;
5 1 12 0.139;
5 2 1 0.071;
5 2 2 0.071;
5 2 3 0.071;
5 2 4 0.071;
5 2 5 0.071;
5 2 6 0.071;
5 2 7 0.071;
5 2 8 0.071;
5 2 9 0.071;
5 2 10 0.071;
5 2 11 0.071;
5 2 12 0.071;
6 1 1 0.113;
6 1 2 0.113;
6 1 3 0.113;
6 1 4 0.113;
6 1 5 0.113;
6 1 6 0.113;
6 1 7 0.113;
6 1 8 0.113;
6 1 9 0.113;
6 1 10 0.113;
6 1 11 0.113;
6 1 12 0.113;
6 2 1 0.06;
6 2 2 0.06;
6 2 3 0.06;
6 2 4 0.06;
6 2 5 0.06;
6 2 6 0.06;
6 2 7 0.06;
6 2 8 0.06;
6 2 9 0.06;
6 2 10 0.06;
6 2 11 0.06;
6 2 12 0.06;
]

# Demandas
global d = [
1 1 1 234;
1 1 2 135;
1 1 3 0;
1 1 4 109;
1 1 5 96;
1 1 6 107;
1 1 7 83;
1 1 8 133;
1 1 9 250;
1 1 10 267;
1 1 11 0;
1 1 12 134;
1 2 1 0;
1 2 2 0;
1 2 3 0;
1 2 4 0;
1 2 5 187;
1 2 6 106;
1 2 7 179;
1 2 8 139;
1 2 9 0;
1 2 10 83;
1 2 11 96;
1 2 12 254;
1 3 1 96;
1 3 2 0;
1 3 3 74;
1 3 4 230;
1 3 5 262;
1 3 6 73;
1 3 7 67;
1 3 8 184;
1 3 9 188;
1 3 10 81;
1 3 11 231;
1 3 12 0;
1 4 1 58;
1 4 2 269;
1 4 3 153;
1 4 4 64;
1 4 5 0;
1 4 6 140;
1 4 7 125;
1 4 8 0;
1 4 9 98;
1 4 10 102;
1 4 11 272;
1 4 12 163;
1 5 1 112;
1 5 2 240;
1 5 3 0;
1 5 4 0;
1 5 5 120;
1 5 6 107;
1 5 7 89;
1 5 8 97;
1 5 9 131;
1 5 10 201;
1 5 11 282;
1 5 12 200;
1 6 1 0;
1 6 2 168;
1 6 3 183;
1 6 4 91;
1 6 5 162;
1 6 6 217;
1 6 7 0;
1 6 8 0;
1 6 9 0;
1 6 10 62;
1 6 11 300;
1 6 12 187;
2 1 1 243;
2 1 2 0;
2 1 3 111;
2 1 4 0;
2 1 5 241;
2 1 6 70;
2 1 7 154;
2 1 8 0;
2 1 9 142;
2 1 10 52;
2 1 11 113;
2 1 12 78;
2 2 1 220;
2 2 2 218;
2 2 3 214;
2 2 4 200;
2 2 5 296;
2 2 6 66;
2 2 7 173;
2 2 8 0;
2 2 9 167;
2 2 10 62;
2 2 11 283;
2 2 12 67;
2 3 1 246;
2 3 2 0;
2 3 3 172;
2 3 4 208;
2 3 5 0;
2 3 6 161;
2 3 7 155;
2 3 8 0;
2 3 9 102;
2 3 10 217;
2 3 11 251;
2 3 12 55;
2 4 1 299;
2 4 2 239;
2 4 3 298;
2 4 4 298;
2 4 5 213;
2 4 6 187;
2 4 7 0;
2 4 8 217;
2 4 9 281;
2 4 10 295;
2 4 11 196;
2 4 12 229;
2 5 1 162;
2 5 2 151;
2 5 3 123;
2 5 4 113;
2 5 5 66;
2 5 6 0;
2 5 7 242;
2 5 8 235;
2 5 9 107;
2 5 10 228;
2 5 11 199;
2 5 12 195;
2 6 1 113;
2 6 2 161;
2 6 3 0;
2 6 4 107;
2 6 5 119;
2 6 6 68;
2 6 7 275;
2 6 8 209;
2 6 9 155;
2 6 10 167;
2 6 11 0;
2 6 12 95;
3 1 1 0;
3 1 2 206;
3 1 3 209;
3 1 4 0;
3 1 5 299;
3 1 6 283;
3 1 7 0;
3 1 8 56;
3 1 9 285;
3 1 10 266;
3 1 11 0;
3 1 12 215;
3 2 1 185;
3 2 2 130;
3 2 3 213;
3 2 4 183;
3 2 5 0;
3 2 6 0;
3 2 7 171;
3 2 8 85;
3 2 9 267;
3 2 10 141;
3 2 11 135;
3 2 12 225;
3 3 1 113;
3 3 2 188;
3 3 3 121;
3 3 4 58;
3 3 5 61;
3 3 6 290;
3 3 7 201;
3 3 8 0;
3 3 9 0;
3 3 10 110;
3 3 11 139;
3 3 12 0;
3 4 1 0;
3 4 2 0;
3 4 3 239;
3 4 4 56;
3 4 5 0;
3 4 6 209;
3 4 7 0;
3 4 8 109;
3 4 9 65;
3 4 10 245;
3 4 11 121;
3 4 12 121;
3 5 1 0;
3 5 2 83;
3 5 3 291;
3 5 4 281;
3 5 5 188;
3 5 6 238;
3 5 7 55;
3 5 8 288;
3 5 9 203;
3 5 10 0;
3 5 11 108;
3 5 12 259;
3 6 1 0;
3 6 2 226;
3 6 3 285;
3 6 4 256;
3 6 5 115;
3 6 6 148;
3 6 7 54;
3 6 8 166;
3 6 9 155;
3 6 10 92;
3 6 11 182;
3 6 12 155;
4 1 1 207;
4 1 2 282;
4 1 3 0;
4 1 4 229;
4 1 5 265;
4 1 6 247;
4 1 7 0;
4 1 8 211;
4 1 9 236;
4 1 10 0;
4 1 11 156;
4 1 12 70;
4 2 1 277;
4 2 2 160;
4 2 3 0;
4 2 4 247;
4 2 5 266;
4 2 6 277;
4 2 7 120;
4 2 8 249;
4 2 9 170;
4 2 10 198;
4 2 11 194;
4 2 12 167;
4 3 1 0;
4 3 2 101;
4 3 3 160;
4 3 4 204;
4 3 5 262;
4 3 6 222;
4 3 7 276;
4 3 8 115;
4 3 9 109;
4 3 10 298;
4 3 11 292;
4 3 12 57;
4 4 1 192;
4 4 2 253;
4 4 3 231;
4 4 4 222;
4 4 5 189;
4 4 6 118;
4 4 7 134;
4 4 8 164;
4 4 9 0;
4 4 10 0;
4 4 11 250;
4 4 12 290;
4 5 1 242;
4 5 2 0;
4 5 3 90;
4 5 4 0;
4 5 5 299;
4 5 6 170;
4 5 7 172;
4 5 8 0;
4 5 9 188;
4 5 10 0;
4 5 11 244;
4 5 12 279;
4 6 1 201;
4 6 2 108;
4 6 3 78;
4 6 4 0;
4 6 5 141;
4 6 6 237;
4 6 7 0;
4 6 8 0;
4 6 9 65;
4 6 10 200;
4 6 11 230;
4 6 12 144;
5 1 1 0;
5 1 2 85;
5 1 3 148;
5 1 4 222;
5 1 5 164;
5 1 6 88;
5 1 7 261;
5 1 8 0;
5 1 9 205;
5 1 10 111;
5 1 11 279;
5 1 12 119;
5 2 1 165;
5 2 2 107;
5 2 3 188;
5 2 4 135;
5 2 5 152;
5 2 6 69;
5 2 7 264;
5 2 8 284;
5 2 9 50;
5 2 10 0;
5 2 11 180;
5 2 12 0;
5 3 1 219;
5 3 2 297;
5 3 3 0;
5 3 4 157;
5 3 5 233;
5 3 6 0;
5 3 7 273;
5 3 8 133;
5 3 9 218;
5 3 10 56;
5 3 11 135;
5 3 12 299;
5 4 1 106;
5 4 2 246;
5 4 3 237;
5 4 4 115;
5 4 5 297;
5 4 6 216;
5 4 7 106;
5 4 8 217;
5 4 9 193;
5 4 10 92;
5 4 11 125;
5 4 12 161;
5 5 1 81;
5 5 2 105;
5 5 3 128;
5 5 4 178;
5 5 5 254;
5 5 6 186;
5 5 7 0;
5 5 8 76;
5 5 9 243;
5 5 10 136;
5 5 11 149;
5 5 12 167;
5 6 1 269;
5 6 2 292;
5 6 3 235;
5 6 4 0;
5 6 5 0;
5 6 6 80;
5 6 7 185;
5 6 8 176;
5 6 9 94;
5 6 10 193;
5 6 11 287;
5 6 12 144;
]

# Perda de papel no setup da máquina
global f = [52.92 45.08; 52.92 45.08; 52.92 45.08; 52.92 45.08; 52.92 45.08; 52.92 45.08]

# c: tempo de corte da bobina mestre
global c_km = [32.4 29.44; 48.6 28.52; 29.16 45.08; 52.92 23.0; 47.52 23.92; 39.96 34.04]

# p: tempo de setup do padrão j para a bobina mestre
global p_km = [4.601 4.18; 6.901 4.05; 4.141 6.401; 7.515 3.266; 6.748 3.397; 5.674 4.834]
# Capacidade média de produção por período:
CM = 748256.0

D_kt = [99864.0 119892.0 85200.0 113548.0 179802.0 131834.0 101136.0 62492.0 189244.0 109180.0 117576.0 103152.0; 150566.0 106006.0 110638.0 134194.0 152190.0 90124.0 162978.0 149790.0 105588.0 74844.0 153272.0 103826.0; 120796.0 124428.0 79206.0 144226.0 150532.0 113272.0 180924.0 79032.0 115154.0 124152.0 171924.0 97270.0; 110942.0 177346.0 199456.0 127470.0 142038.0 152420.0 67798.0 132774.0 111954.0 113804.0 156736.0 164252.0; 101090.0 91126.0 109528.0 103968.0 172462.0 127966.0 83256.0 106916.0 159012.0 92966.0 161828.0 184008.0; 122926.0 173278.0 141062.0 63608.0 78722.0 121800.0 95044.0 99894.0 80594.0 131228.0 181654.0 123238.0]


# Capacidade de produção de jumbo
global Cap_p = [404058.0 404058.0 404058.0 404058.0 404058.0 404058.0 404058.0 404058.0 404058.0 404058.0 404058.0 404058.0; 344197.0 344197.0 344197.0 344197.0 344197.0 344197.0 344197.0 344197.0 344197.0 344197.0 344197.0 344197.0]

# Capacidade da cortadeira
global Cap_c = [
27075.0;
27075.0;
27075.0;
27075.0;
27075.0;
27075.0;
27075.0;
27075.0;
27075.0;
27075.0;
27075.0;
27075.0;
]
#-----------------------------------------