###################################################
# Classe 25 : K = 6, M = 2, T = 12, N = 5
# Exemplo: 6.   c25ex06.dat          Semente: 1033
#-----------------------Dados----------------------
global K = 6
global M = 2
global T = 12
global N = 5

global L = [540, 460]

global l = [69, 91, 114, 137, 143]

global Q1 = 1e5
global Q2 = 1e5

global rho = [2.0, 2.0, 2.0, 2.0, 2.0, 2.0]

global b = [1080.0 920.0; 1080.0 920.0; 1080.0 920.0; 1080.0 920.0; 1080.0 920.0; 1080.0 920.0]

global f = [11.88 10.12; 11.88 10.12; 11.88 10.12; 11.88 10.12; 11.88 10.12; 11.88 10.12]

global c_km = [35.64 34.04; 28.08 25.76; 36.72 25.76; 50.76 37.72; 24.84 30.36; 39.96 32.2]

global p_km = [5.346 5.106; 4.212 3.864; 5.508 3.864; 7.614 5.658; 3.726 4.554; 5.994 4.83]

global c_x = [
1 1 1 24.948;
1 1 2 24.948;
1 1 3 24.948;
1 1 4 24.948;
1 1 5 24.948;
1 1 6 24.948;
1 1 7 24.948;
1 1 8 24.948;
1 1 9 24.948;
1 1 10 24.948;
1 1 11 24.948;
1 1 12 24.948;
1 2 1 15.732;
1 2 2 15.732;
1 2 3 15.732;
1 2 4 15.732;
1 2 5 15.732;
1 2 6 15.732;
1 2 7 15.732;
1 2 8 15.732;
1 2 9 15.732;
1 2 10 15.732;
1 2 11 15.732;
1 2 12 15.732;
2 1 1 21.816;
2 1 2 21.816;
2 1 3 21.816;
2 1 4 21.816;
2 1 5 21.816;
2 1 6 21.816;
2 1 7 21.816;
2 1 8 21.816;
2 1 9 21.816;
2 1 10 21.816;
2 1 11 21.816;
2 1 12 21.816;
2 2 1 19.136;
2 2 2 19.136;
2 2 3 19.136;
2 2 4 19.136;
2 2 5 19.136;
2 2 6 19.136;
2 2 7 19.136;
2 2 8 19.136;
2 2 9 19.136;
2 2 10 19.136;
2 2 11 19.136;
2 2 12 19.136;
3 1 1 26.46;
3 1 2 26.46;
3 1 3 26.46;
3 1 4 26.46;
3 1 5 26.46;
3 1 6 26.46;
3 1 7 26.46;
3 1 8 26.46;
3 1 9 26.46;
3 1 10 26.46;
3 1 11 26.46;
3 1 12 26.46;
3 2 1 21.62;
3 2 2 21.62;
3 2 3 21.62;
3 2 4 21.62;
3 2 5 21.62;
3 2 6 21.62;
3 2 7 21.62;
3 2 8 21.62;
3 2 9 21.62;
3 2 10 21.62;
3 2 11 21.62;
3 2 12 21.62;
4 1 1 17.712;
4 1 2 17.712;
4 1 3 17.712;
4 1 4 17.712;
4 1 5 17.712;
4 1 6 17.712;
4 1 7 17.712;
4 1 8 17.712;
4 1 9 17.712;
4 1 10 17.712;
4 1 11 17.712;
4 1 12 17.712;
4 2 1 16.1;
4 2 2 16.1;
4 2 3 16.1;
4 2 4 16.1;
4 2 5 16.1;
4 2 6 16.1;
4 2 7 16.1;
4 2 8 16.1;
4 2 9 16.1;
4 2 10 16.1;
4 2 11 16.1;
4 2 12 16.1;
5 1 1 18.144;
5 1 2 18.144;
5 1 3 18.144;
5 1 4 18.144;
5 1 5 18.144;
5 1 6 18.144;
5 1 7 18.144;
5 1 8 18.144;
5 1 9 18.144;
5 1 10 18.144;
5 1 11 18.144;
5 1 12 18.144;
5 2 1 14.812;
5 2 2 14.812;
5 2 3 14.812;
5 2 4 14.812;
5 2 5 14.812;
5 2 6 14.812;
5 2 7 14.812;
5 2 8 14.812;
5 2 9 14.812;
5 2 10 14.812;
5 2 11 14.812;
5 2 12 14.812;
6 1 1 19.98;
6 1 2 19.98;
6 1 3 19.98;
6 1 4 19.98;
6 1 5 19.98;
6 1 6 19.98;
6 1 7 19.98;
6 1 8 19.98;
6 1 9 19.98;
6 1 10 19.98;
6 1 11 19.98;
6 1 12 19.98;
6 2 1 15.64;
6 2 2 15.64;
6 2 3 15.64;
6 2 4 15.64;
6 2 5 15.64;
6 2 6 15.64;
6 2 7 15.64;
6 2 8 15.64;
6 2 9 15.64;
6 2 10 15.64;
6 2 11 15.64;
6 2 12 15.64;
]

global c_z = [
1 1 1 1.198;
1 1 2 1.198;
1 1 3 1.198;
1 1 4 1.198;
1 1 5 1.198;
1 1 6 1.198;
1 1 7 1.198;
1 1 8 1.198;
1 1 9 1.198;
1 1 10 1.198;
1 1 11 1.198;
1 1 12 1.198;
1 2 1 0.472;
1 2 2 0.472;
1 2 3 0.472;
1 2 4 0.472;
1 2 5 0.472;
1 2 6 0.472;
1 2 7 0.472;
1 2 8 0.472;
1 2 9 0.472;
1 2 10 0.472;
1 2 11 0.472;
1 2 12 0.472;
2 1 1 0.982;
2 1 2 0.982;
2 1 3 0.982;
2 1 4 0.982;
2 1 5 0.982;
2 1 6 0.982;
2 1 7 0.982;
2 1 8 0.982;
2 1 9 0.982;
2 1 10 0.982;
2 1 11 0.982;
2 1 12 0.982;
2 2 1 0.727;
2 2 2 0.727;
2 2 3 0.727;
2 2 4 0.727;
2 2 5 0.727;
2 2 6 0.727;
2 2 7 0.727;
2 2 8 0.727;
2 2 9 0.727;
2 2 10 0.727;
2 2 11 0.727;
2 2 12 0.727;
3 1 1 1.138;
3 1 2 1.138;
3 1 3 1.138;
3 1 4 1.138;
3 1 5 1.138;
3 1 6 1.138;
3 1 7 1.138;
3 1 8 1.138;
3 1 9 1.138;
3 1 10 1.138;
3 1 11 1.138;
3 1 12 1.138;
3 2 1 0.886;
3 2 2 0.886;
3 2 3 0.886;
3 2 4 0.886;
3 2 5 0.886;
3 2 6 0.886;
3 2 7 0.886;
3 2 8 0.886;
3 2 9 0.886;
3 2 10 0.886;
3 2 11 0.886;
3 2 12 0.886;
4 1 1 0.85;
4 1 2 0.85;
4 1 3 0.85;
4 1 4 0.85;
4 1 5 0.85;
4 1 6 0.85;
4 1 7 0.85;
4 1 8 0.85;
4 1 9 0.85;
4 1 10 0.85;
4 1 11 0.85;
4 1 12 0.85;
4 2 1 0.564;
4 2 2 0.564;
4 2 3 0.564;
4 2 4 0.564;
4 2 5 0.564;
4 2 6 0.564;
4 2 7 0.564;
4 2 8 0.564;
4 2 9 0.564;
4 2 10 0.564;
4 2 11 0.564;
4 2 12 0.564;
5 1 1 0.671;
5 1 2 0.671;
5 1 3 0.671;
5 1 4 0.671;
5 1 5 0.671;
5 1 6 0.671;
5 1 7 0.671;
5 1 8 0.671;
5 1 9 0.671;
5 1 10 0.671;
5 1 11 0.671;
5 1 12 0.671;
5 2 1 0.711;
5 2 2 0.711;
5 2 3 0.711;
5 2 4 0.711;
5 2 5 0.711;
5 2 6 0.711;
5 2 7 0.711;
5 2 8 0.711;
5 2 9 0.711;
5 2 10 0.711;
5 2 11 0.711;
5 2 12 0.711;
6 1 1 0.839;
6 1 2 0.839;
6 1 3 0.839;
6 1 4 0.839;
6 1 5 0.839;
6 1 6 0.839;
6 1 7 0.839;
6 1 8 0.839;
6 1 9 0.839;
6 1 10 0.839;
6 1 11 0.839;
6 1 12 0.839;
6 2 1 0.547;
6 2 2 0.547;
6 2 3 0.547;
6 2 4 0.547;
6 2 5 0.547;
6 2 6 0.547;
6 2 7 0.547;
6 2 8 0.547;
6 2 9 0.547;
6 2 10 0.547;
6 2 11 0.547;
6 2 12 0.547;
]

global c_y = [
1 1 1 3.493;
1 1 2 3.493;
1 1 3 3.493;
1 1 4 3.493;
1 1 5 3.493;
1 1 6 3.493;
1 1 7 3.493;
1 1 8 3.493;
1 1 9 3.493;
1 1 10 3.493;
1 1 11 3.493;
1 1 12 3.493;
1 2 1 1.573;
1 2 2 1.573;
1 2 3 1.573;
1 2 4 1.573;
1 2 5 1.573;
1 2 6 1.573;
1 2 7 1.573;
1 2 8 1.573;
1 2 9 1.573;
1 2 10 1.573;
1 2 11 1.573;
1 2 12 1.573;
2 1 1 2.618;
2 1 2 2.618;
2 1 3 2.618;
2 1 4 2.618;
2 1 5 2.618;
2 1 6 2.618;
2 1 7 2.618;
2 1 8 2.618;
2 1 9 2.618;
2 1 10 2.618;
2 1 11 2.618;
2 1 12 2.618;
2 2 1 2.679;
2 2 2 2.679;
2 2 3 2.679;
2 2 4 2.679;
2 2 5 2.679;
2 2 6 2.679;
2 2 7 2.679;
2 2 8 2.679;
2 2 9 2.679;
2 2 10 2.679;
2 2 11 2.679;
2 2 12 2.679;
3 1 1 2.911;
3 1 2 2.911;
3 1 3 2.911;
3 1 4 2.911;
3 1 5 2.911;
3 1 6 2.911;
3 1 7 2.911;
3 1 8 2.911;
3 1 9 2.911;
3 1 10 2.911;
3 1 11 2.911;
3 1 12 2.911;
3 2 1 3.027;
3 2 2 3.027;
3 2 3 3.027;
3 2 4 3.027;
3 2 5 3.027;
3 2 6 3.027;
3 2 7 3.027;
3 2 8 3.027;
3 2 9 3.027;
3 2 10 3.027;
3 2 11 3.027;
3 2 12 3.027;
4 1 1 2.48;
4 1 2 2.48;
4 1 3 2.48;
4 1 4 2.48;
4 1 5 2.48;
4 1 6 2.48;
4 1 7 2.48;
4 1 8 2.48;
4 1 9 2.48;
4 1 10 2.48;
4 1 11 2.48;
4 1 12 2.48;
4 2 1 2.093;
4 2 2 2.093;
4 2 3 2.093;
4 2 4 2.093;
4 2 5 2.093;
4 2 6 2.093;
4 2 7 2.093;
4 2 8 2.093;
4 2 9 2.093;
4 2 10 2.093;
4 2 11 2.093;
4 2 12 2.093;
5 1 1 1.996;
5 1 2 1.996;
5 1 3 1.996;
5 1 4 1.996;
5 1 5 1.996;
5 1 6 1.996;
5 1 7 1.996;
5 1 8 1.996;
5 1 9 1.996;
5 1 10 1.996;
5 1 11 1.996;
5 1 12 1.996;
5 2 1 2.222;
5 2 2 2.222;
5 2 3 2.222;
5 2 4 2.222;
5 2 5 2.222;
5 2 6 2.222;
5 2 7 2.222;
5 2 8 2.222;
5 2 9 2.222;
5 2 10 2.222;
5 2 11 2.222;
5 2 12 2.222;
6 1 1 2.398;
6 1 2 2.398;
6 1 3 2.398;
6 1 4 2.398;
6 1 5 2.398;
6 1 6 2.398;
6 1 7 2.398;
6 1 8 2.398;
6 1 9 2.398;
6 1 10 2.398;
6 1 11 2.398;
6 1 12 2.398;
6 2 1 2.346;
6 2 2 2.346;
6 2 3 2.346;
6 2 4 2.346;
6 2 5 2.346;
6 2 6 2.346;
6 2 7 2.346;
6 2 8 2.346;
6 2 9 2.346;
6 2 10 2.346;
6 2 11 2.346;
6 2 12 2.346;
]

global c_sc = [
1 1 1 0.119;
1 1 2 0.119;
1 1 3 0.119;
1 1 4 0.119;
1 1 5 0.119;
1 1 6 0.119;
1 1 7 0.119;
1 1 8 0.119;
1 1 9 0.119;
1 1 10 0.119;
1 1 11 0.119;
1 1 12 0.119;
1 2 1 0.079;
1 2 2 0.079;
1 2 3 0.079;
1 2 4 0.079;
1 2 5 0.079;
1 2 6 0.079;
1 2 7 0.079;
1 2 8 0.079;
1 2 9 0.079;
1 2 10 0.079;
1 2 11 0.079;
1 2 12 0.079;
2 1 1 0.084;
2 1 2 0.084;
2 1 3 0.084;
2 1 4 0.084;
2 1 5 0.084;
2 1 6 0.084;
2 1 7 0.084;
2 1 8 0.084;
2 1 9 0.084;
2 1 10 0.084;
2 1 11 0.084;
2 1 12 0.084;
2 2 1 0.086;
2 2 2 0.086;
2 2 3 0.086;
2 2 4 0.086;
2 2 5 0.086;
2 2 6 0.086;
2 2 7 0.086;
2 2 8 0.086;
2 2 9 0.086;
2 2 10 0.086;
2 2 11 0.086;
2 2 12 0.086;
3 1 1 0.134;
3 1 2 0.134;
3 1 3 0.134;
3 1 4 0.134;
3 1 5 0.134;
3 1 6 0.134;
3 1 7 0.134;
3 1 8 0.134;
3 1 9 0.134;
3 1 10 0.134;
3 1 11 0.134;
3 1 12 0.134;
3 2 1 0.139;
3 2 2 0.139;
3 2 3 0.139;
3 2 4 0.139;
3 2 5 0.139;
3 2 6 0.139;
3 2 7 0.139;
3 2 8 0.139;
3 2 9 0.139;
3 2 10 0.139;
3 2 11 0.139;
3 2 12 0.139;
4 1 1 0.099;
4 1 2 0.099;
4 1 3 0.099;
4 1 4 0.099;
4 1 5 0.099;
4 1 6 0.099;
4 1 7 0.099;
4 1 8 0.099;
4 1 9 0.099;
4 1 10 0.099;
4 1 11 0.099;
4 1 12 0.099;
4 2 1 0.073;
4 2 2 0.073;
4 2 3 0.073;
4 2 4 0.073;
4 2 5 0.073;
4 2 6 0.073;
4 2 7 0.073;
4 2 8 0.073;
4 2 9 0.073;
4 2 10 0.073;
4 2 11 0.073;
4 2 12 0.073;
5 1 1 0.06;
5 1 2 0.06;
5 1 3 0.06;
5 1 4 0.06;
5 1 5 0.06;
5 1 6 0.06;
5 1 7 0.06;
5 1 8 0.06;
5 1 9 0.06;
5 1 10 0.06;
5 1 11 0.06;
5 1 12 0.06;
5 2 1 0.067;
5 2 2 0.067;
5 2 3 0.067;
5 2 4 0.067;
5 2 5 0.067;
5 2 6 0.067;
5 2 7 0.067;
5 2 8 0.067;
5 2 9 0.067;
5 2 10 0.067;
5 2 11 0.067;
5 2 12 0.067;
6 1 1 0.089;
6 1 2 0.089;
6 1 3 0.089;
6 1 4 0.089;
6 1 5 0.089;
6 1 6 0.089;
6 1 7 0.089;
6 1 8 0.089;
6 1 9 0.089;
6 1 10 0.089;
6 1 11 0.089;
6 1 12 0.089;
6 2 1 0.073;
6 2 2 0.073;
6 2 3 0.073;
6 2 4 0.073;
6 2 5 0.073;
6 2 6 0.073;
6 2 7 0.073;
6 2 8 0.073;
6 2 9 0.073;
6 2 10 0.073;
6 2 11 0.073;
6 2 12 0.073;
]

global c_w = [
1 1 1 0.324;
1 1 2 0.324;
1 1 3 0.324;
1 1 4 0.324;
1 1 5 0.324;
1 1 6 0.324;
1 1 7 0.324;
1 1 8 0.324;
1 1 9 0.324;
1 1 10 0.324;
1 1 11 0.324;
1 1 12 0.324;
1 2 1 0.252;
1 2 2 0.252;
1 2 3 0.252;
1 2 4 0.252;
1 2 5 0.252;
1 2 6 0.252;
1 2 7 0.252;
1 2 8 0.252;
1 2 9 0.252;
1 2 10 0.252;
1 2 11 0.252;
1 2 12 0.252;
2 1 1 0.218;
2 1 2 0.218;
2 1 3 0.218;
2 1 4 0.218;
2 1 5 0.218;
2 1 6 0.218;
2 1 7 0.218;
2 1 8 0.218;
2 1 9 0.218;
2 1 10 0.218;
2 1 11 0.218;
2 1 12 0.218;
2 2 1 0.21;
2 2 2 0.21;
2 2 3 0.21;
2 2 4 0.21;
2 2 5 0.21;
2 2 6 0.21;
2 2 7 0.21;
2 2 8 0.21;
2 2 9 0.21;
2 2 10 0.21;
2 2 11 0.21;
2 2 12 0.21;
3 1 1 0.529;
3 1 2 0.529;
3 1 3 0.529;
3 1 4 0.529;
3 1 5 0.529;
3 1 6 0.529;
3 1 7 0.529;
3 1 8 0.529;
3 1 9 0.529;
3 1 10 0.529;
3 1 11 0.529;
3 1 12 0.529;
3 2 1 0.281;
3 2 2 0.281;
3 2 3 0.281;
3 2 4 0.281;
3 2 5 0.281;
3 2 6 0.281;
3 2 7 0.281;
3 2 8 0.281;
3 2 9 0.281;
3 2 10 0.281;
3 2 11 0.281;
3 2 12 0.281;
4 1 1 0.301;
4 1 2 0.301;
4 1 3 0.301;
4 1 4 0.301;
4 1 5 0.301;
4 1 6 0.301;
4 1 7 0.301;
4 1 8 0.301;
4 1 9 0.301;
4 1 10 0.301;
4 1 11 0.301;
4 1 12 0.301;
4 2 1 0.177;
4 2 2 0.177;
4 2 3 0.177;
4 2 4 0.177;
4 2 5 0.177;
4 2 6 0.177;
4 2 7 0.177;
4 2 8 0.177;
4 2 9 0.177;
4 2 10 0.177;
4 2 11 0.177;
4 2 12 0.177;
5 1 1 0.308;
5 1 2 0.308;
5 1 3 0.308;
5 1 4 0.308;
5 1 5 0.308;
5 1 6 0.308;
5 1 7 0.308;
5 1 8 0.308;
5 1 9 0.308;
5 1 10 0.308;
5 1 11 0.308;
5 1 12 0.308;
5 2 1 0.355;
5 2 2 0.355;
5 2 3 0.355;
5 2 4 0.355;
5 2 5 0.355;
5 2 6 0.355;
5 2 7 0.355;
5 2 8 0.355;
5 2 9 0.355;
5 2 10 0.355;
5 2 11 0.355;
5 2 12 0.355;
6 1 1 0.539;
6 1 2 0.539;
6 1 3 0.539;
6 1 4 0.539;
6 1 5 0.539;
6 1 6 0.539;
6 1 7 0.539;
6 1 8 0.539;
6 1 9 0.539;
6 1 10 0.539;
6 1 11 0.539;
6 1 12 0.539;
6 2 1 0.203;
6 2 2 0.203;
6 2 3 0.203;
6 2 4 0.203;
6 2 5 0.203;
6 2 6 0.203;
6 2 7 0.203;
6 2 8 0.203;
6 2 9 0.203;
6 2 10 0.203;
6 2 11 0.203;
6 2 12 0.203;
]

global c_e = [
1 1 1 0.042650556438791745;
1 1 2 0.04659968203497616;
1 1 3 0.03396248012718601;
1 1 4 0.04107090620031797;
1 1 5 0.04107090620031797;
1 1 6 0.047389507154213036;
1 1 7 0.03554213036565978;
1 1 8 0.042650556438791745;
1 1 9 0.03475230524642289;
1 1 10 0.032382829888712245;
1 1 11 0.036331955484896664;
1 1 12 0.03317265500794913;
1 2 1 0.0275835453100159;
1 2 2 0.03051796502384738;
1 2 3 0.0275835453100159;
1 2 4 0.031104848966613672;
1 2 5 0.03286550079491256;
1 2 6 0.025236009538950714;
1 2 7 0.03521303656597774;
1 2 8 0.03051796502384738;
1 2 9 0.031691732909379974;
1 2 10 0.026996661367249604;
1 2 11 0.02875731319554849;
1 2 12 0.0275835453100159;
1 3 1 0.056645270270270276;
1 3 2 0.0522025039745628;
1 3 3 0.06442011128775835;
1 3 4 0.06664149443561208;
1 3 5 0.06219872813990462;
1 3 6 0.0488704292527822;
1 3 7 0.056645270270270276;
1 3 8 0.06664149443561208;
1 3 9 0.06664149443561208;
1 3 10 0.04442766295707473;
1 3 11 0.056645270270270276;
1 3 12 0.04998112082670907;
1 4 1 0.032772257551669313;
1 4 2 0.031461367249602544;
1 4 3 0.036704928457869636;
1 4 4 0.03736037360890302;
1 4 5 0.03408314785373609;
1 4 6 0.032772257551669313;
1 4 7 0.03408314785373609;
1 4 8 0.0334277027027027;
1 4 9 0.03408314785373609;
1 4 10 0.028839586645468998;
1 4 11 0.029495031796502386;
1 4 12 0.0334277027027027;
1 5 1 0.03727398648648648;
1 5 2 0.04636520270270269;
1 5 3 0.0509108108108108;
1 5 4 0.053638175675675664;
1 5 5 0.052729054054054036;
1 5 6 0.049092567567567566;
1 5 7 0.04181959459459459;
1 5 8 0.04091047297297297;
1 5 9 0.04727432432432432;
1 5 10 0.04272871621621621;
1 5 11 0.04818344594594594;
1 5 12 0.04000135135135134;
1 6 1 0.04578517488076311;
1 6 2 0.06104689984101748;
1 6 3 0.06104689984101748;
1 6 4 0.04171538155802861;
1 6 5 0.05595965818759936;
1 6 6 0.059012003179650226;
1 6 7 0.048837519872813984;
1 6 8 0.05087241653418124;
1 6 9 0.048837519872813984;
1 6 10 0.048837519872813984;
1 6 11 0.05087241653418124;
1 6 12 0.04171538155802861;
2 1 1 0.05312432432432433;
2 1 2 0.04479109697933228;
2 1 3 0.04479109697933228;
2 1 4 0.05520763116057235;
2 1 5 0.05312432432432433;
2 1 6 0.05624928457869635;
2 1 7 0.049999364069952305;
2 1 8 0.05624928457869635;
2 1 9 0.04583275039745628;
2 1 10 0.05624928457869635;
2 1 11 0.06249920508744039;
2 1 12 0.05833259141494437;
2 2 1 0.034056279809220984;
2 2 2 0.0402483306836248;
2 2 3 0.03715230524642289;
2 2 4 0.04411836248012718;
2 2 5 0.04411836248012718;
2 2 6 0.03560429252782194;
2 2 7 0.04566637519872814;
2 2 8 0.04102233704292528;
2 2 9 0.0402483306836248;
2 2 10 0.04257034976152624;
2 2 11 0.03096025437201908;
2 2 12 0.03483028616852146;
2 3 1 0.08642468203497616;
2 3 2 0.07617090620031798;
2 3 3 0.08203020667726553;
2 3 4 0.05859300476947536;
2 3 5 0.06884678060413355;
2 3 6 0.07617090620031798;
2 3 7 0.06005782988871224;
2 3 8 0.0732412559618442;
2 3 9 0.07763573131955487;
2 3 10 0.08203020667726553;
2 3 11 0.07177643084260732;
2 3 12 0.08056538155802863;
2 4 1 0.05100123211446741;
2 4 2 0.05100123211446741;
2 4 3 0.04408581081081082;
2 4 4 0.04235695548489666;
2 4 5 0.039763672496025436;
2 4 6 0.036305961844197134;
2 4 7 0.05186565977742449;
2 4 8 0.039763672496025436;
2 4 9 0.05013680445151033;
2 4 10 0.04235695548489666;
2 4 11 0.039763672496025436;
2 4 12 0.038034817170111285;
2 5 1 0.05635236486486485;
2 5 2 0.07074020270270269;
2 5 3 0.052755405405405395;
2 5 4 0.05155641891891891;
2 5 5 0.04795945945945945;
2 5 6 0.052755405405405395;
2 5 7 0.061148310810810805;
2 5 8 0.050357432432432424;
2 5 9 0.06834222972972971;
2 5 10 0.059949324324324316;
2 5 11 0.05635236486486485;
2 5 12 0.061148310810810805;
2 6 1 0.06709260731319554;
2 6 2 0.053674085850556434;
2 6 3 0.06977631160572337;
2 6 4 0.07246001589825118;
2 6 5 0.07782742448330682;
2 6 6 0.053674085850556434;
2 6 7 0.05769964228934817;
2 6 8 0.07111816375198728;
2 6 9 0.07514372019077901;
2 6 10 0.053674085850556434;
2 6 11 0.06977631160572337;
2 6 12 0.055015937996820335;
3 1 1 0.07699077901430842;
3 1 2 0.07046613672496026;
3 1 3 0.06655135135135136;
3 1 4 0.05480699523052464;
3 1 5 0.07568585055643878;
3 1 6 0.053502066772655;
3 1 7 0.05219713831478538;
3 1 8 0.053502066772655;
3 1 9 0.06133163751987282;
3 1 10 0.05480699523052464;
3 1 11 0.06524642289348172;
3 1 12 0.06916120826709063;
3 2 1 0.03878537360890302;
3 2 2 0.041694276629570745;
3 2 3 0.0475120826709062;
3 2 4 0.057208426073131945;
3 2 5 0.057208426073131945;
3 2 6 0.03878537360890302;
3 2 7 0.03975500794912559;
3 2 8 0.0513906200317965;
3 2 9 0.04557281399046105;
3 2 10 0.03878537360890302;
3 2 11 0.05817806041335452;
3 2 12 0.03878537360890302;
3 3 1 0.09175278219395867;
3 3 2 0.07890739268680445;
3 3 3 0.10092806041335455;
3 3 4 0.08074244833068364;
3 3 5 0.0899177265500795;
3 3 6 0.07707233704292528;
3 3 7 0.10459817170111288;
3 3 8 0.0752372813990461;
3 3 9 0.08808267090620032;
3 3 10 0.08074244833068364;
3 3 11 0.07707233704292528;
3 3 12 0.07340222575516694;
3 4 1 0.049813831478537365;
3 4 2 0.06172583465818759;
3 4 3 0.06172583465818759;
3 4 4 0.049813831478537365;
3 4 5 0.057394197138314784;
3 4 6 0.051979650238473764;
3 4 7 0.063891653418124;
3 4 8 0.0606429252782194;
3 4 9 0.049813831478537365;
3 4 10 0.051979650238473764;
3 4 11 0.05631128775834658;
3 4 12 0.059560015898251197;
3 5 1 0.07810540540540539;
3 5 2 0.07660337837837837;
3 5 3 0.07359932432432431;
3 5 4 0.0841135135135135;
3 5 5 0.06458716216216215;
3 5 6 0.07059527027027025;
3 5 7 0.07960743243243242;
3 5 8 0.060081081081081074;
3 5 9 0.06608918918918918;
3 5 10 0.06308513513513511;
3 5 11 0.08261148648648647;
3 5 12 0.0841135135135135;
3 6 1 0.07564507154213036;
3 6 2 0.08405007949125595;
3 6 3 0.09581709062003177;
3 6 4 0.09245508744038156;
3 6 5 0.09749809220985689;
3 6 6 0.08068807631160571;
3 6 7 0.07900707472178059;
3 6 8 0.09245508744038156;
3 6 9 0.07228306836248012;
3 6 10 0.09749809220985689;
3 6 11 0.07732607313195548;
3 6 12 0.08909308426073131;
4 1 1 0.0627281399046105;
4 1 2 0.09252400635930048;
4 1 3 0.0831147853736089;
4 1 4 0.07213736089030208;
4 1 5 0.09095580286168521;
4 1 6 0.07997837837837839;
4 1 7 0.09409220985691574;
4 1 8 0.08938759936406995;
4 1 9 0.06586454689984102;
4 1 10 0.06586454689984102;
4 1 11 0.08468298887122418;
4 1 12 0.08625119236883945;
4 2 1 0.06991573926868044;
4 2 2 0.05243680445151033;
4 2 3 0.05942837837837838;
4 2 4 0.06525468998410176;
4 2 5 0.05476732909379968;
4 2 6 0.05942837837837838;
4 2 7 0.04777575516693163;
4 2 8 0.06408942766295708;
4 2 9 0.055932591414944346;
4 2 10 0.05476732909379968;
4 2 11 0.05360206677265501;
4 2 12 0.0675852146263911;
4 3 1 0.13231717011128777;
4 3 2 0.12790659777424485;
4 3 3 0.09923787758346583;
4 3 4 0.11246959459459462;
4 3 5 0.13011188394276632;
4 3 6 0.08821144674085853;
4 3 7 0.13231717011128777;
4 3 8 0.11688016693163754;
4 3 9 0.13011188394276632;
4 3 10 0.119085453100159;
4 3 11 0.09262201907790145;
4 3 12 0.12570131160572337;
4 4 1 0.054658426073131955;
4 4 2 0.05595981717011128;
4 4 3 0.07287790143084262;
4 4 4 0.052055643879173295;
4 4 5 0.05595981717011128;
4 4 6 0.05595981717011128;
4 4 7 0.06246677265500794;
4 4 8 0.0767820747217806;
4 4 9 0.07417929252782193;
4 4 10 0.061165381558028614;
4 4 11 0.06376816375198728;
4 4 12 0.054658426073131955;
4 5 1 0.08122804054054053;
4 5 2 0.09025337837837837;
4 5 3 0.08483817567567566;
4 5 4 0.08664324324324321;
4 5 5 0.07942297297297296;
4 5 6 0.09025337837837837;
4 5 7 0.07761790540540539;
4 5 8 0.10108378378378378;
4 5 9 0.1046939189189189;
4 5 10 0.1046939189189189;
4 5 11 0.10288885135135131;
4 5 12 0.0938635135135135;
4 6 1 0.08282619236883941;
4 6 2 0.08888664546899841;
4 6 3 0.11110830683624802;
4 6 4 0.08484634340222574;
4 6 5 0.08686649443561208;
4 6 6 0.11312845786963435;
4 6 7 0.08686649443561208;
4 6 8 0.09090679650238473;
4 6 9 0.09292694753577106;
4 6 10 0.11918891096979331;
4 6 11 0.1030277027027027;
4 6 12 0.10908815580286169;
5 1 1 0.06711224165341813;
5 1 2 0.09166550079491258;
5 1 3 0.0785704292527822;
5 1 4 0.09330238473767885;
5 1 5 0.0785704292527822;
5 1 6 0.06711224165341813;
5 1 7 0.0769335453100159;
5 1 8 0.07202289348171702;
5 1 9 0.08839173290937997;
5 1 10 0.08511796502384739;
5 1 11 0.09493926868044515;
5 1 12 0.06547535771065184;
5 2 1 0.053517011128775833;
5 2 2 0.055949602543720195;
5 2 3 0.06567996820349761;
5 2 4 0.05838219395866455;
5 2 5 0.06932885532591414;
5 2 6 0.06567996820349761;
5 2 7 0.057165898251192365;
5 2 8 0.06203108108108109;
5 2 9 0.06446367249602544;
5 2 10 0.06567996820349761;
5 2 11 0.05473330683624802;
5 2 12 0.05473330683624802;
5 3 1 0.11969713831478539;
5 3 2 0.09898032591414946;
5 3 3 0.12890461049284582;
5 3 4 0.09437658982511925;
5 3 5 0.09207472178060415;
5 3 6 0.1312064785373609;
5 3 7 0.11509340222575519;
5 3 8 0.11279153418124006;
5 3 9 0.11969713831478539;
5 3 10 0.1243008744038156;
5 3 11 0.12890461049284582;
5 3 12 0.1219990063593005;
5 4 1 0.062485771065182834;
5 4 2 0.06791931637519873;
5 4 3 0.06927770270270271;
5 4 4 0.05705222575516693;
5 4 5 0.054335453100158984;
5 4 6 0.07742802066772654;
5 4 7 0.06927770270270271;
5 4 8 0.055693839427662956;
5 4 9 0.06520254372019078;
5 4 10 0.07199447535771065;
5 4 11 0.06791931637519873;
5 4 12 0.07063608903020667;
5 5 1 0.09232195945945944;
5 5 2 0.1055108108108108;
5 5 3 0.08290135135135134;
5 5 4 0.08478547297297297;
5 5 5 0.10174256756756755;
5 5 6 0.09043783783783782;
5 5 7 0.08855371621621619;
5 5 8 0.09420608108108107;
5 5 9 0.0960902027027027;
5 5 10 0.08478547297297297;
5 5 11 0.09985844594594594;
5 5 12 0.11304729729729728;
5 6 1 0.09488811605723371;
5 6 2 0.11386573926868043;
5 6 3 0.10753986486486486;
5 6 4 0.120191613672496;
5 6 5 0.08645361685214625;
5 6 6 0.09067086645468998;
5 6 7 0.09067086645468998;
5 6 8 0.08856224165341811;
5 6 9 0.10332261526232113;
5 6 10 0.11175711446740859;
5 6 11 0.09699674085850556;
5 6 12 0.08856224165341811;
]

global d = [
1 1 1 78;
1 1 2 236;
1 1 3 0;
1 1 4 237;
1 1 5 188;
1 1 6 154;
1 1 7 243;
1 1 8 239;
1 1 9 76;
1 1 10 246;
1 1 11 0;
1 1 12 227;
1 2 1 114;
1 2 2 211;
1 2 3 188;
1 2 4 187;
1 2 5 0;
1 2 6 156;
1 2 7 0;
1 2 8 270;
1 2 9 119;
1 2 10 66;
1 2 11 196;
1 2 12 160;
1 3 1 204;
1 3 2 176;
1 3 3 177;
1 3 4 84;
1 3 5 237;
1 3 6 134;
1 3 7 140;
1 3 8 114;
1 3 9 231;
1 3 10 90;
1 3 11 152;
1 3 12 284;
1 4 1 0;
1 4 2 257;
1 4 3 183;
1 4 4 298;
1 4 5 167;
1 4 6 152;
1 4 7 169;
1 4 8 0;
1 4 9 261;
1 4 10 75;
1 4 11 0;
1 4 12 243;
1 5 1 242;
1 5 2 152;
1 5 3 0;
1 5 4 188;
1 5 5 100;
1 5 6 185;
1 5 7 0;
1 5 8 0;
1 5 9 187;
1 5 10 0;
1 5 11 0;
1 5 12 184;
1 6 1 200;
1 6 2 125;
1 6 3 113;
1 6 4 258;
1 6 5 145;
1 6 6 64;
1 6 7 232;
1 6 8 280;
1 6 9 177;
1 6 10 83;
1 6 11 158;
1 6 12 237;
2 1 1 275;
2 1 2 223;
2 1 3 0;
2 1 4 0;
2 1 5 0;
2 1 6 267;
2 1 7 0;
2 1 8 92;
2 1 9 121;
2 1 10 223;
2 1 11 219;
2 1 12 112;
2 2 1 160;
2 2 2 296;
2 2 3 0;
2 2 4 287;
2 2 5 0;
2 2 6 152;
2 2 7 245;
2 2 8 164;
2 2 9 163;
2 2 10 90;
2 2 11 88;
2 2 12 0;
2 3 1 192;
2 3 2 280;
2 3 3 75;
2 3 4 134;
2 3 5 179;
2 3 6 0;
2 3 7 300;
2 3 8 214;
2 3 9 149;
2 3 10 0;
2 3 11 156;
2 3 12 113;
2 4 1 74;
2 4 2 0;
2 4 3 142;
2 4 4 201;
2 4 5 157;
2 4 6 55;
2 4 7 253;
2 4 8 59;
2 4 9 229;
2 4 10 213;
2 4 11 0;
2 4 12 225;
2 5 1 138;
2 5 2 221;
2 5 3 243;
2 5 4 296;
2 5 5 224;
2 5 6 140;
2 5 7 252;
2 5 8 83;
2 5 9 280;
2 5 10 110;
2 5 11 0;
2 5 12 51;
2 6 1 0;
2 6 2 0;
2 6 3 290;
2 6 4 119;
2 6 5 65;
2 6 6 151;
2 6 7 232;
2 6 8 191;
2 6 9 222;
2 6 10 292;
2 6 11 235;
2 6 12 146;
3 1 1 50;
3 1 2 0;
3 1 3 246;
3 1 4 0;
3 1 5 0;
3 1 6 0;
3 1 7 0;
3 1 8 295;
3 1 9 254;
3 1 10 139;
3 1 11 184;
3 1 12 258;
3 2 1 155;
3 2 2 282;
3 2 3 131;
3 2 4 96;
3 2 5 130;
3 2 6 90;
3 2 7 241;
3 2 8 0;
3 2 9 280;
3 2 10 208;
3 2 11 291;
3 2 12 156;
3 3 1 300;
3 3 2 261;
3 3 3 113;
3 3 4 166;
3 3 5 0;
3 3 6 175;
3 3 7 54;
3 3 8 207;
3 3 9 186;
3 3 10 64;
3 3 11 91;
3 3 12 110;
3 4 1 171;
3 4 2 208;
3 4 3 147;
3 4 4 267;
3 4 5 143;
3 4 6 251;
3 4 7 85;
3 4 8 260;
3 4 9 0;
3 4 10 181;
3 4 11 77;
3 4 12 169;
3 5 1 56;
3 5 2 122;
3 5 3 284;
3 5 4 207;
3 5 5 166;
3 5 6 164;
3 5 7 250;
3 5 8 51;
3 5 9 0;
3 5 10 142;
3 5 11 0;
3 5 12 197;
3 6 1 273;
3 6 2 0;
3 6 3 170;
3 6 4 271;
3 6 5 132;
3 6 6 53;
3 6 7 256;
3 6 8 222;
3 6 9 64;
3 6 10 236;
3 6 11 251;
3 6 12 140;
4 1 1 115;
4 1 2 78;
4 1 3 221;
4 1 4 135;
4 1 5 203;
4 1 6 173;
4 1 7 91;
4 1 8 0;
4 1 9 274;
4 1 10 163;
4 1 11 244;
4 1 12 0;
4 2 1 289;
4 2 2 97;
4 2 3 0;
4 2 4 61;
4 2 5 51;
4 2 6 198;
4 2 7 270;
4 2 8 249;
4 2 9 0;
4 2 10 110;
4 2 11 262;
4 2 12 119;
4 3 1 149;
4 3 2 98;
4 3 3 0;
4 3 4 126;
4 3 5 131;
4 3 6 0;
4 3 7 293;
4 3 8 91;
4 3 9 265;
4 3 10 143;
4 3 11 273;
4 3 12 223;
4 4 1 0;
4 4 2 103;
4 4 3 132;
4 4 4 0;
4 4 5 242;
4 4 6 150;
4 4 7 220;
4 4 8 196;
4 4 9 276;
4 4 10 139;
4 4 11 86;
4 4 12 0;
4 5 1 72;
4 5 2 179;
4 5 3 238;
4 5 4 124;
4 5 5 264;
4 5 6 236;
4 5 7 147;
4 5 8 209;
4 5 9 270;
4 5 10 0;
4 5 11 240;
4 5 12 242;
4 6 1 90;
4 6 2 58;
4 6 3 0;
4 6 4 0;
4 6 5 258;
4 6 6 0;
4 6 7 0;
4 6 8 76;
4 6 9 201;
4 6 10 242;
4 6 11 238;
4 6 12 102;
5 1 1 162;
5 1 2 229;
5 1 3 132;
5 1 4 123;
5 1 5 141;
5 1 6 267;
5 1 7 92;
5 1 8 128;
5 1 9 162;
5 1 10 264;
5 1 11 0;
5 1 12 230;
5 2 1 290;
5 2 2 53;
5 2 3 123;
5 2 4 69;
5 2 5 118;
5 2 6 109;
5 2 7 59;
5 2 8 167;
5 2 9 208;
5 2 10 112;
5 2 11 236;
5 2 12 228;
5 3 1 0;
5 3 2 61;
5 3 3 215;
5 3 4 0;
5 3 5 0;
5 3 6 179;
5 3 7 246;
5 3 8 81;
5 3 9 0;
5 3 10 242;
5 3 11 0;
5 3 12 0;
5 4 1 134;
5 4 2 259;
5 4 3 220;
5 4 4 65;
5 4 5 112;
5 4 6 274;
5 4 7 212;
5 4 8 121;
5 4 9 165;
5 4 10 137;
5 4 11 144;
5 4 12 50;
5 5 1 112;
5 5 2 298;
5 5 3 265;
5 5 4 89;
5 5 5 0;
5 5 6 0;
5 5 7 245;
5 5 8 203;
5 5 9 132;
5 5 10 0;
5 5 11 225;
5 5 12 183;
5 6 1 193;
5 6 2 121;
5 6 3 154;
5 6 4 224;
5 6 5 0;
5 6 6 0;
5 6 7 269;
5 6 8 97;
5 6 9 0;
5 6 10 261;
5 6 11 0;
5 6 12 59;
]

global Cap_c = [
1 1 1 6402.0;
1 1 2 6402.0;
1 1 3 6402.0;
1 1 4 6402.0;
1 1 5 6402.0;
1 1 6 6402.0;
1 1 7 6402.0;
1 1 8 6402.0;
1 1 9 6402.0;
1 1 10 6402.0;
1 1 11 6402.0;
1 1 12 6402.0;
1 2 1 6402.0;
1 2 2 6402.0;
1 2 3 6402.0;
1 2 4 6402.0;
1 2 5 6402.0;
1 2 6 6402.0;
1 2 7 6402.0;
1 2 8 6402.0;
1 2 9 6402.0;
1 2 10 6402.0;
1 2 11 6402.0;
1 2 12 6402.0;
2 1 1 6402.0;
2 1 2 6402.0;
2 1 3 6402.0;
2 1 4 6402.0;
2 1 5 6402.0;
2 1 6 6402.0;
2 1 7 6402.0;
2 1 8 6402.0;
2 1 9 6402.0;
2 1 10 6402.0;
2 1 11 6402.0;
2 1 12 6402.0;
2 2 1 6402.0;
2 2 2 6402.0;
2 2 3 6402.0;
2 2 4 6402.0;
2 2 5 6402.0;
2 2 6 6402.0;
2 2 7 6402.0;
2 2 8 6402.0;
2 2 9 6402.0;
2 2 10 6402.0;
2 2 11 6402.0;
2 2 12 6402.0;
3 1 1 6402.0;
3 1 2 6402.0;
3 1 3 6402.0;
3 1 4 6402.0;
3 1 5 6402.0;
3 1 6 6402.0;
3 1 7 6402.0;
3 1 8 6402.0;
3 1 9 6402.0;
3 1 10 6402.0;
3 1 11 6402.0;
3 1 12 6402.0;
3 2 1 6402.0;
3 2 2 6402.0;
3 2 3 6402.0;
3 2 4 6402.0;
3 2 5 6402.0;
3 2 6 6402.0;
3 2 7 6402.0;
3 2 8 6402.0;
3 2 9 6402.0;
3 2 10 6402.0;
3 2 11 6402.0;
3 2 12 6402.0;
4 1 1 6402.0;
4 1 2 6402.0;
4 1 3 6402.0;
4 1 4 6402.0;
4 1 5 6402.0;
4 1 6 6402.0;
4 1 7 6402.0;
4 1 8 6402.0;
4 1 9 6402.0;
4 1 10 6402.0;
4 1 11 6402.0;
4 1 12 6402.0;
4 2 1 6402.0;
4 2 2 6402.0;
4 2 3 6402.0;
4 2 4 6402.0;
4 2 5 6402.0;
4 2 6 6402.0;
4 2 7 6402.0;
4 2 8 6402.0;
4 2 9 6402.0;
4 2 10 6402.0;
4 2 11 6402.0;
4 2 12 6402.0;
5 1 1 6402.0;
5 1 2 6402.0;
5 1 3 6402.0;
5 1 4 6402.0;
5 1 5 6402.0;
5 1 6 6402.0;
5 1 7 6402.0;
5 1 8 6402.0;
5 1 9 6402.0;
5 1 10 6402.0;
5 1 11 6402.0;
5 1 12 6402.0;
5 2 1 6402.0;
5 2 2 6402.0;
5 2 3 6402.0;
5 2 4 6402.0;
5 2 5 6402.0;
5 2 6 6402.0;
5 2 7 6402.0;
5 2 8 6402.0;
5 2 9 6402.0;
5 2 10 6402.0;
5 2 11 6402.0;
5 2 12 6402.0;
6 1 1 6402.0;
6 1 2 6402.0;
6 1 3 6402.0;
6 1 4 6402.0;
6 1 5 6402.0;
6 1 6 6402.0;
6 1 7 6402.0;
6 1 8 6402.0;
6 1 9 6402.0;
6 1 10 6402.0;
6 1 11 6402.0;
6 1 12 6402.0;
6 2 1 6402.0;
6 2 2 6402.0;
6 2 3 6402.0;
6 2 4 6402.0;
6 2 5 6402.0;
6 2 6 6402.0;
6 2 7 6402.0;
6 2 8 6402.0;
6 2 9 6402.0;
6 2 10 6402.0;
6 2 11 6402.0;
6 2 12 6402.0;
]

global Cap_p = [516330.0 516330.0 516330.0 516330.0 516330.0 516330.0 516330.0 516330.0 516330.0 516330.0 516330.0 516330.0; 439837.0 439837.0 439837.0 439837.0 439837.0 439837.0 439837.0 439837.0 439837.0 439837.0 439837.0 439837.0]
#-----------------------------------------