###################################################
# Classe 27 : K = 6, M = 2, T = 12, N = 20
# Exemplo: 8.   c27ex08.dat          Semente: 2109
#-----------------------Dados----------------------
global K = 6
global M = 2
global T = 12
global N = 20

global L = [540, 460]

global l = [50, 54, 54, 54, 57, 58, 62, 68, 79, 82, 85, 89, 93, 102, 111, 121, 131, 135, 140, 147]

global Q1 = 1e5
global Q2 = 1e5

global rho = [2.0, 2.0, 2.0, 2.0, 2.0, 2.0]

global b = [1080.0 920.0; 1080.0 920.0; 1080.0 920.0; 1080.0 920.0; 1080.0 920.0; 1080.0 920.0]

global f = [32.4 27.6; 32.4 27.6; 32.4 27.6; 32.4 27.6; 32.4 27.6; 32.4 27.6]

global c_km = [21.6 37.72; 29.16 24.84; 38.88 37.72; 50.76 27.6; 36.72 20.24; 28.08 29.44]

global p_km = [2.441 4.262; 3.295 2.807; 4.393 4.262; 5.736 3.119; 4.149 2.287; 3.173 3.327]

global c_x = [
1 1 1 25.055;
1 1 2 25.055;
1 1 3 25.055;
1 1 4 25.055;
1 1 5 25.055;
1 1 6 25.055;
1 1 7 25.055;
1 1 8 25.055;
1 1 9 25.055;
1 1 10 25.055;
1 1 11 25.055;
1 1 12 25.055;
1 2 1 16.008;
1 2 2 16.008;
1 2 3 16.008;
1 2 4 16.008;
1 2 5 16.008;
1 2 6 16.008;
1 2 7 16.008;
1 2 8 16.008;
1 2 9 16.008;
1 2 10 16.008;
1 2 11 16.008;
1 2 12 16.008;
2 1 1 22.788;
2 1 2 22.788;
2 1 3 22.788;
2 1 4 22.788;
2 1 5 22.788;
2 1 6 22.788;
2 1 7 22.788;
2 1 8 22.788;
2 1 9 22.788;
2 1 10 22.788;
2 1 11 22.788;
2 1 12 22.788;
2 2 1 13.984;
2 2 2 13.984;
2 2 3 13.984;
2 2 4 13.984;
2 2 5 13.984;
2 2 6 13.984;
2 2 7 13.984;
2 2 8 13.984;
2 2 9 13.984;
2 2 10 13.984;
2 2 11 13.984;
2 2 12 13.984;
3 1 1 16.848;
3 1 2 16.848;
3 1 3 16.848;
3 1 4 16.848;
3 1 5 16.848;
3 1 6 16.848;
3 1 7 16.848;
3 1 8 16.848;
3 1 9 16.848;
3 1 10 16.848;
3 1 11 16.848;
3 1 12 16.848;
3 2 1 14.72;
3 2 2 14.72;
3 2 3 14.72;
3 2 4 14.72;
3 2 5 14.72;
3 2 6 14.72;
3 2 7 14.72;
3 2 8 14.72;
3 2 9 14.72;
3 2 10 14.72;
3 2 11 14.72;
3 2 12 14.72;
4 1 1 25.272;
4 1 2 25.272;
4 1 3 25.272;
4 1 4 25.272;
4 1 5 25.272;
4 1 6 25.272;
4 1 7 25.272;
4 1 8 25.272;
4 1 9 25.272;
4 1 10 25.272;
4 1 11 25.272;
4 1 12 25.272;
4 2 1 21.16;
4 2 2 21.16;
4 2 3 21.16;
4 2 4 21.16;
4 2 5 21.16;
4 2 6 21.16;
4 2 7 21.16;
4 2 8 21.16;
4 2 9 21.16;
4 2 10 21.16;
4 2 11 21.16;
4 2 12 21.16;
5 1 1 17.82;
5 1 2 17.82;
5 1 3 17.82;
5 1 4 17.82;
5 1 5 17.82;
5 1 6 17.82;
5 1 7 17.82;
5 1 8 17.82;
5 1 9 17.82;
5 1 10 17.82;
5 1 11 17.82;
5 1 12 17.82;
5 2 1 15.732;
5 2 2 15.732;
5 2 3 15.732;
5 2 4 15.732;
5 2 5 15.732;
5 2 6 15.732;
5 2 7 15.732;
5 2 8 15.732;
5 2 9 15.732;
5 2 10 15.732;
5 2 11 15.732;
5 2 12 15.732;
6 1 1 20.412;
6 1 2 20.412;
6 1 3 20.412;
6 1 4 20.412;
6 1 5 20.412;
6 1 6 20.412;
6 1 7 20.412;
6 1 8 20.412;
6 1 9 20.412;
6 1 10 20.412;
6 1 11 20.412;
6 1 12 20.412;
6 2 1 19.504;
6 2 2 19.504;
6 2 3 19.504;
6 2 4 19.504;
6 2 5 19.504;
6 2 6 19.504;
6 2 7 19.504;
6 2 8 19.504;
6 2 9 19.504;
6 2 10 19.504;
6 2 11 19.504;
6 2 12 19.504;
]

global c_z = [
1 1 1 0.827;
1 1 2 0.827;
1 1 3 0.827;
1 1 4 0.827;
1 1 5 0.827;
1 1 6 0.827;
1 1 7 0.827;
1 1 8 0.827;
1 1 9 0.827;
1 1 10 0.827;
1 1 11 0.827;
1 1 12 0.827;
1 2 1 0.688;
1 2 2 0.688;
1 2 3 0.688;
1 2 4 0.688;
1 2 5 0.688;
1 2 6 0.688;
1 2 7 0.688;
1 2 8 0.688;
1 2 9 0.688;
1 2 10 0.688;
1 2 11 0.688;
1 2 12 0.688;
2 1 1 0.98;
2 1 2 0.98;
2 1 3 0.98;
2 1 4 0.98;
2 1 5 0.98;
2 1 6 0.98;
2 1 7 0.98;
2 1 8 0.98;
2 1 9 0.98;
2 1 10 0.98;
2 1 11 0.98;
2 1 12 0.98;
2 2 1 0.657;
2 2 2 0.657;
2 2 3 0.657;
2 2 4 0.657;
2 2 5 0.657;
2 2 6 0.657;
2 2 7 0.657;
2 2 8 0.657;
2 2 9 0.657;
2 2 10 0.657;
2 2 11 0.657;
2 2 12 0.657;
3 1 1 0.573;
3 1 2 0.573;
3 1 3 0.573;
3 1 4 0.573;
3 1 5 0.573;
3 1 6 0.573;
3 1 7 0.573;
3 1 8 0.573;
3 1 9 0.573;
3 1 10 0.573;
3 1 11 0.573;
3 1 12 0.573;
3 2 1 0.589;
3 2 2 0.589;
3 2 3 0.589;
3 2 4 0.589;
3 2 5 0.589;
3 2 6 0.589;
3 2 7 0.589;
3 2 8 0.589;
3 2 9 0.589;
3 2 10 0.589;
3 2 11 0.589;
3 2 12 0.589;
4 1 1 0.885;
4 1 2 0.885;
4 1 3 0.885;
4 1 4 0.885;
4 1 5 0.885;
4 1 6 0.885;
4 1 7 0.885;
4 1 8 0.885;
4 1 9 0.885;
4 1 10 0.885;
4 1 11 0.885;
4 1 12 0.885;
4 2 1 0.741;
4 2 2 0.741;
4 2 3 0.741;
4 2 4 0.741;
4 2 5 0.741;
4 2 6 0.741;
4 2 7 0.741;
4 2 8 0.741;
4 2 9 0.741;
4 2 10 0.741;
4 2 11 0.741;
4 2 12 0.741;
5 1 1 0.695;
5 1 2 0.695;
5 1 3 0.695;
5 1 4 0.695;
5 1 5 0.695;
5 1 6 0.695;
5 1 7 0.695;
5 1 8 0.695;
5 1 9 0.695;
5 1 10 0.695;
5 1 11 0.695;
5 1 12 0.695;
5 2 1 0.535;
5 2 2 0.535;
5 2 3 0.535;
5 2 4 0.535;
5 2 5 0.535;
5 2 6 0.535;
5 2 7 0.535;
5 2 8 0.535;
5 2 9 0.535;
5 2 10 0.535;
5 2 11 0.535;
5 2 12 0.535;
6 1 1 0.898;
6 1 2 0.898;
6 1 3 0.898;
6 1 4 0.898;
6 1 5 0.898;
6 1 6 0.898;
6 1 7 0.898;
6 1 8 0.898;
6 1 9 0.898;
6 1 10 0.898;
6 1 11 0.898;
6 1 12 0.898;
6 2 1 0.722;
6 2 2 0.722;
6 2 3 0.722;
6 2 4 0.722;
6 2 5 0.722;
6 2 6 0.722;
6 2 7 0.722;
6 2 8 0.722;
6 2 9 0.722;
6 2 10 0.722;
6 2 11 0.722;
6 2 12 0.722;
]

global c_y = [
1 1 1 3.758;
1 1 2 3.758;
1 1 3 3.758;
1 1 4 3.758;
1 1 5 3.758;
1 1 6 3.758;
1 1 7 3.758;
1 1 8 3.758;
1 1 9 3.758;
1 1 10 3.758;
1 1 11 3.758;
1 1 12 3.758;
1 2 1 1.761;
1 2 2 1.761;
1 2 3 1.761;
1 2 4 1.761;
1 2 5 1.761;
1 2 6 1.761;
1 2 7 1.761;
1 2 8 1.761;
1 2 9 1.761;
1 2 10 1.761;
1 2 11 1.761;
1 2 12 1.761;
2 1 1 2.507;
2 1 2 2.507;
2 1 3 2.507;
2 1 4 2.507;
2 1 5 2.507;
2 1 6 2.507;
2 1 7 2.507;
2 1 8 2.507;
2 1 9 2.507;
2 1 10 2.507;
2 1 11 2.507;
2 1 12 2.507;
2 2 1 1.678;
2 2 2 1.678;
2 2 3 1.678;
2 2 4 1.678;
2 2 5 1.678;
2 2 6 1.678;
2 2 7 1.678;
2 2 8 1.678;
2 2 9 1.678;
2 2 10 1.678;
2 2 11 1.678;
2 2 12 1.678;
3 1 1 2.527;
3 1 2 2.527;
3 1 3 2.527;
3 1 4 2.527;
3 1 5 2.527;
3 1 6 2.527;
3 1 7 2.527;
3 1 8 2.527;
3 1 9 2.527;
3 1 10 2.527;
3 1 11 2.527;
3 1 12 2.527;
3 2 1 2.208;
3 2 2 2.208;
3 2 3 2.208;
3 2 4 2.208;
3 2 5 2.208;
3 2 6 2.208;
3 2 7 2.208;
3 2 8 2.208;
3 2 9 2.208;
3 2 10 2.208;
3 2 11 2.208;
3 2 12 2.208;
4 1 1 2.527;
4 1 2 2.527;
4 1 3 2.527;
4 1 4 2.527;
4 1 5 2.527;
4 1 6 2.527;
4 1 7 2.527;
4 1 8 2.527;
4 1 9 2.527;
4 1 10 2.527;
4 1 11 2.527;
4 1 12 2.527;
4 2 1 3.174;
4 2 2 3.174;
4 2 3 3.174;
4 2 4 3.174;
4 2 5 3.174;
4 2 6 3.174;
4 2 7 3.174;
4 2 8 3.174;
4 2 9 3.174;
4 2 10 3.174;
4 2 11 3.174;
4 2 12 3.174;
5 1 1 1.782;
5 1 2 1.782;
5 1 3 1.782;
5 1 4 1.782;
5 1 5 1.782;
5 1 6 1.782;
5 1 7 1.782;
5 1 8 1.782;
5 1 9 1.782;
5 1 10 1.782;
5 1 11 1.782;
5 1 12 1.782;
5 2 1 1.888;
5 2 2 1.888;
5 2 3 1.888;
5 2 4 1.888;
5 2 5 1.888;
5 2 6 1.888;
5 2 7 1.888;
5 2 8 1.888;
5 2 9 1.888;
5 2 10 1.888;
5 2 11 1.888;
5 2 12 1.888;
6 1 1 2.449;
6 1 2 2.449;
6 1 3 2.449;
6 1 4 2.449;
6 1 5 2.449;
6 1 6 2.449;
6 1 7 2.449;
6 1 8 2.449;
6 1 9 2.449;
6 1 10 2.449;
6 1 11 2.449;
6 1 12 2.449;
6 2 1 1.95;
6 2 2 1.95;
6 2 3 1.95;
6 2 4 1.95;
6 2 5 1.95;
6 2 6 1.95;
6 2 7 1.95;
6 2 8 1.95;
6 2 9 1.95;
6 2 10 1.95;
6 2 11 1.95;
6 2 12 1.95;
]

global c_sc = [
1 1 1 0.128;
1 1 2 0.128;
1 1 3 0.128;
1 1 4 0.128;
1 1 5 0.128;
1 1 6 0.128;
1 1 7 0.128;
1 1 8 0.128;
1 1 9 0.128;
1 1 10 0.128;
1 1 11 0.128;
1 1 12 0.128;
1 2 1 0.079;
1 2 2 0.079;
1 2 3 0.079;
1 2 4 0.079;
1 2 5 0.079;
1 2 6 0.079;
1 2 7 0.079;
1 2 8 0.079;
1 2 9 0.079;
1 2 10 0.079;
1 2 11 0.079;
1 2 12 0.079;
2 1 1 0.115;
2 1 2 0.115;
2 1 3 0.115;
2 1 4 0.115;
2 1 5 0.115;
2 1 6 0.115;
2 1 7 0.115;
2 1 8 0.115;
2 1 9 0.115;
2 1 10 0.115;
2 1 11 0.115;
2 1 12 0.115;
2 2 1 0.065;
2 2 2 0.065;
2 2 3 0.065;
2 2 4 0.065;
2 2 5 0.065;
2 2 6 0.065;
2 2 7 0.065;
2 2 8 0.065;
2 2 9 0.065;
2 2 10 0.065;
2 2 11 0.065;
2 2 12 0.065;
3 1 1 0.124;
3 1 2 0.124;
3 1 3 0.124;
3 1 4 0.124;
3 1 5 0.124;
3 1 6 0.124;
3 1 7 0.124;
3 1 8 0.124;
3 1 9 0.124;
3 1 10 0.124;
3 1 11 0.124;
3 1 12 0.124;
3 2 1 0.077;
3 2 2 0.077;
3 2 3 0.077;
3 2 4 0.077;
3 2 5 0.077;
3 2 6 0.077;
3 2 7 0.077;
3 2 8 0.077;
3 2 9 0.077;
3 2 10 0.077;
3 2 11 0.077;
3 2 12 0.077;
4 1 1 0.078;
4 1 2 0.078;
4 1 3 0.078;
4 1 4 0.078;
4 1 5 0.078;
4 1 6 0.078;
4 1 7 0.078;
4 1 8 0.078;
4 1 9 0.078;
4 1 10 0.078;
4 1 11 0.078;
4 1 12 0.078;
4 2 1 0.095;
4 2 2 0.095;
4 2 3 0.095;
4 2 4 0.095;
4 2 5 0.095;
4 2 6 0.095;
4 2 7 0.095;
4 2 8 0.095;
4 2 9 0.095;
4 2 10 0.095;
4 2 11 0.095;
4 2 12 0.095;
5 1 1 0.064;
5 1 2 0.064;
5 1 3 0.064;
5 1 4 0.064;
5 1 5 0.064;
5 1 6 0.064;
5 1 7 0.064;
5 1 8 0.064;
5 1 9 0.064;
5 1 10 0.064;
5 1 11 0.064;
5 1 12 0.064;
5 2 1 0.089;
5 2 2 0.089;
5 2 3 0.089;
5 2 4 0.089;
5 2 5 0.089;
5 2 6 0.089;
5 2 7 0.089;
5 2 8 0.089;
5 2 9 0.089;
5 2 10 0.089;
5 2 11 0.089;
5 2 12 0.089;
6 1 1 0.096;
6 1 2 0.096;
6 1 3 0.096;
6 1 4 0.096;
6 1 5 0.096;
6 1 6 0.096;
6 1 7 0.096;
6 1 8 0.096;
6 1 9 0.096;
6 1 10 0.096;
6 1 11 0.096;
6 1 12 0.096;
6 2 1 0.064;
6 2 2 0.064;
6 2 3 0.064;
6 2 4 0.064;
6 2 5 0.064;
6 2 6 0.064;
6 2 7 0.064;
6 2 8 0.064;
6 2 9 0.064;
6 2 10 0.064;
6 2 11 0.064;
6 2 12 0.064;
]

global c_w = [
1 1 1 0.251;
1 1 2 0.251;
1 1 3 0.251;
1 1 4 0.251;
1 1 5 0.251;
1 1 6 0.251;
1 1 7 0.251;
1 1 8 0.251;
1 1 9 0.251;
1 1 10 0.251;
1 1 11 0.251;
1 1 12 0.251;
1 2 1 0.256;
1 2 2 0.256;
1 2 3 0.256;
1 2 4 0.256;
1 2 5 0.256;
1 2 6 0.256;
1 2 7 0.256;
1 2 8 0.256;
1 2 9 0.256;
1 2 10 0.256;
1 2 11 0.256;
1 2 12 0.256;
2 1 1 0.433;
2 1 2 0.433;
2 1 3 0.433;
2 1 4 0.433;
2 1 5 0.433;
2 1 6 0.433;
2 1 7 0.433;
2 1 8 0.433;
2 1 9 0.433;
2 1 10 0.433;
2 1 11 0.433;
2 1 12 0.433;
2 2 1 0.224;
2 2 2 0.224;
2 2 3 0.224;
2 2 4 0.224;
2 2 5 0.224;
2 2 6 0.224;
2 2 7 0.224;
2 2 8 0.224;
2 2 9 0.224;
2 2 10 0.224;
2 2 11 0.224;
2 2 12 0.224;
3 1 1 0.236;
3 1 2 0.236;
3 1 3 0.236;
3 1 4 0.236;
3 1 5 0.236;
3 1 6 0.236;
3 1 7 0.236;
3 1 8 0.236;
3 1 9 0.236;
3 1 10 0.236;
3 1 11 0.236;
3 1 12 0.236;
3 2 1 0.162;
3 2 2 0.162;
3 2 3 0.162;
3 2 4 0.162;
3 2 5 0.162;
3 2 6 0.162;
3 2 7 0.162;
3 2 8 0.162;
3 2 9 0.162;
3 2 10 0.162;
3 2 11 0.162;
3 2 12 0.162;
4 1 1 0.758;
4 1 2 0.758;
4 1 3 0.758;
4 1 4 0.758;
4 1 5 0.758;
4 1 6 0.758;
4 1 7 0.758;
4 1 8 0.758;
4 1 9 0.758;
4 1 10 0.758;
4 1 11 0.758;
4 1 12 0.758;
4 2 1 0.529;
4 2 2 0.529;
4 2 3 0.529;
4 2 4 0.529;
4 2 5 0.529;
4 2 6 0.529;
4 2 7 0.529;
4 2 8 0.529;
4 2 9 0.529;
4 2 10 0.529;
4 2 11 0.529;
4 2 12 0.529;
5 1 1 0.446;
5 1 2 0.446;
5 1 3 0.446;
5 1 4 0.446;
5 1 5 0.446;
5 1 6 0.446;
5 1 7 0.446;
5 1 8 0.446;
5 1 9 0.446;
5 1 10 0.446;
5 1 11 0.446;
5 1 12 0.446;
5 2 1 0.252;
5 2 2 0.252;
5 2 3 0.252;
5 2 4 0.252;
5 2 5 0.252;
5 2 6 0.252;
5 2 7 0.252;
5 2 8 0.252;
5 2 9 0.252;
5 2 10 0.252;
5 2 11 0.252;
5 2 12 0.252;
6 1 1 0.347;
6 1 2 0.347;
6 1 3 0.347;
6 1 4 0.347;
6 1 5 0.347;
6 1 6 0.347;
6 1 7 0.347;
6 1 8 0.347;
6 1 9 0.347;
6 1 10 0.347;
6 1 11 0.347;
6 1 12 0.347;
6 2 1 0.312;
6 2 2 0.312;
6 2 3 0.312;
6 2 4 0.312;
6 2 5 0.312;
6 2 6 0.312;
6 2 7 0.312;
6 2 8 0.312;
6 2 9 0.312;
6 2 10 0.312;
6 2 11 0.312;
6 2 12 0.312;
]

global c_e = [
1 1 1 0.02670011923688394;
1 1 2 0.02720389507154213;
1 1 3 0.02770767090620032;
1 1 4 0.024181240063593002;
1 1 5 0.03022655007949125;
1 1 6 0.020654809220985688;
1 1 7 0.023173688394276627;
1 1 8 0.020654809220985688;
1 1 9 0.02670011923688394;
1 1 10 0.025188791732909378;
1 1 11 0.02216613672496025;
1 1 12 0.02720389507154213;
1 2 1 0.03590520667726551;
1 2 2 0.03655802861685215;
1 2 3 0.03459956279809221;
1 2 4 0.03068263116057234;
1 2 5 0.029376987281399047;
1 2 6 0.028071343402225758;
1 2 7 0.03721085055643879;
1 2 8 0.03394674085850557;
1 2 9 0.03394674085850557;
1 2 10 0.03198827503974563;
1 2 11 0.031335453100158984;
1 2 12 0.02611287758346582;
1 3 1 0.01779610492845787;
1 3 2 0.02095985691573927;
1 3 3 0.01858704292527822;
1 3 4 0.016609697933227346;
1 3 5 0.02095985691573927;
1 3 6 0.021355325914149445;
1 3 7 0.022541732909379966;
1 3 8 0.021750794912559622;
1 3 9 0.02016891891891892;
1 3 10 0.017400635930047696;
1 3 11 0.0221462639109698;
1 3 12 0.02016891891891892;
1 4 1 0.0728924880763116;
1 4 2 0.0728924880763116;
1 4 3 0.06266196343402225;
1 4 4 0.06777722575516693;
1 4 5 0.052431438791732905;
1 4 6 0.05882551669316375;
1 4 7 0.06266196343402225;
1 4 8 0.07417130365659777;
1 4 9 0.06521959459459459;
1 4 10 0.06777722575516693;
1 4 11 0.053710254372019074;
1 4 12 0.05882551669316375;
1 5 1 0.040226550079491254;
1 5 2 0.03467806041335453;
1 5 3 0.04092011128775835;
1 5 4 0.04161367249602544;
1 5 5 0.029823131955484895;
1 5 6 0.04161367249602544;
1 5 7 0.03259737678855326;
1 5 8 0.03121025437201908;
1 5 9 0.03398449920508744;
1 5 10 0.03051669316375199;
1 5 11 0.04161367249602544;
1 5 12 0.029129570747217805;
1 6 1 0.026847178060413354;
1 6 2 0.02881160572337043;
1 6 3 0.0386337440381558;
1 6 4 0.03601450715421304;
1 6 5 0.032740461049284575;
1 6 6 0.03601450715421304;
1 6 7 0.02881160572337043;
1 6 8 0.036669316375198734;
1 6 9 0.0392885532591415;
1 6 10 0.035359697933227345;
1 6 11 0.03143084260731319;
1 6 12 0.030776033386327502;
2 1 1 0.029924284578696343;
2 1 2 0.028292050874403816;
2 1 3 0.03210059618441971;
2 1 4 0.02774797297297297;
2 1 5 0.022307193958664543;
2 1 6 0.032644674085850554;
2 1 7 0.021763116057233703;
2 1 8 0.02720389507154213;
2 1 9 0.030468362480127183;
2 1 10 0.02774797297297297;
2 1 11 0.025571661367249598;
2 1 12 0.028836128775834656;
2 2 1 0.031022098569157396;
2 2 2 0.036662480127186016;
2 2 3 0.03313724165341812;
2 2 4 0.03807257551669317;
2 2 5 0.03736752782193959;
2 2 6 0.028201907790143088;
2 2 7 0.03736752782193959;
2 2 8 0.04159781399046105;
2 2 9 0.03313724165341812;
2 2 10 0.031727146263910974;
2 2 11 0.03454733704292528;
2 2 12 0.035957432432432435;
2 3 1 0.017938473767885533;
2 3 2 0.025199284578696343;
2 3 3 0.018365580286168522;
2 3 4 0.01964689984101749;
2 3 5 0.023063751987281403;
2 3 6 0.024772178060413354;
2 3 7 0.022209538950715424;
2 3 8 0.017084260731319557;
2 3 9 0.017511367249602543;
2 3 10 0.022636645468998413;
2 3 11 0.018365580286168522;
2 3 12 0.020501112877583466;
2 4 1 0.08010500794912559;
2 4 2 0.05662595389507153;
2 4 3 0.05662595389507153;
2 4 4 0.06076931637519873;
2 4 5 0.07043716216216216;
2 4 6 0.07458052464228936;
2 4 7 0.05524483306836248;
2 4 8 0.08010500794912559;
2 4 9 0.06215043720190779;
2 4 10 0.06767492050874403;
2 4 11 0.07458052464228936;
2 4 12 0.06076931637519873;
2 5 1 0.03145993640699523;
2 5 2 0.041197535771065184;
2 5 3 0.03445612082670906;
2 5 4 0.036703259141494436;
2 5 5 0.03595421303656598;
2 5 6 0.03820135135135135;
2 5 7 0.03595421303656598;
2 5 8 0.03071089030206677;
2 5 9 0.032958028616852146;
2 5 10 0.04344467408585055;
2 5 11 0.037452305246422894;
2 5 12 0.04494276629570747;
2 6 1 0.02899495230524642;
2 6 2 0.03677408585055644;
2 6 3 0.03677408585055644;
2 6 4 0.030409340222575514;
2 6 5 0.03394531001589825;
2 6 6 0.030409340222575514;
2 6 7 0.031116534181240066;
2 6 8 0.028287758346581877;
2 6 9 0.03960286168521463;
2 6 10 0.038895667726550086;
2 6 11 0.0346525039745628;
2 6 12 0.03394531001589825;
3 1 1 0.022307193958664543;
3 1 2 0.031012440381558024;
3 1 3 0.030468362480127183;
3 1 4 0.032644674085850554;
3 1 5 0.02611573926868044;
3 1 6 0.03210059618441971;
3 1 7 0.026659817170111285;
3 1 8 0.025571661367249598;
3 1 9 0.029924284578696343;
3 1 10 0.028836128775834656;
3 1 11 0.022851271860095387;
3 1 12 0.03210059618441971;
3 2 1 0.04089276629570747;
3 2 2 0.030317050874403815;
3 2 3 0.035957432432432435;
3 2 4 0.036662480127186016;
3 2 5 0.02961200317965024;
3 2 6 0.02890695548489666;
3 2 7 0.03454733704292528;
3 2 8 0.04089276629570747;
3 2 9 0.03454733704292528;
3 2 10 0.03525238473767886;
3 2 11 0.03454733704292528;
3 2 12 0.03313724165341812;
3 3 1 0.023063751987281403;
3 3 2 0.022209538950715424;
3 3 3 0.023490858505564392;
3 3 4 0.020501112877583466;
3 3 5 0.020928219395866456;
3 3 6 0.020928219395866456;
3 3 7 0.018792686804451512;
3 3 8 0.020501112877583466;
3 3 9 0.017511367249602543;
3 3 10 0.017938473767885533;
3 3 11 0.023490858505564392;
3 3 12 0.0192197933227345;
3 4 1 0.06076931637519873;
3 4 2 0.07043716216216216;
3 4 3 0.06353155802861685;
3 4 4 0.0690560413354531;
3 4 5 0.06353155802861685;
3 4 6 0.07458052464228936;
3 4 7 0.06076931637519873;
3 4 8 0.07734276629570748;
3 4 9 0.08286724960254371;
3 4 10 0.08010500794912559;
3 4 11 0.06491267885532591;
3 4 12 0.06491267885532591;
3 5 1 0.036703259141494436;
3 5 2 0.04494276629570747;
3 5 3 0.03595421303656598;
3 5 4 0.032958028616852146;
3 5 5 0.04194658187599364;
3 5 6 0.03520516693163752;
3 5 7 0.04344467408585055;
3 5 8 0.04344467408585055;
3 5 9 0.033707074721780604;
3 5 10 0.04194658187599364;
3 5 11 0.04044848966613673;
3 5 12 0.03445612082670906;
3 6 1 0.038188473767885533;
3 6 2 0.0346525039745628;
3 6 3 0.02899495230524642;
3 6 4 0.0346525039745628;
3 6 5 0.031116534181240066;
3 6 6 0.035359697933227345;
3 6 7 0.03182372813990461;
3 6 8 0.041017249602543715;
3 6 9 0.03677408585055644;
3 6 10 0.0332381160572337;
3 6 11 0.0346525039745628;
3 6 12 0.03606689189189189;
4 1 1 0.030468362480127183;
4 1 2 0.032644674085850554;
4 1 3 0.025027583465818758;
4 1 4 0.02774797297297297;
4 1 5 0.025571661367249598;
4 1 6 0.021763116057233703;
4 1 7 0.023939427662957074;
4 1 8 0.023939427662957074;
4 1 9 0.024483505564387914;
4 1 10 0.021763116057233703;
4 1 11 0.025571661367249598;
4 1 12 0.03210059618441971;
4 2 1 0.040187718600953895;
4 2 2 0.03243219395866455;
4 2 3 0.03243219395866455;
4 2 4 0.03525238473767886;
4 2 5 0.03525238473767886;
4 2 6 0.031727146263910974;
4 2 7 0.03313724165341812;
4 2 8 0.038777623211446746;
4 2 9 0.035957432432432435;
4 2 10 0.04089276629570747;
4 2 11 0.04159781399046105;
4 2 12 0.02961200317965024;
4 3 1 0.01964689984101749;
4 3 2 0.01964689984101749;
4 3 3 0.023063751987281403;
4 3 4 0.024772178060413354;
4 3 5 0.023063751987281403;
4 3 6 0.018792686804451512;
4 3 7 0.024772178060413354;
4 3 8 0.022209538950715424;
4 3 9 0.020928219395866456;
4 3 10 0.020501112877583466;
4 3 11 0.018792686804451512;
4 3 12 0.01964689984101749;
4 4 1 0.08148612877583465;
4 4 2 0.06629379968203497;
4 4 3 0.05938819554848966;
4 4 4 0.05524483306836248;
4 4 5 0.08286724960254371;
4 4 6 0.06629379968203497;
4 4 7 0.06629379968203497;
4 4 8 0.07181828298887123;
4 4 9 0.06629379968203497;
4 4 10 0.06076931637519873;
4 4 11 0.06076931637519873;
4 4 12 0.07596164546899842;
4 5 1 0.03595421303656598;
4 5 2 0.03595421303656598;
4 5 3 0.03445612082670906;
4 5 4 0.03520516693163752;
4 5 5 0.03071089030206677;
4 5 6 0.04044848966613673;
4 5 7 0.029961844197138317;
4 5 8 0.04194658187599364;
4 5 9 0.03445612082670906;
4 5 10 0.03445612082670906;
4 5 11 0.03895039745627981;
4 5 12 0.03520516693163752;
4 6 1 0.03253092209856916;
4 6 2 0.028287758346581877;
4 6 3 0.03182372813990461;
4 6 4 0.041017249602543715;
4 6 5 0.04172444356120827;
4 6 6 0.04243163751987281;
4 6 7 0.0346525039745628;
4 6 8 0.029702146263910968;
4 6 9 0.041017249602543715;
4 6 10 0.03677408585055644;
4 6 11 0.038895667726550086;
4 6 12 0.029702146263910968;
5 1 1 0.032735353736089025;
5 1 2 0.03158674483306836;
5 1 3 0.026992309220985687;
5 1 4 0.02986383147853736;
5 1 5 0.03158674483306836;
5 1 6 0.034458267090620026;
5 1 7 0.026992309220985687;
5 1 8 0.02526939586645469;
5 1 9 0.02756661367249602;
5 1 10 0.03330965818759936;
5 1 11 0.03388396263910969;
5 1 12 0.025843700317965023;
5 2 1 0.03869928457869635;
5 2 2 0.04242036963434022;
5 2 3 0.03572241653418124;
5 2 4 0.034978199523052464;
5 2 5 0.04465302066772655;
5 2 6 0.0401877186009539;
5 2 7 0.04167615262321145;
5 2 8 0.03646663354531002;
5 2 9 0.03274554848966614;
5 2 10 0.04465302066772655;
5 2 11 0.029768680445151036;
5 2 12 0.037210850556438795;
5 3 1 0.02254173290937997;
5 3 2 0.019385890302066774;
5 3 3 0.022992567567567568;
5 3 4 0.019385890302066774;
5 3 5 0.020287559618441975;
5 3 6 0.02389423688394277;
5 3 7 0.019385890302066774;
5 3 8 0.02705007949125596;
5 3 9 0.018033386327503977;
5 3 10 0.024345071542130368;
5 3 11 0.024795906200317967;
5 3 12 0.024795906200317967;
5 4 1 0.07435033783783784;
5 4 2 0.07872388712241654;
5 4 3 0.08601313593004768;
5 4 4 0.06997678855325914;
5 4 5 0.081639586645469;
5 4 6 0.08455528616852145;
5 4 7 0.08747098569157391;
5 4 8 0.058313990461049285;
5 4 9 0.07580818759936407;
5 4 10 0.08309743640699521;
5 4 11 0.06268753974562798;
5 4 12 0.06122968998410174;
5 5 1 0.03557968998410175;
5 5 2 0.04506760731319554;
5 5 3 0.03478903020667727;
5 5 4 0.04111430842607313;
5 5 5 0.03953298887122417;
5 5 6 0.03399837042925278;
5 5 7 0.04506760731319554;
5 5 8 0.033207710651828294;
5 5 9 0.041904968203497615;
5 5 10 0.03478903020667727;
5 5 11 0.04664892686804451;
5 5 12 0.03953298887122417;
5 6 1 0.0320987480127186;
5 6 2 0.034338195548489665;
5 6 3 0.04180302066772655;
5 6 4 0.0447889507154213;
5 6 5 0.0320987480127186;
5 6 6 0.03135226550079491;
5 6 7 0.04254950317965023;
5 6 8 0.038070608108108105;
5 6 9 0.03732412559618442;
5 6 10 0.03135226550079491;
5 6 11 0.04329598569157392;
5 6 12 0.034338195548489665;
6 1 1 0.03330965818759936;
6 1 2 0.023375198728139906;
6 1 3 0.028634618441971377;
6 1 4 0.03214089825119237;
6 1 5 0.03389403815580286;
6 1 6 0.03506279809220985;
6 1 7 0.02805023847376788;
6 1 8 0.03038775834658187;
6 1 9 0.028634618441971377;
6 1 10 0.03389403815580286;
6 1 11 0.0239595786963434;
6 1 12 0.02688147853736089;
6 2 1 0.03256275834658188;
6 2 2 0.036349125596184424;
6 2 3 0.030290937996820356;
6 2 4 0.042407313195548496;
6 2 5 0.034834578696343405;
6 2 6 0.0340773052464229;
6 2 7 0.040892766295707476;
6 2 8 0.044679133545310015;
6 2 9 0.043164586645468996;
6 2 10 0.03862094594594595;
6 2 11 0.043164586645468996;
6 2 12 0.030290937996820356;
6 3 1 0.020184737678855327;
6 3 2 0.025689666136724965;
6 3 3 0.02660715421303657;
6 3 4 0.02201971383147854;
6 3 5 0.018349761526232116;
6 3 6 0.02110222575516693;
6 3 7 0.019725993640699525;
6 3 8 0.023395945945945948;
6 3 9 0.01926724960254372;
6 3 10 0.02201971383147854;
6 3 11 0.022937201907790146;
6 3 12 0.025689666136724965;
6 4 1 0.07417130365659777;
6 4 2 0.06823759936406995;
6 4 3 0.07862158187599365;
6 4 4 0.08752213831478536;
6 4 5 0.07862158187599365;
6 4 6 0.05933704292527823;
6 4 7 0.07268787758346582;
6 4 8 0.08455528616852145;
6 4 9 0.07565472972972974;
6 4 10 0.06527074721780604;
6 4 11 0.08603871224165342;
6 4 12 0.08307186009538951;
6 5 1 0.03861748807631161;
6 5 2 0.04103108108108108;
6 5 3 0.035399364069952304;
6 5 4 0.04344467408585056;
6 5 5 0.04103108108108108;
6 5 6 0.04103108108108108;
6 5 7 0.040226550079491254;
6 5 8 0.040226550079491254;
6 5 9 0.03620389507154213;
6 5 10 0.03620389507154213;
6 5 11 0.046662798092209856;
6 5 12 0.03942201907790143;
6 6 1 0.04557472178060413;
6 6 2 0.031142726550079488;
6 6 3 0.04557472178060413;
6 6 4 0.041776828298887125;
6 6 5 0.031902305246422895;
6 6 6 0.04253640699523053;
6 6 7 0.031142726550079488;
6 6 8 0.04557472178060413;
6 6 9 0.0341810413354531;
6 6 10 0.039498092209856915;
6 6 11 0.031902305246422895;
6 6 12 0.04329598569157392;
7 1 1 0.03373282988871224;
7 1 2 0.033108147853736086;
7 1 3 0.026236645468998405;
7 1 4 0.035606875993640694;
7 1 5 0.03623155802861685;
7 1 6 0.036856240063593;
7 1 7 0.026236645468998405;
7 1 8 0.028735373608903016;
7 1 9 0.03498219395866455;
7 1 10 0.03623155802861685;
7 1 11 0.031234101748807627;
7 1 12 0.02686132750397456;
7 2 1 0.04856995230524642;
7 2 2 0.03642746422893482;
7 2 3 0.03642746422893482;
7 2 4 0.035617965023847384;
7 2 5 0.0380464626391097;
7 2 6 0.03642746422893482;
7 2 7 0.04695095389507155;
7 2 8 0.0380464626391097;
7 2 9 0.04371295707472179;
7 2 10 0.042093958664546904;
7 2 11 0.03237996820349762;
7 2 12 0.0380464626391097;
7 3 1 0.028932511923688394;
7 3 2 0.02942289348171701;
7 3 3 0.02549984101748808;
7 3 4 0.026480604133545315;
7 3 5 0.02549984101748808;
7 3 6 0.02795174880763116;
7 3 7 0.024028696343402225;
7 3 8 0.024028696343402225;
7 3 9 0.024028696343402225;
7 3 10 0.024028696343402225;
7 3 11 0.021576788553259143;
7 3 12 0.023538314785373608;
7 4 1 0.09197241653418124;
7 4 2 0.06818644674085851;
7 4 3 0.07611510333863275;
7 4 4 0.08245802861685216;
7 4 5 0.08245802861685216;
7 4 6 0.08880095389507156;
7 4 7 0.06977217806041336;
7 4 8 0.08880095389507156;
7 4 9 0.09514387917329092;
7 4 10 0.0808722972972973;
7 4 11 0.08404375993640699;
7 4 12 0.08404375993640699;
7 5 1 0.03612066772655008;
7 5 2 0.03612066772655008;
7 5 3 0.051600953895071536;
7 5 4 0.04816089030206678;
7 5 5 0.03870071542130366;
7 5 6 0.03784069952305247;
7 5 7 0.03784069952305247;
7 5 8 0.04902090620031796;
7 5 9 0.05074093799682035;
7 5 10 0.047300874403815585;
7 5 11 0.036980683624801274;
7 5 12 0.043860810810810814;
7 6 1 0.032478537360890306;
7 6 2 0.034914427662957076;
7 6 3 0.044657988871224165;
7 6 4 0.03653835453100159;
7 6 5 0.034914427662957076;
7 6 6 0.046281915739268674;
7 6 7 0.04790584260731319;
7 6 8 0.034102464228934815;
7 6 9 0.04303406200317965;
7 6 10 0.044657988871224165;
7 6 11 0.046281915739268674;
7 6 12 0.03897424483306836;
8 1 1 0.03494189189189189;
8 1 2 0.0411081081081081;
8 1 3 0.03220135135135135;
8 1 4 0.027405405405405404;
8 1 5 0.03494189189189189;
8 1 6 0.03357162162162162;
8 1 7 0.03220135135135135;
8 1 8 0.03973783783783783;
8 1 9 0.03973783783783783;
8 1 10 0.03836756756756757;
8 1 11 0.03494189189189189;
8 1 12 0.029460810810810804;
8 2 1 0.040840540540540544;
8 2 2 0.04616756756756757;
8 2 3 0.03817702702702703;
8 2 4 0.05060675675675676;
8 2 5 0.03551351351351352;
8 2 6 0.05327027027027027;
8 2 7 0.03728918918918919;
8 2 8 0.05060675675675676;
8 2 9 0.04350405405405406;
8 2 10 0.04794324324324324;
8 2 11 0.05327027027027027;
8 2 12 0.04172837837837838;
8 3 1 0.025278378378378378;
8 3 2 0.023127027027027028;
8 3 3 0.02205135135135135;
8 3 4 0.021513513513513518;
8 3 5 0.026354054054054055;
8 3 6 0.028505405405405405;
8 3 7 0.026354054054054055;
8 3 8 0.031194594594594595;
8 3 9 0.02742972972972973;
8 3 10 0.02474054054054054;
8 3 11 0.02258918918918919;
8 3 12 0.026891891891891895;
8 4 1 0.08522027027027027;
8 4 2 0.07478513513513513;
8 4 3 0.07652432432432432;
8 4 4 0.10087297297297297;
8 4 5 0.07304594594594595;
8 4 6 0.09391621621621621;
8 4 7 0.07304594594594595;
8 4 8 0.07304594594594595;
8 4 9 0.09565540540540542;
8 4 10 0.08174189189189188;
8 4 11 0.08348108108108108;
8 4 12 0.09913378378378378;
8 5 1 0.03867297297297297;
8 5 2 0.04433243243243243;
8 5 3 0.05376486486486486;
8 5 4 0.04904864864864865;
8 5 5 0.04433243243243243;
8 5 6 0.043389189189189194;
8 5 7 0.03867297297297297;
8 5 8 0.056594594594594594;
8 5 9 0.03772972972972973;
8 5 10 0.05376486486486486;
8 5 11 0.04904864864864865;
8 5 12 0.04810540540540541;
8 6 1 0.04274594594594595;
8 6 2 0.040074324324324326;
8 6 3 0.03829324324324324;
8 6 4 0.040964864864864864;
8 6 5 0.03651216216216216;
8 6 6 0.043636486486486485;
8 6 7 0.046308108108108106;
8 6 8 0.04987027027027028;
8 6 9 0.04541756756756757;
8 6 10 0.03651216216216216;
8 6 11 0.05165135135135135;
8 6 12 0.05076081081081081;
9 1 1 0.046166017488076305;
9 1 2 0.04139022257551669;
9 1 3 0.04139022257551669;
9 1 4 0.04537005166931636;
9 1 5 0.033430564387917326;
9 1 6 0.04218618839427663;
9 1 7 0.03581846184419714;
9 1 8 0.038206359300476944;
9 1 9 0.03900232511923688;
9 1 10 0.03263459856915739;
9 1 11 0.034226530206677264;
9 1 12 0.03581846184419714;
9 2 1 0.0567302265500795;
9 2 2 0.0556987678855326;
9 2 3 0.04847855723370429;
9 2 4 0.052604391891891894;
9 2 5 0.042289805246422896;
9 2 6 0.050541474562798096;
9 2 7 0.0464156399046105;
9 2 8 0.0464156399046105;
9 2 9 0.041258346581876;
9 2 10 0.0567302265500795;
9 2 11 0.05879314387917329;
9 2 12 0.051572933227345;
9 3 1 0.029992368839427665;
9 3 2 0.02561848171701113;
9 3 3 0.03249173290937997;
9 3 4 0.03749046104928458;
9 3 5 0.024993640699523055;
9 3 6 0.03561593799682035;
9 3 7 0.026868163751987282;
9 3 8 0.03749046104928458;
9 3 9 0.03311657392686805;
9 3 10 0.033741414944356125;
9 3 11 0.02561848171701113;
9 3 12 0.026243322734499207;
9 4 1 0.11517013116057231;
9 4 2 0.09900590222575517;
9 4 3 0.09092378775834659;
9 4 4 0.11921118839427662;
9 4 5 0.082841673290938;
9 4 6 0.08688273052464228;
9 4 7 0.08082114467408585;
9 4 8 0.082841673290938;
9 4 9 0.08890325914149443;
9 4 10 0.09294431637519873;
9 4 11 0.08486220190779015;
9 4 12 0.09092378775834659;
9 5 1 0.05917464228934818;
9 5 2 0.05588716216216216;
9 5 3 0.06136629570747218;
9 5 4 0.04931220190779015;
9 5 5 0.06027046899841018;
9 5 6 0.04821637519872814;
9 5 7 0.06027046899841018;
9 5 8 0.04383306836248013;
9 5 9 0.06246212241653417;
9 5 10 0.04712054848966613;
9 5 11 0.04712054848966613;
9 5 12 0.06027046899841018;
9 6 1 0.04759153418124007;
9 6 2 0.061041315580286165;
9 6 3 0.04966073131955485;
9 6 4 0.04138394276629571;
9 6 5 0.052764527027027025;
9 6 6 0.061041315580286165;
9 6 7 0.057937519872813995;
9 6 8 0.061041315580286165;
9 6 9 0.057937519872813995;
9 6 10 0.05379912559618442;
9 6 11 0.05172992845786963;
9 6 12 0.057937519872813995;
10 1 1 0.03883104133545309;
10 1 2 0.04957154213036565;
10 1 3 0.04296200317965023;
10 1 4 0.03965723370429252;
10 1 5 0.04048342607313195;
10 1 6 0.034700079491255954;
10 1 7 0.04709296502384737;
10 1 8 0.03965723370429252;
10 1 9 0.04626677265500795;
10 1 10 0.04626677265500795;
10 1 11 0.04048342607313195;
10 1 12 0.03387388712241653;
10 2 1 0.05995516693163753;
10 2 2 0.05674328298887123;
10 2 3 0.06316705087440382;
10 2 4 0.06316705087440382;
10 2 5 0.05567265500794913;
10 2 6 0.05031951510333863;
10 2 7 0.06102579491255961;
10 2 8 0.04924888712241653;
10 2 9 0.06316705087440382;
10 2 10 0.05995516693163753;
10 2 11 0.04924888712241653;
10 2 12 0.04496637519872814;
10 3 1 0.03567130365659778;
10 3 2 0.030482750397456283;
10 3 3 0.02594276629570748;
10 3 4 0.027888473767885533;
10 3 5 0.035022734499205094;
10 3 6 0.02594276629570748;
10 3 7 0.03567130365659778;
10 3 8 0.02853704292527822;
10 3 9 0.031131319554848966;
10 3 10 0.03631987281399046;
10 3 11 0.031131319554848966;
10 3 12 0.027239904610492846;
10 4 1 0.10905739268680445;
10 4 2 0.11325190779014309;
10 4 3 0.12164093799682034;
10 4 4 0.12583545310015898;
10 4 5 0.09227933227344992;
10 4 6 0.12583545310015898;
10 4 7 0.09227933227344992;
10 4 8 0.10905739268680445;
10 4 9 0.09227933227344992;
10 4 10 0.11325190779014309;
10 4 11 0.0901820747217806;
10 4 12 0.1027656200317965;
10 5 1 0.054597138314785375;
10 5 2 0.061421780604133544;
10 5 3 0.0557345786963434;
10 5 4 0.05345969793322734;
10 5 5 0.05118481717011129;
10 5 6 0.06483410174880762;
10 5 7 0.061421780604133544;
10 5 8 0.054597138314785375;
10 5 9 0.04890993640699523;
10 5 10 0.05345969793322734;
10 5 11 0.06483410174880762;
10 5 12 0.05118481717011129;
10 6 1 0.05262046899841017;
10 6 2 0.056916017488076315;
10 6 3 0.06443322734499204;
10 6 4 0.046177146263910965;
10 6 5 0.05369435612082671;
10 6 6 0.0472510333863275;
10 6 7 0.06443322734499204;
10 6 8 0.05584213036565978;
10 6 9 0.0472510333863275;
10 6 10 0.04295548489666137;
10 6 11 0.046177146263910965;
10 6 12 0.0472510333863275;
11 1 1 0.03682601351351351;
11 1 2 0.0411081081081081;
11 1 3 0.04282094594594594;
11 1 4 0.04795945945945945;
11 1 5 0.04196452702702702;
11 1 6 0.0453902027027027;
11 1 7 0.03853885135135135;
11 1 8 0.03853885135135135;
11 1 9 0.046246621621621624;
11 1 10 0.03511317567567567;
11 1 11 0.03939527027027027;
11 1 12 0.04453378378378378;
11 2 1 0.06325844594594594;
11 2 2 0.062148648648648656;
11 2 3 0.05216047297297297;
11 2 4 0.05105067567567568;
11 2 5 0.05105067567567568;
11 2 6 0.06547804054054054;
11 2 7 0.05881925675675677;
11 2 8 0.06658783783783784;
11 2 9 0.06547804054054054;
11 2 10 0.048831081081081085;
11 2 11 0.046611486486486484;
11 2 12 0.04994087837837838;
11 3 1 0.02756418918918919;
11 3 2 0.03832094594594594;
11 3 3 0.03092567567567568;
11 3 4 0.03361486486486487;
11 3 5 0.03428716216216217;
11 3 6 0.03227027027027027;
11 3 7 0.026891891891891895;
11 3 8 0.03630405405405406;
11 3 9 0.03563175675675676;
11 3 10 0.03159797297297297;
11 3 11 0.03899324324324324;
11 3 12 0.03764864864864865;
11 4 1 0.12174324324324325;
11 4 2 0.10435135135135135;
11 4 3 0.1130472972972973;
11 4 4 0.12174324324324325;
11 4 5 0.10869932432432432;
11 4 6 0.10217736486486485;
11 4 7 0.10869932432432432;
11 4 8 0.10652533783783784;
11 4 9 0.1130472972972973;
11 4 10 0.1282652027027027;
11 4 11 0.10217736486486485;
11 4 12 0.10000337837837837;
11 5 1 0.06720608108108107;
11 5 2 0.04952027027027026;
11 5 3 0.06956418918918919;
11 5 4 0.04716216216216216;
11 5 5 0.060131756756756756;
11 5 6 0.06602702702702704;
11 5 7 0.056594594594594594;
11 5 8 0.05187837837837837;
11 5 9 0.061310810810810815;
11 5 10 0.06484797297297298;
11 5 11 0.06956418918918919;
11 5 12 0.06248986486486487;
11 6 1 0.05454560810810811;
11 6 2 0.05120608108108108;
11 6 3 0.06122466216216217;
11 6 4 0.046753378378378375;
11 6 5 0.06456418918918919;
11 6 6 0.05677195945945946;
11 6 7 0.06679054054054054;
11 6 8 0.06456418918918919;
11 6 9 0.05899831081081081;
11 6 10 0.05677195945945946;
11 6 11 0.055658783783783784;
11 6 12 0.06122466216216217;
12 1 1 0.04035244435612083;
12 1 2 0.04752621224165342;
12 1 3 0.04662949125596184;
12 1 4 0.04752621224165342;
12 1 5 0.05021637519872814;
12 1 6 0.03855900238473767;
12 1 7 0.03676556041335452;
12 1 8 0.05290653815580285;
12 1 9 0.039455723370429255;
12 1 10 0.045732770270270263;
12 1 11 0.04035244435612083;
12 1 12 0.05290653815580285;
12 2 1 0.05577710651828299;
12 2 2 0.05345306041335454;
12 2 3 0.04764294515103338;
12 2 4 0.06739733704292528;
12 2 5 0.06042519872813991;
12 2 6 0.05810115262321145;
12 2 7 0.051129014308426084;
12 2 8 0.06042519872813991;
12 2 9 0.06274924483306837;
12 2 10 0.06042519872813991;
12 2 11 0.06158722178060414;
12 2 12 0.04648092209856916;
12 3 1 0.03308493640699523;
12 3 2 0.03942034976152624;
12 3 3 0.0373085453100159;
12 3 4 0.040124284578696344;
12 3 5 0.0309731319554849;
12 3 6 0.03942034976152624;
12 3 7 0.032381001589825126;
12 3 8 0.03449280604133546;
12 3 9 0.030269197138314784;
12 3 10 0.030269197138314784;
12 3 11 0.033788871224165344;
12 3 12 0.035900675675675675;
12 4 1 0.10698571144674085;
12 4 2 0.09560425278219395;
12 4 3 0.1024331279809221;
12 4 4 0.13430121224165342;
12 4 5 0.13657750397456278;
12 4 6 0.13657750397456278;
12 4 7 0.11836717011128776;
12 4 8 0.12291975357710652;
12 4 9 0.09332796104928456;
12 4 10 0.13202492050874404;
12 4 11 0.11153829491255962;
12 4 12 0.12974862877583465;
12 5 1 0.07160325914149443;
12 5 2 0.056788791732909384;
12 5 3 0.06666510333863275;
12 5 4 0.05555425278219397;
12 5 5 0.0580233306836248;
12 5 6 0.06666510333863275;
12 5 7 0.06296148648648649;
12 5 8 0.07160325914149443;
12 5 9 0.07036872019077901;
12 5 10 0.05185063593004769;
12 5 11 0.05061609697933227;
12 5 12 0.07160325914149443;
12 6 1 0.05011909777424483;
12 6 2 0.0524502186009539;
12 6 3 0.05478133942766295;
12 6 4 0.05011909777424483;
12 6 5 0.0676025039745628;
12 6 6 0.05944358108108108;
12 6 7 0.06294026232114468;
12 6 8 0.04778797694753576;
12 6 9 0.0524502186009539;
12 6 10 0.05478133942766295;
12 6 11 0.06177470190779014;
12 6 12 0.05361577901430843;
13 1 1 0.05153626788553259;
13 1 2 0.05247329093799682;
13 1 3 0.04497710651828298;
13 1 4 0.05341031399046104;
13 1 5 0.04778817567567567;
13 1 6 0.038417945151033375;
13 1 7 0.0487251987281399;
13 1 8 0.038417945151033375;
13 1 9 0.04778817567567567;
13 1 10 0.0487251987281399;
13 1 11 0.04966222178060413;
13 1 12 0.039354968203497605;
13 2 1 0.067997933227345;
13 2 2 0.06921218203497616;
13 2 3 0.06314093799682036;
13 2 4 0.05342694753577107;
13 2 5 0.05099844992050874;
13 2 6 0.05342694753577107;
13 2 7 0.05221269872813991;
13 2 8 0.05585544515103339;
13 2 9 0.05099844992050874;
13 2 10 0.06921218203497616;
13 2 11 0.07164067965023847;
13 2 12 0.06314093799682036;
13 3 1 0.03677861685214626;
13 3 2 0.03089403815580286;
13 3 3 0.042663195548489664;
13 3 4 0.030158465818759934;
13 3 5 0.044134340222575515;
13 3 6 0.04119205087440382;
13 3 7 0.03751418918918919;
13 3 8 0.03677861685214626;
13 3 9 0.03383632750397456;
13 3 10 0.03604304451510334;
13 3 11 0.04339876788553259;
13 3 12 0.03162961049284579;
13 4 1 0.10941546104928458;
13 4 2 0.1070368640699523;
13 4 3 0.10941546104928458;
13 4 4 0.1165512519872814;
13 4 5 0.09514387917329094;
13 4 6 0.13795862480127186;
13 4 7 0.10941546104928458;
13 4 8 0.11179405802861685;
13 4 9 0.13795862480127186;
13 4 10 0.12844423688394277;
13 4 11 0.10941546104928458;
13 4 12 0.09990107313195547;
13 5 1 0.07224133545310017;
13 5 2 0.07095131160572338;
13 5 3 0.05418100158982511;
13 5 4 0.067081240063593;
13 5 5 0.067081240063593;
13 5 6 0.0567610492845787;
13 5 7 0.07224133545310017;
13 5 8 0.07740143084260731;
13 5 9 0.07353135930047694;
13 5 10 0.07224133545310017;
13 5 11 0.07095131160572338;
13 5 12 0.07353135930047694;
13 6 1 0.07185876391096979;
13 6 2 0.057243422098569155;
13 6 3 0.06089725755166932;
13 6 4 0.05115369634340222;
13 6 5 0.057243422098569155;
13 6 6 0.0621152027027027;
13 6 7 0.06333314785373609;
13 6 8 0.06942287360890302;
13 6 9 0.07185876391096979;
13 6 10 0.06820492845786964;
13 6 11 0.057243422098569155;
13 6 12 0.0621152027027027;
14 1 1 0.04521891891891892;
14 1 2 0.05446824324324324;
14 1 3 0.05857905405405404;
14 1 4 0.050357432432432424;
14 1 5 0.04419121621621621;
14 1 6 0.05241283783783784;
14 1 7 0.06166216216216215;
14 1 8 0.05241283783783784;
14 1 9 0.0431635135135135;
14 1 10 0.06063445945945945;
14 1 11 0.059606756756756744;
14 1 12 0.0431635135135135;
14 2 1 0.07857364864864866;
14 2 2 0.06658783783783784;
14 2 3 0.07191486486486488;
14 2 4 0.058597297297297304;
14 2 5 0.06525608108108108;
14 2 6 0.06525608108108108;
14 2 7 0.06525608108108108;
14 2 8 0.06791959459459461;
14 2 9 0.07857364864864866;
14 2 10 0.06658783783783784;
14 2 11 0.07457837837837838;
14 2 12 0.05593378378378378;
14 3 1 0.032270270270270275;
14 3 2 0.032270270270270275;
14 3 3 0.04356486486486487;
14 3 4 0.04517837837837838;
14 3 5 0.03469054054054054;
14 3 6 0.0411445945945946;
14 3 7 0.04517837837837838;
14 3 8 0.036304054054054055;
14 3 9 0.04437162162162162;
14 3 10 0.0354972972972973;
14 3 11 0.04759864864864865;
14 3 12 0.042758108108108116;
14 4 1 0.14087432432432434;
14 4 2 0.12000405405405405;
14 4 3 0.12261283783783783;
14 4 4 0.13043918918918918;
14 4 5 0.156527027027027;
14 4 6 0.12261283783783783;
14 4 7 0.14870067567567566;
14 4 8 0.1147864864864865;
14 4 9 0.15130945945945945;
14 4 10 0.15391824324324324;
14 4 11 0.1095689189189189;
14 4 12 0.1460918918918919;
14 5 1 0.06932837837837838;
14 5 2 0.07215810810810812;
14 5 3 0.06508378378378378;
14 5 4 0.07498783783783784;
14 5 5 0.0565945945945946;
14 5 6 0.06366891891891892;
14 5 7 0.07357297297297297;
14 5 8 0.07498783783783784;
14 5 9 0.06932837837837838;
14 5 10 0.062254054054054056;
14 5 11 0.08347702702702703;
14 5 12 0.07357297297297297;
14 6 1 0.06011148648648648;
14 6 2 0.054768243243243246;
14 6 3 0.07747702702702702;
14 6 4 0.05877567567567568;
14 6 5 0.0734695945945946;
14 6 6 0.056104054054054046;
14 6 7 0.07480540540540541;
14 6 8 0.0721337837837838;
14 6 9 0.061447297297297296;
14 6 10 0.06545472972972972;
14 6 11 0.05343243243243244;
14 6 12 0.06011148648648648;
15 1 1 0.04920882352941176;
15 1 2 0.0615110294117647;
15 1 3 0.06374779411764704;
15 1 4 0.05480073529411764;
15 1 5 0.05144558823529411;
15 1 6 0.0659845588235294;
15 1 7 0.06710294117647057;
15 1 8 0.05256397058823528;
15 1 9 0.06039264705882353;
15 1 10 0.0615110294117647;
15 1 11 0.06039264705882353;
15 1 12 0.053682352941176466;
15 2 1 0.08405735294117647;
15 2 2 0.06811544117647059;
15 2 3 0.08695588235294117;
15 2 4 0.060869117647058824;
15 2 5 0.07536176470588235;
15 2 6 0.060869117647058824;
15 2 7 0.08550661764705882;
15 2 8 0.0739125;
15 2 9 0.08405735294117647;
15 2 10 0.06521691176470588;
15 2 11 0.060869117647058824;
15 2 12 0.05797058823529413;
15 3 1 0.03950735294117647;
15 3 2 0.05004264705882353;
15 3 3 0.04828676470588236;
15 3 4 0.05092058823529412;
15 3 5 0.03511764705882354;
15 3 6 0.05267647058823529;
15 3 7 0.05004264705882353;
15 3 8 0.04565294117647059;
15 3 9 0.05267647058823529;
15 3 10 0.05004264705882353;
15 3 11 0.03687352941176471;
15 3 12 0.04565294117647059;
15 4 1 0.12491470588235294;
15 4 2 0.1504654411764706;
15 4 3 0.16749926470588233;
15 4 4 0.11639779411764706;
15 4 5 0.13059264705882354;
15 4 6 0.17033823529411762;
15 4 7 0.1419485294117647;
15 4 8 0.11355882352941178;
15 4 9 0.1334316176470588;
15 4 10 0.1391095588235294;
15 4 11 0.15614338235294117;
15 4 12 0.16749926470588233;
15 5 1 0.078525;
15 5 2 0.06158823529411765;
15 5 3 0.08160441176470588;
15 5 4 0.08468382352941177;
15 5 5 0.08468382352941177;
15 5 6 0.07390588235294118;
15 5 7 0.06158823529411765;
15 5 8 0.078525;
15 5 9 0.06312794117647058;
15 5 10 0.08006470588235294;
15 5 11 0.06928676470588235;
15 5 12 0.06158823529411765;
15 6 1 0.07123014705882352;
15 6 2 0.06105441176470588;
15 6 3 0.07704485294117648;
15 6 4 0.06250808823529411;
15 6 5 0.08140588235294118;
15 6 6 0.05960073529411764;
15 6 7 0.05960073529411764;
15 6 8 0.06541544117647059;
15 6 9 0.06832279411764705;
15 6 10 0.0741375;
15 6 11 0.06832279411764705;
15 6 12 0.07268382352941176;
16 1 1 0.06827170111287759;
16 1 2 0.062176013513513505;
16 1 3 0.05120377583465818;
16 1 4 0.06461428855325914;
16 1 5 0.05729946343402225;
16 1 6 0.04998463831478537;
16 1 7 0.05729946343402225;
16 1 8 0.06339515103338632;
16 1 9 0.054861188394276623;
16 1 10 0.062176013513513505;
16 1 11 0.0707099761526232;
16 1 12 0.05729946343402225;
16 2 1 0.06477299284578697;
16 2 2 0.0884704292527822;
16 2 3 0.08215111287758348;
16 2 4 0.07425196740858506;
16 2 5 0.0805712837837838;
16 2 6 0.09163008744038155;
16 2 7 0.07267213831478539;
16 2 8 0.09478974562798093;
16 2 9 0.07741162559618442;
16 2 10 0.09163008744038155;
16 2 11 0.06951248012718601;
16 2 12 0.09005025834658188;
16 3 1 0.04785174880763116;
16 3 2 0.03923843402225755;
16 3 3 0.0411525039745628;
16 3 4 0.04785174880763116;
16 3 5 0.05646506359300477;
16 3 6 0.05550802861685215;
16 3 7 0.04785174880763116;
16 3 8 0.05359395866454691;
16 3 9 0.0411525039745628;
16 3 10 0.04785174880763116;
16 3 11 0.05167988871224166;
16 3 12 0.05167988871224166;
16 4 1 0.12688408187599365;
16 4 2 0.1763998211446741;
16 4 3 0.15164195151033386;
16 4 4 0.13616828298887124;
16 4 5 0.14854721780604133;
16 4 6 0.13926301669316377;
16 4 7 0.18258928855325915;
16 4 8 0.1794945548489666;
16 4 9 0.1330735492845787;
16 4 10 0.14854721780604133;
16 4 11 0.17021035373608906;
16 4 12 0.1763998211446741;
16 5 1 0.08392090620031796;
16 5 2 0.07888565182829889;
16 5 3 0.08056406995230525;
16 5 4 0.0822424880763116;
16 5 5 0.08392090620031796;
16 5 6 0.0822424880763116;
16 5 7 0.08392090620031796;
16 5 8 0.06713672496025438;
16 5 9 0.07385039745627982;
16 5 10 0.08727774244833068;
16 5 11 0.09566983306836248;
16 5 12 0.0906345786963434;
16 6 1 0.07130872416534181;
16 6 2 0.08873974562798093;
16 6 3 0.09190902225755165;
16 6 4 0.07606263910969793;
16 6 5 0.06338553259141495;
16 6 6 0.07130872416534181;
16 6 7 0.07289336248012719;
16 6 8 0.08398583068362481;
16 6 9 0.08557046899841018;
16 6 10 0.09190902225755165;
16 6 11 0.06813944753577107;
16 6 12 0.07606263910969793;
17 1 1 0.06071506359300477;
17 1 2 0.06335484896661366;
17 1 3 0.06335484896661366;
17 1 4 0.0541156001589825;
17 1 5 0.06731452702702702;
17 1 6 0.07127420508744038;
17 1 7 0.05675538553259141;
17 1 8 0.07655377583465817;
17 1 9 0.0541156001589825;
17 1 10 0.07655377583465817;
17 1 11 0.05543549284578695;
17 1 12 0.06863441971383148;
17 2 1 0.10262360890302066;
17 2 2 0.0752573131955485;
17 2 3 0.0769677066772655;
17 2 4 0.08894046104928459;
17 2 5 0.0752573131955485;
17 2 6 0.07012613275039745;
17 2 7 0.09920282193958664;
17 2 8 0.06841573926868046;
17 2 9 0.0906508545310016;
17 2 10 0.07867810015898252;
17 2 11 0.10091321542130366;
17 2 12 0.08894046104928459;
17 3 1 0.04351740858505564;
17 3 2 0.04973418124006359;
17 3 3 0.04662579491255962;
17 3 4 0.04351740858505564;
17 3 5 0.0445535373608903;
17 3 6 0.04351740858505564;
17 3 7 0.05491482511923689;
17 3 8 0.045589666136724966;
17 3 9 0.05180643879173291;
17 3 10 0.0445535373608903;
17 3 11 0.04973418124006359;
17 3 12 0.06113159777424483;
17 4 1 0.15412285373608903;
17 4 2 0.19432881558028614;
17 4 3 0.19097831875993637;
17 4 4 0.20102980922098568;
17 4 5 0.18427732511923692;
17 4 6 0.16752484101748807;
17 4 7 0.1876278219395867;
17 4 8 0.17757633147853738;
17 4 9 0.13401987281399047;
17 4 10 0.14407136327503975;
17 4 11 0.1507723569157393;
17 4 12 0.1742258346581876;
17 5 1 0.08903938791732909;
17 5 2 0.07995373608903021;
17 5 3 0.10175930047694756;
17 5 4 0.07631947535771065;
17 5 5 0.09085651828298887;
17 5 6 0.09812503974562799;
17 5 7 0.09994217011128777;
17 5 8 0.09085651828298887;
17 5 9 0.10175930047694756;
17 5 10 0.07813660572337043;
17 5 11 0.07450234499205087;
17 5 12 0.09085651828298887;
17 6 1 0.09950480922098567;
17 6 2 0.09264240858505565;
17 6 3 0.07548640699523053;
17 6 4 0.08749560810810811;
17 6 5 0.06862400635930048;
17 6 6 0.08921120826709063;
17 6 7 0.07891760731319555;
17 6 8 0.08749560810810811;
17 6 9 0.08578000794912559;
17 6 10 0.07720200715421303;
17 6 11 0.07720200715421303;
17 6 12 0.09950480922098567;
18 1 1 0.07753110095389505;
18 1 2 0.05712817965023846;
18 1 3 0.05984856915739268;
18 1 4 0.0625689586645469;
18 1 5 0.07617090620031797;
18 1 6 0.058488374403815574;
18 1 7 0.06528934817170111;
18 1 8 0.07209032193958663;
18 1 9 0.05712817965023846;
18 1 10 0.08025149046104926;
18 1 11 0.0625689586645469;
18 1 12 0.07481071144674085;
18 2 1 0.10575715421303657;
18 2 2 0.10223191573926868;
18 2 3 0.09694405802861686;
18 2 4 0.07755524642289348;
18 2 5 0.10399453497615262;
18 2 6 0.10399453497615262;
18 2 7 0.10223191573926868;
18 2 8 0.09870667726550081;
18 2 9 0.07755524642289348;
18 2 10 0.08460572337042925;
18 2 11 0.07755524642289348;
18 2 12 0.07579262718600954;
18 3 1 0.05338831478537361;
18 3 2 0.04484618441971383;
18 3 3 0.04804948330683625;
18 3 4 0.05552384737678856;
18 3 5 0.04698171701112878;
18 3 6 0.051252782193958665;
18 3 7 0.05445608108108108;
18 3 8 0.049117249602543725;
18 3 9 0.04698171701112878;
18 3 10 0.04698171701112878;
18 3 11 0.05445608108108108;
18 3 12 0.050185015898251195;
18 4 1 0.1968097178060413;
18 4 2 0.1519232909379968;
18 4 3 0.14156488473767884;
18 4 4 0.2037153219395866;
18 4 5 0.14156488473767884;
18 4 6 0.15882889507154213;
18 4 7 0.17954570747217807;
18 4 8 0.18990411367249602;
18 4 9 0.18645131160572337;
18 4 10 0.15882889507154213;
18 4 11 0.1381120826709062;
18 4 12 0.1691873012718601;
18 5 1 0.10861168521462639;
18 5 2 0.07490461049284579;
18 5 3 0.10673906995230523;
18 5 4 0.07864984101748806;
18 5 5 0.08988553259141494;
18 5 6 0.09737599364069953;
18 5 7 0.09550337837837837;
18 5 8 0.10112122416534182;
18 5 9 0.10299383942766295;
18 5 10 0.09550337837837837;
18 5 11 0.09737599364069953;
18 5 12 0.07864984101748806;
18 6 1 0.07425536565977742;
18 6 2 0.1025431240063593;
18 6 3 0.07248738076311605;
18 6 4 0.09547118441971383;
18 6 5 0.07779133545310016;
18 6 6 0.09016722972972972;
18 6 7 0.07955932034976153;
18 6 8 0.07248738076311605;
18 6 9 0.10607909379968203;
18 6 10 0.09547118441971383;
18 6 11 0.09900715421303657;
18 6 12 0.09370319952305246;
19 1 1 0.08322376788553258;
19 1 2 0.06206518282988871;
19 1 3 0.05783346581875993;
19 1 4 0.056422893481717;
19 1 5 0.08040262321144673;
19 1 6 0.07899205087440381;
19 1 7 0.0846343402225755;
19 1 8 0.07899205087440381;
19 1 9 0.06911804451510332;
19 1 10 0.07476033386327503;
19 1 11 0.06911804451510332;
19 1 12 0.07899205087440381;
19 2 1 0.08225556438791734;
19 2 2 0.09322297297297298;
19 2 3 0.08225556438791734;
19 2 4 0.09139507154213038;
19 2 5 0.10967408585055645;
19 2 6 0.10419038155802862;
19 2 7 0.10236248012718602;
19 2 8 0.0968787758346582;
19 2 9 0.10419038155802862;
19 2 10 0.10236248012718602;
19 2 11 0.07677186009538951;
19 2 12 0.07859976152623212;
19 3 1 0.06643879173290938;
19 3 2 0.05425834658187599;
19 3 3 0.05758028616852146;
19 3 4 0.05093640699523053;
19 3 5 0.06643879173290938;
19 3 6 0.05425834658187599;
19 3 7 0.055365659777424484;
19 3 8 0.06533147853736089;
19 3 9 0.04872178060413355;
19 3 10 0.04650715421303657;
19 3 11 0.06533147853736089;
19 3 12 0.062009538950715426;
19 4 1 0.20767965023847373;
19 4 2 0.18977623211446742;
19 4 3 0.20051828298887123;
19 4 4 0.19693759936406996;
19 4 5 0.15755007949125596;
19 4 6 0.20767965023847373;
19 4 7 0.14680802861685213;
19 4 8 0.20767965023847373;
19 4 9 0.1790341812400636;
19 4 10 0.17187281399046106;
19 4 11 0.1790341812400636;
19 4 12 0.15396939586645467;
19 5 1 0.08544674085850557;
19 5 2 0.09904054054054055;
19 5 3 0.10875039745627982;
19 5 4 0.09709856915739269;
19 5 5 0.09904054054054055;
19 5 6 0.10292448330683625;
19 5 7 0.08544674085850557;
19 5 8 0.11651828298887122;
19 5 9 0.09709856915739269;
19 5 10 0.09709856915739269;
19 5 11 0.09515659777424483;
19 5 12 0.08156279809220986;
19 6 1 0.1008406200317965;
19 6 2 0.10450755166931637;
19 6 3 0.09534022257551669;
19 6 4 0.09534022257551669;
19 6 5 0.07883903020667726;
19 6 6 0.07333863275039745;
19 6 7 0.0806724960254372;
19 6 8 0.1008406200317965;
19 6 9 0.07333863275039745;
19 6 10 0.07883903020667726;
19 6 11 0.1063410174880763;
19 6 12 0.0806724960254372;
20 1 1 0.06961174483306834;
20 1 2 0.0681306438791733;
20 1 3 0.06516844197138315;
20 1 4 0.08590385532591413;
20 1 5 0.06368734101748807;
20 1 6 0.06664954292527822;
20 1 7 0.08886605723370429;
20 1 8 0.08590385532591413;
20 1 9 0.06516844197138315;
20 1 10 0.07849835055643879;
20 1 11 0.06072513910969792;
20 1 12 0.06368734101748807;
20 2 1 0.09596482511923689;
20 2 2 0.09980341812400637;
20 2 3 0.09212623211446742;
20 2 4 0.09212623211446742;
20 2 5 0.10364201112877586;
20 2 6 0.10172271462639111;
20 2 7 0.08828763910969795;
20 2 8 0.10748060413354532;
20 2 9 0.10556130763116059;
20 2 10 0.11515779014308428;
20 2 11 0.08252974960254372;
20 2 12 0.11515779014308428;
20 3 1 0.05232054848966614;
20 3 2 0.06162197933227346;
20 3 3 0.05115786963434023;
20 3 4 0.0569712639109698;
20 3 5 0.06743537360890302;
20 3 6 0.04999519077901431;
20 3 7 0.06045930047694754;
20 3 8 0.05232054848966614;
20 3 9 0.06162197933227346;
20 3 10 0.06976073131955486;
20 3 11 0.05115786963434023;
20 3 12 0.04883251192368839;
20 4 1 0.20678447933227348;
20 4 2 0.17670673688394273;
20 4 3 0.15790814785373608;
20 4 4 0.1992650437201908;
20 4 5 0.20678447933227348;
20 4 6 0.18798589030206678;
20 4 7 0.15790814785373608;
20 4 8 0.22558306836248013;
20 4 9 0.21806363275039742;
20 4 10 0.22558306836248013;
20 4 11 0.21806363275039742;
20 4 12 0.21806363275039742;
20 5 1 0.12234419713831479;
20 5 2 0.10195349761526232;
20 5 3 0.08156279809220986;
20 5 4 0.0917581478537361;
20 5 5 0.08156279809220986;
20 5 6 0.0876800079491256;
20 5 7 0.10195349761526232;
20 5 8 0.08971907790143085;
20 5 9 0.11214884737678857;
20 5 10 0.08156279809220986;
20 5 11 0.11418791732909381;
20 5 12 0.10807070747217808;
20 6 1 0.0981820945945946;
20 6 2 0.10588265103338634;
20 6 3 0.11358320747217804;
20 6 4 0.0981820945945946;
20 6 5 0.10588265103338634;
20 6 6 0.08855639904610493;
20 6 7 0.10588265103338634;
20 6 8 0.086631259936407;
20 6 9 0.09625695548489666;
20 6 10 0.10203237281399047;
20 6 11 0.10010723370429252;
20 6 12 0.07893070349761526;
]

global d = [
1 1 1 279;
1 1 2 182;
1 1 3 97;
1 1 4 0;
1 1 5 255;
1 1 6 178;
1 1 7 0;
1 1 8 85;
1 1 9 157;
1 1 10 252;
1 1 11 263;
1 1 12 0;
1 2 1 260;
1 2 2 243;
1 2 3 117;
1 2 4 242;
1 2 5 93;
1 2 6 144;
1 2 7 0;
1 2 8 0;
1 2 9 196;
1 2 10 60;
1 2 11 186;
1 2 12 223;
1 3 1 0;
1 3 2 215;
1 3 3 266;
1 3 4 146;
1 3 5 132;
1 3 6 164;
1 3 7 90;
1 3 8 213;
1 3 9 100;
1 3 10 224;
1 3 11 0;
1 3 12 257;
1 4 1 0;
1 4 2 0;
1 4 3 283;
1 4 4 213;
1 4 5 219;
1 4 6 70;
1 4 7 121;
1 4 8 143;
1 4 9 0;
1 4 10 62;
1 4 11 97;
1 4 12 53;
1 5 1 230;
1 5 2 267;
1 5 3 87;
1 5 4 134;
1 5 5 236;
1 5 6 106;
1 5 7 0;
1 5 8 71;
1 5 9 235;
1 5 10 180;
1 5 11 79;
1 5 12 232;
1 6 1 110;
1 6 2 0;
1 6 3 60;
1 6 4 60;
1 6 5 88;
1 6 6 163;
1 6 7 0;
1 6 8 0;
1 6 9 66;
1 6 10 0;
1 6 11 267;
1 6 12 124;
2 1 1 0;
2 1 2 140;
2 1 3 0;
2 1 4 101;
2 1 5 0;
2 1 6 67;
2 1 7 189;
2 1 8 167;
2 1 9 268;
2 1 10 0;
2 1 11 207;
2 1 12 227;
2 2 1 0;
2 2 2 261;
2 2 3 180;
2 2 4 142;
2 2 5 0;
2 2 6 263;
2 2 7 252;
2 2 8 0;
2 2 9 295;
2 2 10 102;
2 2 11 205;
2 2 12 97;
2 3 1 63;
2 3 2 138;
2 3 3 117;
2 3 4 82;
2 3 5 290;
2 3 6 202;
2 3 7 136;
2 3 8 0;
2 3 9 300;
2 3 10 108;
2 3 11 0;
2 3 12 244;
2 4 1 212;
2 4 2 180;
2 4 3 150;
2 4 4 206;
2 4 5 0;
2 4 6 135;
2 4 7 266;
2 4 8 0;
2 4 9 93;
2 4 10 284;
2 4 11 181;
2 4 12 135;
2 5 1 250;
2 5 2 283;
2 5 3 272;
2 5 4 175;
2 5 5 251;
2 5 6 294;
2 5 7 169;
2 5 8 154;
2 5 9 265;
2 5 10 167;
2 5 11 249;
2 5 12 0;
2 6 1 163;
2 6 2 187;
2 6 3 75;
2 6 4 214;
2 6 5 0;
2 6 6 281;
2 6 7 0;
2 6 8 156;
2 6 9 0;
2 6 10 79;
2 6 11 114;
2 6 12 219;
3 1 1 118;
3 1 2 234;
3 1 3 91;
3 1 4 87;
3 1 5 105;
3 1 6 77;
3 1 7 0;
3 1 8 0;
3 1 9 171;
3 1 10 247;
3 1 11 58;
3 1 12 121;
3 2 1 79;
3 2 2 224;
3 2 3 231;
3 2 4 121;
3 2 5 241;
3 2 6 145;
3 2 7 210;
3 2 8 241;
3 2 9 210;
3 2 10 156;
3 2 11 83;
3 2 12 299;
3 3 1 282;
3 3 2 0;
3 3 3 280;
3 3 4 197;
3 3 5 0;
3 3 6 272;
3 3 7 268;
3 3 8 65;
3 3 9 130;
3 3 10 150;
3 3 11 56;
3 3 12 159;
3 4 1 0;
3 4 2 281;
3 4 3 91;
3 4 4 199;
3 4 5 243;
3 4 6 152;
3 4 7 199;
3 4 8 262;
3 4 9 116;
3 4 10 119;
3 4 11 79;
3 4 12 109;
3 5 1 0;
3 5 2 142;
3 5 3 205;
3 5 4 113;
3 5 5 0;
3 5 6 272;
3 5 7 98;
3 5 8 70;
3 5 9 75;
3 5 10 240;
3 5 11 113;
3 5 12 0;
3 6 1 0;
3 6 2 197;
3 6 3 0;
3 6 4 261;
3 6 5 154;
3 6 6 169;
3 6 7 51;
3 6 8 89;
3 6 9 274;
3 6 10 134;
3 6 11 0;
3 6 12 73;
4 1 1 115;
4 1 2 85;
4 1 3 281;
4 1 4 94;
4 1 5 74;
4 1 6 0;
4 1 7 236;
4 1 8 0;
4 1 9 271;
4 1 10 223;
4 1 11 236;
4 1 12 124;
4 2 1 190;
4 2 2 289;
4 2 3 273;
4 2 4 206;
4 2 5 0;
4 2 6 75;
4 2 7 233;
4 2 8 170;
4 2 9 0;
4 2 10 279;
4 2 11 214;
4 2 12 293;
4 3 1 259;
4 3 2 210;
4 3 3 82;
4 3 4 168;
4 3 5 279;
4 3 6 90;
4 3 7 238;
4 3 8 266;
4 3 9 85;
4 3 10 110;
4 3 11 0;
4 3 12 221;
4 4 1 239;
4 4 2 180;
4 4 3 0;
4 4 4 147;
4 4 5 143;
4 4 6 113;
4 4 7 165;
4 4 8 203;
4 4 9 69;
4 4 10 115;
4 4 11 0;
4 4 12 208;
4 5 1 64;
4 5 2 285;
4 5 3 151;
4 5 4 293;
4 5 5 268;
4 5 6 181;
4 5 7 75;
4 5 8 0;
4 5 9 270;
4 5 10 238;
4 5 11 259;
4 5 12 117;
4 6 1 0;
4 6 2 84;
4 6 3 261;
4 6 4 120;
4 6 5 274;
4 6 6 230;
4 6 7 177;
4 6 8 157;
4 6 9 105;
4 6 10 0;
4 6 11 249;
4 6 12 105;
5 1 1 0;
5 1 2 134;
5 1 3 161;
5 1 4 264;
5 1 5 140;
5 1 6 216;
5 1 7 191;
5 1 8 109;
5 1 9 290;
5 1 10 105;
5 1 11 0;
5 1 12 183;
5 2 1 255;
5 2 2 0;
5 2 3 216;
5 2 4 147;
5 2 5 0;
5 2 6 92;
5 2 7 253;
5 2 8 199;
5 2 9 243;
5 2 10 281;
5 2 11 251;
5 2 12 191;
5 3 1 0;
5 3 2 177;
5 3 3 85;
5 3 4 198;
5 3 5 198;
5 3 6 82;
5 3 7 0;
5 3 8 211;
5 3 9 253;
5 3 10 214;
5 3 11 93;
5 3 12 213;
5 4 1 195;
5 4 2 88;
5 4 3 169;
5 4 4 263;
5 4 5 178;
5 4 6 105;
5 4 7 0;
5 4 8 178;
5 4 9 294;
5 4 10 0;
5 4 11 0;
5 4 12 223;
5 5 1 128;
5 5 2 268;
5 5 3 288;
5 5 4 0;
5 5 5 108;
5 5 6 251;
5 5 7 0;
5 5 8 277;
5 5 9 89;
5 5 10 182;
5 5 11 192;
5 5 12 84;
5 6 1 118;
5 6 2 188;
5 6 3 0;
5 6 4 227;
5 6 5 248;
5 6 6 191;
5 6 7 201;
5 6 8 244;
5 6 9 62;
5 6 10 0;
5 6 11 192;
5 6 12 244;
6 1 1 175;
6 1 2 0;
6 1 3 126;
6 1 4 233;
6 1 5 0;
6 1 6 162;
6 1 7 0;
6 1 8 0;
6 1 9 177;
6 1 10 278;
6 1 11 148;
6 1 12 0;
6 2 1 106;
6 2 2 0;
6 2 3 0;
6 2 4 154;
6 2 5 55;
6 2 6 0;
6 2 7 0;
6 2 8 84;
6 2 9 115;
6 2 10 204;
6 2 11 273;
6 2 12 74;
6 3 1 272;
6 3 2 297;
6 3 3 66;
6 3 4 255;
6 3 5 109;
6 3 6 169;
6 3 7 255;
6 3 8 246;
6 3 9 293;
6 3 10 249;
6 3 11 202;
6 3 12 299;
6 4 1 159;
6 4 2 291;
6 4 3 0;
6 4 4 115;
6 4 5 210;
6 4 6 222;
6 4 7 83;
6 4 8 0;
6 4 9 240;
6 4 10 203;
6 4 11 61;
6 4 12 292;
6 5 1 119;
6 5 2 261;
6 5 3 192;
6 5 4 183;
6 5 5 101;
6 5 6 135;
6 5 7 0;
6 5 8 187;
6 5 9 124;
6 5 10 275;
6 5 11 0;
6 5 12 201;
6 6 1 56;
6 6 2 137;
6 6 3 109;
6 6 4 135;
6 6 5 269;
6 6 6 0;
6 6 7 61;
6 6 8 289;
6 6 9 68;
6 6 10 289;
6 6 11 69;
6 6 12 0;
7 1 1 235;
7 1 2 192;
7 1 3 119;
7 1 4 242;
7 1 5 115;
7 1 6 232;
7 1 7 268;
7 1 8 63;
7 1 9 106;
7 1 10 183;
7 1 11 75;
7 1 12 52;
7 2 1 83;
7 2 2 291;
7 2 3 0;
7 2 4 0;
7 2 5 292;
7 2 6 237;
7 2 7 0;
7 2 8 0;
7 2 9 0;
7 2 10 139;
7 2 11 188;
7 2 12 156;
7 3 1 189;
7 3 2 225;
7 3 3 0;
7 3 4 155;
7 3 5 0;
7 3 6 213;
7 3 7 269;
7 3 8 204;
7 3 9 140;
7 3 10 100;
7 3 11 0;
7 3 12 210;
7 4 1 282;
7 4 2 222;
7 4 3 278;
7 4 4 73;
7 4 5 127;
7 4 6 270;
7 4 7 203;
7 4 8 0;
7 4 9 154;
7 4 10 202;
7 4 11 290;
7 4 12 132;
7 5 1 109;
7 5 2 261;
7 5 3 267;
7 5 4 143;
7 5 5 0;
7 5 6 265;
7 5 7 0;
7 5 8 0;
7 5 9 0;
7 5 10 106;
7 5 11 54;
7 5 12 87;
7 6 1 242;
7 6 2 214;
7 6 3 198;
7 6 4 212;
7 6 5 269;
7 6 6 98;
7 6 7 92;
7 6 8 0;
7 6 9 231;
7 6 10 0;
7 6 11 238;
7 6 12 232;
8 1 1 104;
8 1 2 200;
8 1 3 55;
8 1 4 86;
8 1 5 125;
8 1 6 172;
8 1 7 0;
8 1 8 292;
8 1 9 94;
8 1 10 119;
8 1 11 132;
8 1 12 174;
8 2 1 282;
8 2 2 288;
8 2 3 273;
8 2 4 0;
8 2 5 134;
8 2 6 0;
8 2 7 256;
8 2 8 79;
8 2 9 0;
8 2 10 51;
8 2 11 242;
8 2 12 54;
8 3 1 174;
8 3 2 66;
8 3 3 161;
8 3 4 0;
8 3 5 82;
8 3 6 0;
8 3 7 119;
8 3 8 74;
8 3 9 209;
8 3 10 127;
8 3 11 181;
8 3 12 140;
8 4 1 123;
8 4 2 278;
8 4 3 109;
8 4 4 199;
8 4 5 156;
8 4 6 0;
8 4 7 0;
8 4 8 97;
8 4 9 0;
8 4 10 109;
8 4 11 61;
8 4 12 283;
8 5 1 195;
8 5 2 61;
8 5 3 142;
8 5 4 132;
8 5 5 0;
8 5 6 76;
8 5 7 268;
8 5 8 253;
8 5 9 294;
8 5 10 174;
8 5 11 152;
8 5 12 113;
8 6 1 186;
8 6 2 188;
8 6 3 90;
8 6 4 111;
8 6 5 125;
8 6 6 202;
8 6 7 82;
8 6 8 171;
8 6 9 51;
8 6 10 279;
8 6 11 224;
8 6 12 170;
9 1 1 114;
9 1 2 213;
9 1 3 187;
9 1 4 214;
9 1 5 105;
9 1 6 254;
9 1 7 179;
9 1 8 178;
9 1 9 240;
9 1 10 0;
9 1 11 118;
9 1 12 124;
9 2 1 65;
9 2 2 150;
9 2 3 87;
9 2 4 199;
9 2 5 164;
9 2 6 106;
9 2 7 109;
9 2 8 139;
9 2 9 151;
9 2 10 246;
9 2 11 108;
9 2 12 0;
9 3 1 0;
9 3 2 151;
9 3 3 230;
9 3 4 0;
9 3 5 236;
9 3 6 57;
9 3 7 240;
9 3 8 94;
9 3 9 277;
9 3 10 73;
9 3 11 0;
9 3 12 90;
9 4 1 273;
9 4 2 154;
9 4 3 0;
9 4 4 162;
9 4 5 165;
9 4 6 143;
9 4 7 0;
9 4 8 187;
9 4 9 125;
9 4 10 280;
9 4 11 94;
9 4 12 199;
9 5 1 109;
9 5 2 159;
9 5 3 121;
9 5 4 0;
9 5 5 0;
9 5 6 279;
9 5 7 198;
9 5 8 116;
9 5 9 268;
9 5 10 77;
9 5 11 292;
9 5 12 0;
9 6 1 0;
9 6 2 140;
9 6 3 63;
9 6 4 288;
9 6 5 54;
9 6 6 78;
9 6 7 0;
9 6 8 144;
9 6 9 50;
9 6 10 252;
9 6 11 0;
9 6 12 0;
10 1 1 173;
10 1 2 0;
10 1 3 147;
10 1 4 88;
10 1 5 174;
10 1 6 281;
10 1 7 229;
10 1 8 257;
10 1 9 94;
10 1 10 253;
10 1 11 117;
10 1 12 248;
10 2 1 58;
10 2 2 0;
10 2 3 157;
10 2 4 283;
10 2 5 140;
10 2 6 99;
10 2 7 257;
10 2 8 248;
10 2 9 0;
10 2 10 183;
10 2 11 268;
10 2 12 106;
10 3 1 205;
10 3 2 0;
10 3 3 0;
10 3 4 0;
10 3 5 85;
10 3 6 0;
10 3 7 127;
10 3 8 0;
10 3 9 0;
10 3 10 173;
10 3 11 0;
10 3 12 0;
10 4 1 296;
10 4 2 52;
10 4 3 297;
10 4 4 142;
10 4 5 102;
10 4 6 209;
10 4 7 163;
10 4 8 0;
10 4 9 0;
10 4 10 219;
10 4 11 0;
10 4 12 175;
10 5 1 0;
10 5 2 111;
10 5 3 143;
10 5 4 277;
10 5 5 296;
10 5 6 129;
10 5 7 98;
10 5 8 261;
10 5 9 197;
10 5 10 298;
10 5 11 132;
10 5 12 100;
10 6 1 166;
10 6 2 0;
10 6 3 0;
10 6 4 121;
10 6 5 0;
10 6 6 246;
10 6 7 250;
10 6 8 94;
10 6 9 0;
10 6 10 243;
10 6 11 60;
10 6 12 180;
11 1 1 112;
11 1 2 0;
11 1 3 188;
11 1 4 255;
11 1 5 155;
11 1 6 197;
11 1 7 105;
11 1 8 155;
11 1 9 0;
11 1 10 250;
11 1 11 78;
11 1 12 292;
11 2 1 111;
11 2 2 232;
11 2 3 252;
11 2 4 99;
11 2 5 248;
11 2 6 82;
11 2 7 168;
11 2 8 61;
11 2 9 263;
11 2 10 222;
11 2 11 281;
11 2 12 220;
11 3 1 0;
11 3 2 276;
11 3 3 129;
11 3 4 251;
11 3 5 283;
11 3 6 201;
11 3 7 0;
11 3 8 60;
11 3 9 54;
11 3 10 222;
11 3 11 250;
11 3 12 0;
11 4 1 253;
11 4 2 103;
11 4 3 0;
11 4 4 160;
11 4 5 288;
11 4 6 244;
11 4 7 83;
11 4 8 269;
11 4 9 276;
11 4 10 0;
11 4 11 0;
11 4 12 250;
11 5 1 164;
11 5 2 0;
11 5 3 0;
11 5 4 128;
11 5 5 0;
11 5 6 279;
11 5 7 186;
11 5 8 135;
11 5 9 175;
11 5 10 266;
11 5 11 292;
11 5 12 50;
11 6 1 220;
11 6 2 0;
11 6 3 247;
11 6 4 72;
11 6 5 0;
11 6 6 161;
11 6 7 201;
11 6 8 213;
11 6 9 53;
11 6 10 241;
11 6 11 0;
11 6 12 113;
12 1 1 161;
12 1 2 114;
12 1 3 60;
12 1 4 293;
12 1 5 0;
12 1 6 287;
12 1 7 0;
12 1 8 220;
12 1 9 0;
12 1 10 169;
12 1 11 0;
12 1 12 131;
12 2 1 0;
12 2 2 0;
12 2 3 0;
12 2 4 129;
12 2 5 249;
12 2 6 98;
12 2 7 175;
12 2 8 173;
12 2 9 295;
12 2 10 267;
12 2 11 165;
12 2 12 76;
12 3 1 106;
12 3 2 266;
12 3 3 244;
12 3 4 202;
12 3 5 164;
12 3 6 65;
12 3 7 173;
12 3 8 144;
12 3 9 120;
12 3 10 205;
12 3 11 0;
12 3 12 78;
12 4 1 260;
12 4 2 264;
12 4 3 155;
12 4 4 235;
12 4 5 181;
12 4 6 86;
12 4 7 78;
12 4 8 0;
12 4 9 121;
12 4 10 110;
12 4 11 230;
12 4 12 78;
12 5 1 147;
12 5 2 229;
12 5 3 129;
12 5 4 231;
12 5 5 233;
12 5 6 96;
12 5 7 127;
12 5 8 0;
12 5 9 117;
12 5 10 252;
12 5 11 246;
12 5 12 94;
12 6 1 92;
12 6 2 273;
12 6 3 242;
12 6 4 74;
12 6 5 211;
12 6 6 233;
12 6 7 98;
12 6 8 77;
12 6 9 298;
12 6 10 244;
12 6 11 70;
12 6 12 152;
13 1 1 147;
13 1 2 176;
13 1 3 61;
13 1 4 94;
13 1 5 0;
13 1 6 181;
13 1 7 131;
13 1 8 0;
13 1 9 286;
13 1 10 271;
13 1 11 0;
13 1 12 0;
13 2 1 94;
13 2 2 215;
13 2 3 0;
13 2 4 0;
13 2 5 247;
13 2 6 111;
13 2 7 75;
13 2 8 194;
13 2 9 181;
13 2 10 86;
13 2 11 291;
13 2 12 224;
13 3 1 75;
13 3 2 92;
13 3 3 0;
13 3 4 110;
13 3 5 287;
13 3 6 189;
13 3 7 56;
13 3 8 0;
13 3 9 275;
13 3 10 0;
13 3 11 128;
13 3 12 0;
13 4 1 107;
13 4 2 214;
13 4 3 89;
13 4 4 134;
13 4 5 265;
13 4 6 200;
13 4 7 238;
13 4 8 83;
13 4 9 146;
13 4 10 224;
13 4 11 187;
13 4 12 220;
13 5 1 0;
13 5 2 242;
13 5 3 145;
13 5 4 273;
13 5 5 278;
13 5 6 61;
13 5 7 84;
13 5 8 90;
13 5 9 232;
13 5 10 283;
13 5 11 0;
13 5 12 243;
13 6 1 263;
13 6 2 238;
13 6 3 269;
13 6 4 209;
13 6 5 266;
13 6 6 60;
13 6 7 244;
13 6 8 261;
13 6 9 77;
13 6 10 67;
13 6 11 0;
13 6 12 176;
14 1 1 131;
14 1 2 115;
14 1 3 0;
14 1 4 207;
14 1 5 0;
14 1 6 176;
14 1 7 0;
14 1 8 109;
14 1 9 179;
14 1 10 59;
14 1 11 139;
14 1 12 123;
14 2 1 137;
14 2 2 288;
14 2 3 0;
14 2 4 227;
14 2 5 69;
14 2 6 145;
14 2 7 204;
14 2 8 81;
14 2 9 294;
14 2 10 0;
14 2 11 222;
14 2 12 106;
14 3 1 0;
14 3 2 56;
14 3 3 264;
14 3 4 148;
14 3 5 0;
14 3 6 0;
14 3 7 150;
14 3 8 59;
14 3 9 63;
14 3 10 286;
14 3 11 292;
14 3 12 0;
14 4 1 68;
14 4 2 275;
14 4 3 224;
14 4 4 175;
14 4 5 231;
14 4 6 0;
14 4 7 233;
14 4 8 211;
14 4 9 289;
14 4 10 143;
14 4 11 79;
14 4 12 262;
14 5 1 244;
14 5 2 269;
14 5 3 0;
14 5 4 241;
14 5 5 0;
14 5 6 183;
14 5 7 126;
14 5 8 176;
14 5 9 210;
14 5 10 92;
14 5 11 0;
14 5 12 0;
14 6 1 0;
14 6 2 162;
14 6 3 68;
14 6 4 290;
14 6 5 223;
14 6 6 0;
14 6 7 0;
14 6 8 253;
14 6 9 215;
14 6 10 0;
14 6 11 230;
14 6 12 230;
15 1 1 299;
15 1 2 138;
15 1 3 0;
15 1 4 75;
15 1 5 125;
15 1 6 0;
15 1 7 0;
15 1 8 298;
15 1 9 0;
15 1 10 291;
15 1 11 243;
15 1 12 226;
15 2 1 56;
15 2 2 276;
15 2 3 0;
15 2 4 0;
15 2 5 138;
15 2 6 147;
15 2 7 299;
15 2 8 71;
15 2 9 104;
15 2 10 213;
15 2 11 196;
15 2 12 207;
15 3 1 286;
15 3 2 99;
15 3 3 0;
15 3 4 174;
15 3 5 0;
15 3 6 151;
15 3 7 155;
15 3 8 192;
15 3 9 200;
15 3 10 218;
15 3 11 100;
15 3 12 0;
15 4 1 221;
15 4 2 288;
15 4 3 82;
15 4 4 0;
15 4 5 0;
15 4 6 171;
15 4 7 275;
15 4 8 0;
15 4 9 0;
15 4 10 208;
15 4 11 55;
15 4 12 184;
15 5 1 0;
15 5 2 0;
15 5 3 206;
15 5 4 84;
15 5 5 0;
15 5 6 234;
15 5 7 122;
15 5 8 0;
15 5 9 0;
15 5 10 152;
15 5 11 62;
15 5 12 281;
15 6 1 236;
15 6 2 102;
15 6 3 297;
15 6 4 162;
15 6 5 219;
15 6 6 0;
15 6 7 0;
15 6 8 202;
15 6 9 116;
15 6 10 128;
15 6 11 0;
15 6 12 99;
16 1 1 60;
16 1 2 114;
16 1 3 0;
16 1 4 98;
16 1 5 73;
16 1 6 77;
16 1 7 71;
16 1 8 175;
16 1 9 150;
16 1 10 87;
16 1 11 266;
16 1 12 266;
16 2 1 77;
16 2 2 204;
16 2 3 204;
16 2 4 97;
16 2 5 56;
16 2 6 84;
16 2 7 63;
16 2 8 75;
16 2 9 268;
16 2 10 106;
16 2 11 180;
16 2 12 290;
16 3 1 231;
16 3 2 0;
16 3 3 215;
16 3 4 249;
16 3 5 238;
16 3 6 209;
16 3 7 69;
16 3 8 140;
16 3 9 222;
16 3 10 198;
16 3 11 210;
16 3 12 0;
16 4 1 171;
16 4 2 134;
16 4 3 78;
16 4 4 0;
16 4 5 239;
16 4 6 163;
16 4 7 128;
16 4 8 230;
16 4 9 257;
16 4 10 200;
16 4 11 91;
16 4 12 103;
16 5 1 245;
16 5 2 122;
16 5 3 174;
16 5 4 178;
16 5 5 182;
16 5 6 291;
16 5 7 88;
16 5 8 111;
16 5 9 105;
16 5 10 255;
16 5 11 0;
16 5 12 209;
16 6 1 0;
16 6 2 112;
16 6 3 181;
16 6 4 173;
16 6 5 275;
16 6 6 160;
16 6 7 0;
16 6 8 242;
16 6 9 178;
16 6 10 239;
16 6 11 71;
16 6 12 214;
17 1 1 264;
17 1 2 177;
17 1 3 227;
17 1 4 0;
17 1 5 285;
17 1 6 0;
17 1 7 214;
17 1 8 98;
17 1 9 285;
17 1 10 292;
17 1 11 96;
17 1 12 0;
17 2 1 282;
17 2 2 299;
17 2 3 218;
17 2 4 214;
17 2 5 250;
17 2 6 163;
17 2 7 174;
17 2 8 181;
17 2 9 113;
17 2 10 51;
17 2 11 0;
17 2 12 238;
17 3 1 139;
17 3 2 197;
17 3 3 187;
17 3 4 218;
17 3 5 100;
17 3 6 0;
17 3 7 117;
17 3 8 233;
17 3 9 205;
17 3 10 77;
17 3 11 272;
17 3 12 107;
17 4 1 222;
17 4 2 0;
17 4 3 93;
17 4 4 97;
17 4 5 134;
17 4 6 247;
17 4 7 83;
17 4 8 56;
17 4 9 241;
17 4 10 244;
17 4 11 81;
17 4 12 225;
17 5 1 293;
17 5 2 158;
17 5 3 0;
17 5 4 62;
17 5 5 158;
17 5 6 110;
17 5 7 58;
17 5 8 121;
17 5 9 52;
17 5 10 221;
17 5 11 203;
17 5 12 81;
17 6 1 0;
17 6 2 0;
17 6 3 275;
17 6 4 252;
17 6 5 0;
17 6 6 0;
17 6 7 0;
17 6 8 142;
17 6 9 237;
17 6 10 118;
17 6 11 265;
17 6 12 270;
18 1 1 56;
18 1 2 0;
18 1 3 148;
18 1 4 164;
18 1 5 270;
18 1 6 111;
18 1 7 169;
18 1 8 0;
18 1 9 129;
18 1 10 187;
18 1 11 219;
18 1 12 139;
18 2 1 86;
18 2 2 111;
18 2 3 185;
18 2 4 142;
18 2 5 88;
18 2 6 261;
18 2 7 227;
18 2 8 69;
18 2 9 115;
18 2 10 176;
18 2 11 254;
18 2 12 148;
18 3 1 272;
18 3 2 128;
18 3 3 220;
18 3 4 193;
18 3 5 196;
18 3 6 66;
18 3 7 190;
18 3 8 73;
18 3 9 0;
18 3 10 77;
18 3 11 136;
18 3 12 276;
18 4 1 193;
18 4 2 51;
18 4 3 177;
18 4 4 252;
18 4 5 282;
18 4 6 137;
18 4 7 0;
18 4 8 99;
18 4 9 275;
18 4 10 71;
18 4 11 0;
18 4 12 264;
18 5 1 173;
18 5 2 293;
18 5 3 230;
18 5 4 114;
18 5 5 222;
18 5 6 0;
18 5 7 262;
18 5 8 77;
18 5 9 146;
18 5 10 195;
18 5 11 127;
18 5 12 0;
18 6 1 71;
18 6 2 272;
18 6 3 0;
18 6 4 252;
18 6 5 251;
18 6 6 90;
18 6 7 52;
18 6 8 275;
18 6 9 119;
18 6 10 62;
18 6 11 55;
18 6 12 0;
19 1 1 0;
19 1 2 247;
19 1 3 67;
19 1 4 217;
19 1 5 161;
19 1 6 53;
19 1 7 221;
19 1 8 50;
19 1 9 294;
19 1 10 229;
19 1 11 77;
19 1 12 150;
19 2 1 217;
19 2 2 0;
19 2 3 81;
19 2 4 249;
19 2 5 293;
19 2 6 216;
19 2 7 280;
19 2 8 168;
19 2 9 252;
19 2 10 0;
19 2 11 162;
19 2 12 218;
19 3 1 150;
19 3 2 0;
19 3 3 102;
19 3 4 109;
19 3 5 93;
19 3 6 93;
19 3 7 249;
19 3 8 160;
19 3 9 262;
19 3 10 168;
19 3 11 251;
19 3 12 0;
19 4 1 114;
19 4 2 63;
19 4 3 72;
19 4 4 0;
19 4 5 60;
19 4 6 153;
19 4 7 121;
19 4 8 237;
19 4 9 180;
19 4 10 177;
19 4 11 113;
19 4 12 276;
19 5 1 173;
19 5 2 0;
19 5 3 160;
19 5 4 98;
19 5 5 171;
19 5 6 0;
19 5 7 54;
19 5 8 174;
19 5 9 158;
19 5 10 0;
19 5 11 201;
19 5 12 219;
19 6 1 141;
19 6 2 214;
19 6 3 204;
19 6 4 0;
19 6 5 204;
19 6 6 273;
19 6 7 91;
19 6 8 260;
19 6 9 88;
19 6 10 0;
19 6 11 0;
19 6 12 0;
20 1 1 104;
20 1 2 109;
20 1 3 123;
20 1 4 59;
20 1 5 90;
20 1 6 162;
20 1 7 63;
20 1 8 0;
20 1 9 168;
20 1 10 0;
20 1 11 286;
20 1 12 160;
20 2 1 161;
20 2 2 205;
20 2 3 281;
20 2 4 0;
20 2 5 178;
20 2 6 205;
20 2 7 224;
20 2 8 98;
20 2 9 0;
20 2 10 281;
20 2 11 101;
20 2 12 186;
20 3 1 0;
20 3 2 135;
20 3 3 244;
20 3 4 79;
20 3 5 0;
20 3 6 0;
20 3 7 0;
20 3 8 135;
20 3 9 84;
20 3 10 233;
20 3 11 242;
20 3 12 264;
20 4 1 85;
20 4 2 245;
20 4 3 228;
20 4 4 108;
20 4 5 172;
20 4 6 67;
20 4 7 0;
20 4 8 0;
20 4 9 57;
20 4 10 295;
20 4 11 242;
20 4 12 54;
20 5 1 0;
20 5 2 0;
20 5 3 162;
20 5 4 196;
20 5 5 149;
20 5 6 76;
20 5 7 150;
20 5 8 119;
20 5 9 128;
20 5 10 207;
20 5 11 186;
20 5 12 292;
20 6 1 212;
20 6 2 207;
20 6 3 300;
20 6 4 220;
20 6 5 0;
20 6 6 119;
20 6 7 122;
20 6 8 165;
20 6 9 107;
20 6 10 0;
20 6 11 195;
20 6 12 0;
]

global Cap_c = [
1 1 1 19166.0;
1 1 2 19166.0;
1 1 3 19166.0;
1 1 4 19166.0;
1 1 5 19166.0;
1 1 6 19166.0;
1 1 7 19166.0;
1 1 8 19166.0;
1 1 9 19166.0;
1 1 10 19166.0;
1 1 11 19166.0;
1 1 12 19166.0;
1 2 1 19166.0;
1 2 2 19166.0;
1 2 3 19166.0;
1 2 4 19166.0;
1 2 5 19166.0;
1 2 6 19166.0;
1 2 7 19166.0;
1 2 8 19166.0;
1 2 9 19166.0;
1 2 10 19166.0;
1 2 11 19166.0;
1 2 12 19166.0;
2 1 1 19166.0;
2 1 2 19166.0;
2 1 3 19166.0;
2 1 4 19166.0;
2 1 5 19166.0;
2 1 6 19166.0;
2 1 7 19166.0;
2 1 8 19166.0;
2 1 9 19166.0;
2 1 10 19166.0;
2 1 11 19166.0;
2 1 12 19166.0;
2 2 1 19166.0;
2 2 2 19166.0;
2 2 3 19166.0;
2 2 4 19166.0;
2 2 5 19166.0;
2 2 6 19166.0;
2 2 7 19166.0;
2 2 8 19166.0;
2 2 9 19166.0;
2 2 10 19166.0;
2 2 11 19166.0;
2 2 12 19166.0;
3 1 1 19166.0;
3 1 2 19166.0;
3 1 3 19166.0;
3 1 4 19166.0;
3 1 5 19166.0;
3 1 6 19166.0;
3 1 7 19166.0;
3 1 8 19166.0;
3 1 9 19166.0;
3 1 10 19166.0;
3 1 11 19166.0;
3 1 12 19166.0;
3 2 1 19166.0;
3 2 2 19166.0;
3 2 3 19166.0;
3 2 4 19166.0;
3 2 5 19166.0;
3 2 6 19166.0;
3 2 7 19166.0;
3 2 8 19166.0;
3 2 9 19166.0;
3 2 10 19166.0;
3 2 11 19166.0;
3 2 12 19166.0;
4 1 1 19166.0;
4 1 2 19166.0;
4 1 3 19166.0;
4 1 4 19166.0;
4 1 5 19166.0;
4 1 6 19166.0;
4 1 7 19166.0;
4 1 8 19166.0;
4 1 9 19166.0;
4 1 10 19166.0;
4 1 11 19166.0;
4 1 12 19166.0;
4 2 1 19166.0;
4 2 2 19166.0;
4 2 3 19166.0;
4 2 4 19166.0;
4 2 5 19166.0;
4 2 6 19166.0;
4 2 7 19166.0;
4 2 8 19166.0;
4 2 9 19166.0;
4 2 10 19166.0;
4 2 11 19166.0;
4 2 12 19166.0;
5 1 1 19166.0;
5 1 2 19166.0;
5 1 3 19166.0;
5 1 4 19166.0;
5 1 5 19166.0;
5 1 6 19166.0;
5 1 7 19166.0;
5 1 8 19166.0;
5 1 9 19166.0;
5 1 10 19166.0;
5 1 11 19166.0;
5 1 12 19166.0;
5 2 1 19166.0;
5 2 2 19166.0;
5 2 3 19166.0;
5 2 4 19166.0;
5 2 5 19166.0;
5 2 6 19166.0;
5 2 7 19166.0;
5 2 8 19166.0;
5 2 9 19166.0;
5 2 10 19166.0;
5 2 11 19166.0;
5 2 12 19166.0;
6 1 1 19166.0;
6 1 2 19166.0;
6 1 3 19166.0;
6 1 4 19166.0;
6 1 5 19166.0;
6 1 6 19166.0;
6 1 7 19166.0;
6 1 8 19166.0;
6 1 9 19166.0;
6 1 10 19166.0;
6 1 11 19166.0;
6 1 12 19166.0;
6 2 1 19166.0;
6 2 2 19166.0;
6 2 3 19166.0;
6 2 4 19166.0;
6 2 5 19166.0;
6 2 6 19166.0;
6 2 7 19166.0;
6 2 8 19166.0;
6 2 9 19166.0;
6 2 10 19166.0;
6 2 11 19166.0;
6 2 12 19166.0;
]

global Cap_p = [1.622638e6 1.622638e6 1.622638e6 1.622638e6 1.622638e6 1.622638e6 1.622638e6 1.622638e6 1.622638e6 1.622638e6 1.622638e6 1.622638e6; 1.382247e6 1.382247e6 1.382247e6 1.382247e6 1.382247e6 1.382247e6 1.382247e6 1.382247e6 1.382247e6 1.382247e6 1.382247e6 1.382247e6]
#-----------------------------------------