###################################################
# Classe 27 : K = 6, M = 2, T = 12, N = 20
# Exemplo: 5.   c27ex05.dat          Semente: 9879
#-----------------------Dados----------------------
global K = 6
global M = 2
global T = 12
global N = 20

global L = [540, 460]

global l = [50, 53, 54, 72, 74, 77, 78, 80, 85, 86, 96, 97, 107, 112, 117, 122, 124, 125, 131, 142]

global Q1 = 1e5
global Q2 = 1e5

global rho = [2.0, 2.0, 2.0, 2.0, 2.0, 2.0]

global b = [1080.0 920.0; 1080.0 920.0; 1080.0 920.0; 1080.0 920.0; 1080.0 920.0; 1080.0 920.0]

global f = [17.28 14.72; 17.28 14.72; 17.28 14.72; 17.28 14.72; 17.28 14.72; 17.28 14.72]

global c_km = [21.6 38.64; 24.84 39.56; 30.24 31.28; 42.12 34.04; 28.08 23.92; 24.84 22.08]

global p_km = [2.592 4.637; 2.981 4.747; 3.629 3.754; 5.054 4.085; 3.37 2.87; 2.981 2.65]

global c_x = [
1 1 1 27.0;
1 1 2 27.0;
1 1 3 27.0;
1 1 4 27.0;
1 1 5 27.0;
1 1 6 27.0;
1 1 7 27.0;
1 1 8 27.0;
1 1 9 27.0;
1 1 10 27.0;
1 1 11 27.0;
1 1 12 27.0;
1 2 1 18.676;
1 2 2 18.676;
1 2 3 18.676;
1 2 4 18.676;
1 2 5 18.676;
1 2 6 18.676;
1 2 7 18.676;
1 2 8 18.676;
1 2 9 18.676;
1 2 10 18.676;
1 2 11 18.676;
1 2 12 18.676;
2 1 1 16.74;
2 1 2 16.74;
2 1 3 16.74;
2 1 4 16.74;
2 1 5 16.74;
2 1 6 16.74;
2 1 7 16.74;
2 1 8 16.74;
2 1 9 16.74;
2 1 10 16.74;
2 1 11 16.74;
2 1 12 16.74;
2 2 1 17.296;
2 2 2 17.296;
2 2 3 17.296;
2 2 4 17.296;
2 2 5 17.296;
2 2 6 17.296;
2 2 7 17.296;
2 2 8 17.296;
2 2 9 17.296;
2 2 10 17.296;
2 2 11 17.296;
2 2 12 17.296;
3 1 1 19.439;
3 1 2 19.439;
3 1 3 19.439;
3 1 4 19.439;
3 1 5 19.439;
3 1 6 19.439;
3 1 7 19.439;
3 1 8 19.439;
3 1 9 19.439;
3 1 10 19.439;
3 1 11 19.439;
3 1 12 19.439;
3 2 1 21.068;
3 2 2 21.068;
3 2 3 21.068;
3 2 4 21.068;
3 2 5 21.068;
3 2 6 21.068;
3 2 7 21.068;
3 2 8 21.068;
3 2 9 21.068;
3 2 10 21.068;
3 2 11 21.068;
3 2 12 21.068;
4 1 1 23.328;
4 1 2 23.328;
4 1 3 23.328;
4 1 4 23.328;
4 1 5 23.328;
4 1 6 23.328;
4 1 7 23.328;
4 1 8 23.328;
4 1 9 23.328;
4 1 10 23.328;
4 1 11 23.328;
4 1 12 23.328;
4 2 1 15.272;
4 2 2 15.272;
4 2 3 15.272;
4 2 4 15.272;
4 2 5 15.272;
4 2 6 15.272;
4 2 7 15.272;
4 2 8 15.272;
4 2 9 15.272;
4 2 10 15.272;
4 2 11 15.272;
4 2 12 15.272;
5 1 1 17.28;
5 1 2 17.28;
5 1 3 17.28;
5 1 4 17.28;
5 1 5 17.28;
5 1 6 17.28;
5 1 7 17.28;
5 1 8 17.28;
5 1 9 17.28;
5 1 10 17.28;
5 1 11 17.28;
5 1 12 17.28;
5 2 1 13.984;
5 2 2 13.984;
5 2 3 13.984;
5 2 4 13.984;
5 2 5 13.984;
5 2 6 13.984;
5 2 7 13.984;
5 2 8 13.984;
5 2 9 13.984;
5 2 10 13.984;
5 2 11 13.984;
5 2 12 13.984;
6 1 1 24.84;
6 1 2 24.84;
6 1 3 24.84;
6 1 4 24.84;
6 1 5 24.84;
6 1 6 24.84;
6 1 7 24.84;
6 1 8 24.84;
6 1 9 24.84;
6 1 10 24.84;
6 1 11 24.84;
6 1 12 24.84;
6 2 1 19.044;
6 2 2 19.044;
6 2 3 19.044;
6 2 4 19.044;
6 2 5 19.044;
6 2 6 19.044;
6 2 7 19.044;
6 2 8 19.044;
6 2 9 19.044;
6 2 10 19.044;
6 2 11 19.044;
6 2 12 19.044;
]

global c_z = [
1 1 1 1.053;
1 1 2 1.053;
1 1 3 1.053;
1 1 4 1.053;
1 1 5 1.053;
1 1 6 1.053;
1 1 7 1.053;
1 1 8 1.053;
1 1 9 1.053;
1 1 10 1.053;
1 1 11 1.053;
1 1 12 1.053;
1 2 1 0.859;
1 2 2 0.859;
1 2 3 0.859;
1 2 4 0.859;
1 2 5 0.859;
1 2 6 0.859;
1 2 7 0.859;
1 2 8 0.859;
1 2 9 0.859;
1 2 10 0.859;
1 2 11 0.859;
1 2 12 0.859;
2 1 1 0.753;
2 1 2 0.753;
2 1 3 0.753;
2 1 4 0.753;
2 1 5 0.753;
2 1 6 0.753;
2 1 7 0.753;
2 1 8 0.753;
2 1 9 0.753;
2 1 10 0.753;
2 1 11 0.753;
2 1 12 0.753;
2 2 1 0.692;
2 2 2 0.692;
2 2 3 0.692;
2 2 4 0.692;
2 2 5 0.692;
2 2 6 0.692;
2 2 7 0.692;
2 2 8 0.692;
2 2 9 0.692;
2 2 10 0.692;
2 2 11 0.692;
2 2 12 0.692;
3 1 1 0.953;
3 1 2 0.953;
3 1 3 0.953;
3 1 4 0.953;
3 1 5 0.953;
3 1 6 0.953;
3 1 7 0.953;
3 1 8 0.953;
3 1 9 0.953;
3 1 10 0.953;
3 1 11 0.953;
3 1 12 0.953;
3 2 1 0.695;
3 2 2 0.695;
3 2 3 0.695;
3 2 4 0.695;
3 2 5 0.695;
3 2 6 0.695;
3 2 7 0.695;
3 2 8 0.695;
3 2 9 0.695;
3 2 10 0.695;
3 2 11 0.695;
3 2 12 0.695;
4 1 1 1.05;
4 1 2 1.05;
4 1 3 1.05;
4 1 4 1.05;
4 1 5 1.05;
4 1 6 1.05;
4 1 7 1.05;
4 1 8 1.05;
4 1 9 1.05;
4 1 10 1.05;
4 1 11 1.05;
4 1 12 1.05;
4 2 1 0.504;
4 2 2 0.504;
4 2 3 0.504;
4 2 4 0.504;
4 2 5 0.504;
4 2 6 0.504;
4 2 7 0.504;
4 2 8 0.504;
4 2 9 0.504;
4 2 10 0.504;
4 2 11 0.504;
4 2 12 0.504;
5 1 1 0.76;
5 1 2 0.76;
5 1 3 0.76;
5 1 4 0.76;
5 1 5 0.76;
5 1 6 0.76;
5 1 7 0.76;
5 1 8 0.76;
5 1 9 0.76;
5 1 10 0.76;
5 1 11 0.76;
5 1 12 0.76;
5 2 1 0.601;
5 2 2 0.601;
5 2 3 0.601;
5 2 4 0.601;
5 2 5 0.601;
5 2 6 0.601;
5 2 7 0.601;
5 2 8 0.601;
5 2 9 0.601;
5 2 10 0.601;
5 2 11 0.601;
5 2 12 0.601;
6 1 1 1.043;
6 1 2 1.043;
6 1 3 1.043;
6 1 4 1.043;
6 1 5 1.043;
6 1 6 1.043;
6 1 7 1.043;
6 1 8 1.043;
6 1 9 1.043;
6 1 10 1.043;
6 1 11 1.043;
6 1 12 1.043;
6 2 1 0.819;
6 2 2 0.819;
6 2 3 0.819;
6 2 4 0.819;
6 2 5 0.819;
6 2 6 0.819;
6 2 7 0.819;
6 2 8 0.819;
6 2 9 0.819;
6 2 10 0.819;
6 2 11 0.819;
6 2 12 0.819;
]

global c_y = [
1 1 1 2.7;
1 1 2 2.7;
1 1 3 2.7;
1 1 4 2.7;
1 1 5 2.7;
1 1 6 2.7;
1 1 7 2.7;
1 1 8 2.7;
1 1 9 2.7;
1 1 10 2.7;
1 1 11 2.7;
1 1 12 2.7;
1 2 1 1.868;
1 2 2 1.868;
1 2 3 1.868;
1 2 4 1.868;
1 2 5 1.868;
1 2 6 1.868;
1 2 7 1.868;
1 2 8 1.868;
1 2 9 1.868;
1 2 10 1.868;
1 2 11 1.868;
1 2 12 1.868;
2 1 1 2.176;
2 1 2 2.176;
2 1 3 2.176;
2 1 4 2.176;
2 1 5 2.176;
2 1 6 2.176;
2 1 7 2.176;
2 1 8 2.176;
2 1 9 2.176;
2 1 10 2.176;
2 1 11 2.176;
2 1 12 2.176;
2 2 1 1.73;
2 2 2 1.73;
2 2 3 1.73;
2 2 4 1.73;
2 2 5 1.73;
2 2 6 1.73;
2 2 7 1.73;
2 2 8 1.73;
2 2 9 1.73;
2 2 10 1.73;
2 2 11 1.73;
2 2 12 1.73;
3 1 1 2.333;
3 1 2 2.333;
3 1 3 2.333;
3 1 4 2.333;
3 1 5 2.333;
3 1 6 2.333;
3 1 7 2.333;
3 1 8 2.333;
3 1 9 2.333;
3 1 10 2.333;
3 1 11 2.333;
3 1 12 2.333;
3 2 1 2.95;
3 2 2 2.95;
3 2 3 2.95;
3 2 4 2.95;
3 2 5 2.95;
3 2 6 2.95;
3 2 7 2.95;
3 2 8 2.95;
3 2 9 2.95;
3 2 10 2.95;
3 2 11 2.95;
3 2 12 2.95;
4 1 1 2.566;
4 1 2 2.566;
4 1 3 2.566;
4 1 4 2.566;
4 1 5 2.566;
4 1 6 2.566;
4 1 7 2.566;
4 1 8 2.566;
4 1 9 2.566;
4 1 10 2.566;
4 1 11 2.566;
4 1 12 2.566;
4 2 1 2.138;
4 2 2 2.138;
4 2 3 2.138;
4 2 4 2.138;
4 2 5 2.138;
4 2 6 2.138;
4 2 7 2.138;
4 2 8 2.138;
4 2 9 2.138;
4 2 10 2.138;
4 2 11 2.138;
4 2 12 2.138;
5 1 1 2.419;
5 1 2 2.419;
5 1 3 2.419;
5 1 4 2.419;
5 1 5 2.419;
5 1 6 2.419;
5 1 7 2.419;
5 1 8 2.419;
5 1 9 2.419;
5 1 10 2.419;
5 1 11 2.419;
5 1 12 2.419;
5 2 1 1.538;
5 2 2 1.538;
5 2 3 1.538;
5 2 4 1.538;
5 2 5 1.538;
5 2 6 1.538;
5 2 7 1.538;
5 2 8 1.538;
5 2 9 1.538;
5 2 10 1.538;
5 2 11 1.538;
5 2 12 1.538;
6 1 1 3.229;
6 1 2 3.229;
6 1 3 3.229;
6 1 4 3.229;
6 1 5 3.229;
6 1 6 3.229;
6 1 7 3.229;
6 1 8 3.229;
6 1 9 3.229;
6 1 10 3.229;
6 1 11 3.229;
6 1 12 3.229;
6 2 1 2.285;
6 2 2 2.285;
6 2 3 2.285;
6 2 4 2.285;
6 2 5 2.285;
6 2 6 2.285;
6 2 7 2.285;
6 2 8 2.285;
6 2 9 2.285;
6 2 10 2.285;
6 2 11 2.285;
6 2 12 2.285;
]

global c_sc = [
1 1 1 0.13;
1 1 2 0.13;
1 1 3 0.13;
1 1 4 0.13;
1 1 5 0.13;
1 1 6 0.13;
1 1 7 0.13;
1 1 8 0.13;
1 1 9 0.13;
1 1 10 0.13;
1 1 11 0.13;
1 1 12 0.13;
1 2 1 0.069;
1 2 2 0.069;
1 2 3 0.069;
1 2 4 0.069;
1 2 5 0.069;
1 2 6 0.069;
1 2 7 0.069;
1 2 8 0.069;
1 2 9 0.069;
1 2 10 0.069;
1 2 11 0.069;
1 2 12 0.069;
2 1 1 0.096;
2 1 2 0.096;
2 1 3 0.096;
2 1 4 0.096;
2 1 5 0.096;
2 1 6 0.096;
2 1 7 0.096;
2 1 8 0.096;
2 1 9 0.096;
2 1 10 0.096;
2 1 11 0.096;
2 1 12 0.096;
2 2 1 0.083;
2 2 2 0.083;
2 2 3 0.083;
2 2 4 0.083;
2 2 5 0.083;
2 2 6 0.083;
2 2 7 0.083;
2 2 8 0.083;
2 2 9 0.083;
2 2 10 0.083;
2 2 11 0.083;
2 2 12 0.083;
3 1 1 0.114;
3 1 2 0.114;
3 1 3 0.114;
3 1 4 0.114;
3 1 5 0.114;
3 1 6 0.114;
3 1 7 0.114;
3 1 8 0.114;
3 1 9 0.114;
3 1 10 0.114;
3 1 11 0.114;
3 1 12 0.114;
3 2 1 0.1;
3 2 2 0.1;
3 2 3 0.1;
3 2 4 0.1;
3 2 5 0.1;
3 2 6 0.1;
3 2 7 0.1;
3 2 8 0.1;
3 2 9 0.1;
3 2 10 0.1;
3 2 11 0.1;
3 2 12 0.1;
4 1 1 0.1;
4 1 2 0.1;
4 1 3 0.1;
4 1 4 0.1;
4 1 5 0.1;
4 1 6 0.1;
4 1 7 0.1;
4 1 8 0.1;
4 1 9 0.1;
4 1 10 0.1;
4 1 11 0.1;
4 1 12 0.1;
4 2 1 0.107;
4 2 2 0.107;
4 2 3 0.107;
4 2 4 0.107;
4 2 5 0.107;
4 2 6 0.107;
4 2 7 0.107;
4 2 8 0.107;
4 2 9 0.107;
4 2 10 0.107;
4 2 11 0.107;
4 2 12 0.107;
5 1 1 0.097;
5 1 2 0.097;
5 1 3 0.097;
5 1 4 0.097;
5 1 5 0.097;
5 1 6 0.097;
5 1 7 0.097;
5 1 8 0.097;
5 1 9 0.097;
5 1 10 0.097;
5 1 11 0.097;
5 1 12 0.097;
5 2 1 0.075;
5 2 2 0.075;
5 2 3 0.075;
5 2 4 0.075;
5 2 5 0.075;
5 2 6 0.075;
5 2 7 0.075;
5 2 8 0.075;
5 2 9 0.075;
5 2 10 0.075;
5 2 11 0.075;
5 2 12 0.075;
6 1 1 0.097;
6 1 2 0.097;
6 1 3 0.097;
6 1 4 0.097;
6 1 5 0.097;
6 1 6 0.097;
6 1 7 0.097;
6 1 8 0.097;
6 1 9 0.097;
6 1 10 0.097;
6 1 11 0.097;
6 1 12 0.097;
6 2 1 0.107;
6 2 2 0.107;
6 2 3 0.107;
6 2 4 0.107;
6 2 5 0.107;
6 2 6 0.107;
6 2 7 0.107;
6 2 8 0.107;
6 2 9 0.107;
6 2 10 0.107;
6 2 11 0.107;
6 2 12 0.107;
]

global c_w = [
1 1 1 0.675;
1 1 2 0.675;
1 1 3 0.675;
1 1 4 0.675;
1 1 5 0.675;
1 1 6 0.675;
1 1 7 0.675;
1 1 8 0.675;
1 1 9 0.675;
1 1 10 0.675;
1 1 11 0.675;
1 1 12 0.675;
1 2 1 0.56;
1 2 2 0.56;
1 2 3 0.56;
1 2 4 0.56;
1 2 5 0.56;
1 2 6 0.56;
1 2 7 0.56;
1 2 8 0.56;
1 2 9 0.56;
1 2 10 0.56;
1 2 11 0.56;
1 2 12 0.56;
2 1 1 0.368;
2 1 2 0.368;
2 1 3 0.368;
2 1 4 0.368;
2 1 5 0.368;
2 1 6 0.368;
2 1 7 0.368;
2 1 8 0.368;
2 1 9 0.368;
2 1 10 0.368;
2 1 11 0.368;
2 1 12 0.368;
2 2 1 0.415;
2 2 2 0.415;
2 2 3 0.415;
2 2 4 0.415;
2 2 5 0.415;
2 2 6 0.415;
2 2 7 0.415;
2 2 8 0.415;
2 2 9 0.415;
2 2 10 0.415;
2 2 11 0.415;
2 2 12 0.415;
3 1 1 0.583;
3 1 2 0.583;
3 1 3 0.583;
3 1 4 0.583;
3 1 5 0.583;
3 1 6 0.583;
3 1 7 0.583;
3 1 8 0.583;
3 1 9 0.583;
3 1 10 0.583;
3 1 11 0.583;
3 1 12 0.583;
3 2 1 0.358;
3 2 2 0.358;
3 2 3 0.358;
3 2 4 0.358;
3 2 5 0.358;
3 2 6 0.358;
3 2 7 0.358;
3 2 8 0.358;
3 2 9 0.358;
3 2 10 0.358;
3 2 11 0.358;
3 2 12 0.358;
4 1 1 0.607;
4 1 2 0.607;
4 1 3 0.607;
4 1 4 0.607;
4 1 5 0.607;
4 1 6 0.607;
4 1 7 0.607;
4 1 8 0.607;
4 1 9 0.607;
4 1 10 0.607;
4 1 11 0.607;
4 1 12 0.607;
4 2 1 0.244;
4 2 2 0.244;
4 2 3 0.244;
4 2 4 0.244;
4 2 5 0.244;
4 2 6 0.244;
4 2 7 0.244;
4 2 8 0.244;
4 2 9 0.244;
4 2 10 0.244;
4 2 11 0.244;
4 2 12 0.244;
5 1 1 0.467;
5 1 2 0.467;
5 1 3 0.467;
5 1 4 0.467;
5 1 5 0.467;
5 1 6 0.467;
5 1 7 0.467;
5 1 8 0.467;
5 1 9 0.467;
5 1 10 0.467;
5 1 11 0.467;
5 1 12 0.467;
5 2 1 0.21;
5 2 2 0.21;
5 2 3 0.21;
5 2 4 0.21;
5 2 5 0.21;
5 2 6 0.21;
5 2 7 0.21;
5 2 8 0.21;
5 2 9 0.21;
5 2 10 0.21;
5 2 11 0.21;
5 2 12 0.21;
6 1 1 0.497;
6 1 2 0.497;
6 1 3 0.497;
6 1 4 0.497;
6 1 5 0.497;
6 1 6 0.497;
6 1 7 0.497;
6 1 8 0.497;
6 1 9 0.497;
6 1 10 0.497;
6 1 11 0.497;
6 1 12 0.497;
6 2 1 0.209;
6 2 2 0.209;
6 2 3 0.209;
6 2 4 0.209;
6 2 5 0.209;
6 2 6 0.209;
6 2 7 0.209;
6 2 8 0.209;
6 2 9 0.209;
6 2 10 0.209;
6 2 11 0.209;
6 2 12 0.209;
]

global c_e = [
1 1 1 0.05399443561208267;
1 1 2 0.05767587440381558;
1 1 3 0.050312996820349766;
1 1 4 0.0527672893481717;
1 1 5 0.05767587440381558;
1 1 6 0.06749304451510335;
1 1 7 0.07240162957074722;
1 1 8 0.06258445945945947;
1 1 9 0.05399443561208267;
1 1 10 0.06258445945945947;
1 1 11 0.051540143084260734;
1 1 12 0.06381160572337043;
1 2 1 0.03967905405405405;
1 2 2 0.031120826709062;
1 2 3 0.03656697138314785;
1 2 4 0.043569157392686804;
1 2 5 0.040457074721780596;
1 2 6 0.0326768680445151;
1 2 7 0.031898847376788546;
1 2 8 0.046681240063593;
1 2 9 0.031898847376788546;
1 2 10 0.046681240063593;
1 2 11 0.031898847376788546;
1 2 12 0.031120826709062;
1 3 1 0.053295906200317954;
1 3 2 0.05516593799682035;
1 3 3 0.05142587440381558;
1 3 4 0.05423092209856915;
1 3 5 0.04114069952305246;
1 3 6 0.05142587440381558;
1 3 7 0.05610095389507153;
1 3 8 0.03740063593004769;
1 3 9 0.05049085850556438;
1 3 10 0.048620826709061996;
1 3 11 0.04207571542130365;
1 3 12 0.04114069952305246;
1 4 1 0.0481985294117647;
1 4 2 0.03551470588235294;
1 4 3 0.04904411764705882;
1 4 4 0.0380514705882353;
1 4 5 0.04397058823529412;
1 4 6 0.04904411764705882;
1 4 7 0.04988970588235295;
1 4 8 0.04397058823529412;
1 4 9 0.050735294117647066;
1 4 10 0.038897058823529417;
1 4 11 0.04988970588235295;
1 4 12 0.038897058823529417;
1 5 1 0.030943958664546904;
1 5 2 0.030271263910969796;
1 5 3 0.03632551669316376;
1 5 4 0.03968899046104929;
1 5 5 0.03161665341812401;
1 5 6 0.035652821939586646;
1 5 7 0.040361685214626394;
1 5 8 0.034307432432432436;
1 5 9 0.037670906200317975;
1 5 10 0.028925874403815582;
1 5 11 0.02758048489666137;
1 5 12 0.026907790143084264;
1 6 1 0.03156796502384738;
1 6 2 0.03226947535771065;
1 6 3 0.03928457869634341;
1 6 4 0.03928457869634341;
1 6 5 0.03156796502384738;
1 6 6 0.028060413354531;
1 6 7 0.028761923688394277;
1 6 8 0.028761923688394277;
1 6 9 0.030866454689984103;
1 6 10 0.037180047694753575;
1 6 11 0.041389109697933225;
1 6 12 0.041389109697933225;
2 1 1 0.055933326709062;
2 1 2 0.0741441772655008;
2 1 3 0.05203100158982513;
2 1 4 0.07024185214626391;
2 1 5 0.058534876788553264;
2 1 6 0.057234101748807636;
2 1 7 0.07674572734499205;
2 1 8 0.07284340222575518;
2 1 9 0.05333177662957075;
2 1 10 0.06764030206677266;
2 1 11 0.07544495230524642;
2 1 12 0.054632551669316375;
2 2 1 0.04535860492845787;
2 2 2 0.04535860492845787;
2 2 3 0.04948211446740857;
2 2 4 0.04618330683624801;
2 2 5 0.033812778219395864;
2 2 6 0.04865741255961843;
2 2 7 0.034637480127186;
2 2 8 0.04865741255961843;
2 2 9 0.04535860492845787;
2 2 10 0.042059797297297294;
2 2 11 0.042059797297297294;
2 2 12 0.042059797297297294;
2 3 1 0.059467011128775824;
2 3 2 0.05153807631160572;
2 3 3 0.05054695945945946;
2 3 4 0.05649366057233703;
2 3 5 0.057484777424483297;
2 3 6 0.04559137519872814;
2 3 7 0.041626907790143074;
2 3 8 0.03964467408585056;
2 3 9 0.041626907790143074;
2 3 10 0.041626907790143074;
2 3 11 0.05451142686804451;
2 3 12 0.05451142686804451;
2 4 1 0.03854191176470589;
2 4 2 0.035852941176470594;
2 4 3 0.05198676470588236;
2 4 4 0.04660882352941177;
2 4 5 0.04391985294117647;
2 4 6 0.0457125;
2 4 7 0.047505147058823534;
2 4 8 0.049297794117647065;
2 4 9 0.050194117647058833;
2 4 10 0.04033455882352942;
2 4 11 0.05198676470588236;
2 4 12 0.04212720588235295;
2 5 1 0.03208753974562799;
2 5 2 0.03351365262321145;
2 5 3 0.03636587837837838;
2 5 4 0.03137448330683625;
2 5 5 0.03280059618441972;
2 5 6 0.03993116057233705;
2 5 7 0.042070329888712246;
2 5 8 0.042070329888712246;
2 5 9 0.02994837042925278;
2 5 10 0.03208753974562799;
2 5 11 0.03921810413354532;
2 5 12 0.02994837042925278;
2 6 1 0.0342056438791733;
2 6 2 0.04238525437201907;
2 6 3 0.039410850556438795;
2 6 4 0.037180047694753575;
2 6 5 0.03494924483306836;
2 6 6 0.040154451510333866;
2 6 7 0.03271844197138315;
2 6 8 0.04387245627980922;
2 6 9 0.038667249602543724;
2 6 10 0.030487639109697935;
2 6 11 0.037180047694753575;
2 6 12 0.04312885532591415;
3 1 1 0.078193759936407;
3 1 2 0.06759121621621622;
3 1 3 0.06494058028616853;
3 1 4 0.078193759936407;
3 1 5 0.06759121621621622;
3 1 6 0.07421780604133546;
3 1 7 0.07951907790143084;
3 1 8 0.054338036565977736;
3 1 9 0.078193759936407;
3 1 10 0.07951907790143084;
3 1 11 0.05831399046104929;
3 1 12 0.07686844197138314;
3 2 1 0.03361049284578696;
3 2 2 0.044533903020667724;
3 2 3 0.0453741653418124;
3 2 4 0.047894952305246416;
3 2 5 0.04033259141494435;
3 2 6 0.03529101748807631;
3 2 7 0.048735214626391084;
3 2 8 0.04369364069952305;
3 2 9 0.03781180445151033;
3 2 10 0.04369364069952305;
3 2 11 0.0420131160572337;
3 2 12 0.05041573926868043;
3 3 1 0.05654976152623211;
3 3 2 0.04443195548489666;
3 3 3 0.04241232114467408;
3 3 4 0.04241232114467408;
3 3 5 0.05352031001589825;
3 3 6 0.05150067567567567;
3 3 7 0.05352031001589825;
3 3 8 0.05251049284578696;
3 3 9 0.0494810413354531;
3 3 10 0.05049085850556438;
3 3 11 0.04241232114467408;
3 3 12 0.05957921303656597;
3 4 1 0.04292205882352942;
3 4 2 0.03652941176470589;
3 4 3 0.037442647058823525;
3 4 4 0.0484014705882353;
3 4 5 0.04748823529411766;
3 4 6 0.05388088235294118;
3 4 7 0.04748823529411766;
3 4 8 0.03835588235294118;
3 4 9 0.04383529411764706;
3 4 10 0.051141176470588245;
3 4 11 0.04109558823529412;
3 4 12 0.054794117647058826;
3 5 1 0.040684578696343406;
3 5 2 0.03123994435612083;
3 5 3 0.040684578696343406;
3 5 4 0.037778537360890305;
3 5 5 0.03923155802861686;
3 5 6 0.037778537360890305;
3 5 7 0.037778537360890305;
3 5 8 0.03123994435612083;
3 5 9 0.04286410969793323;
3 5 10 0.034872496025437204;
3 5 11 0.03341947535771066;
3 5 12 0.03559900635930048;
3 6 1 0.031062877583465816;
3 6 2 0.04470023847376788;
3 6 3 0.034093402225755166;
3 6 4 0.0348510333863275;
3 6 5 0.04242734499205088;
3 6 6 0.03333577106518283;
3 6 7 0.034093402225755166;
3 6 8 0.031062877583465816;
3 6 9 0.040154451510333866;
3 6 10 0.03712392686804452;
3 6 11 0.04166971383147854;
3 6 12 0.04394260731319555;
4 1 1 0.09895707472178063;
4 1 2 0.07775198728139905;
4 1 3 0.09012162162162161;
4 1 4 0.09012162162162161;
4 1 5 0.09542289348171702;
4 1 6 0.09012162162162161;
4 1 7 0.09895707472178063;
4 1 8 0.08482034976152623;
4 1 9 0.09012162162162161;
4 1 10 0.09895707472178063;
4 1 11 0.07068362480127187;
4 1 12 0.09365580286168522;
4 2 1 0.05713783783783783;
4 2 2 0.052656438791732894;
4 2 3 0.06610063593004768;
4 2 4 0.04929538950715421;
4 2 5 0.05489713831478537;
4 2 6 0.05041573926868043;
4 2 7 0.05825818759936406;
4 2 8 0.06049888712241653;
4 2 9 0.06049888712241653;
4 2 10 0.05713783783783783;
4 2 11 0.05153608903020668;
4 2 12 0.052656438791732894;
4 3 1 0.07809252782193958;
4 3 2 0.06866756756756756;
4 3 3 0.06328187599364068;
4 3 4 0.060589030206677254;
4 3 5 0.05924260731319554;
4 3 6 0.07405325914149442;
4 3 7 0.07405325914149442;
4 3 8 0.05924260731319554;
4 3 9 0.07405325914149442;
4 3 10 0.05789618441971383;
4 3 11 0.080785373608903;
4 3 12 0.071360413354531;
4 4 1 0.0621;
4 4 2 0.059664705882352946;
4 4 3 0.05844705882352942;
4 4 4 0.06940588235294118;
4 4 5 0.056011764705882365;
4 4 6 0.06088235294117648;
4 4 7 0.054794117647058826;
4 4 8 0.05722941176470588;
4 4 9 0.04870588235294118;
4 4 10 0.04992352941176471;
4 4 11 0.0621;
4 4 12 0.07062352941176471;
4 5 1 0.05134006359300478;
4 5 2 0.058120826709062004;
4 5 3 0.043590620031796506;
4 5 4 0.04649666136724961;
4 5 5 0.05327742448330684;
4 5 6 0.04746534181240064;
4 5 7 0.03874721780604134;
4 5 8 0.04455930047694755;
4 5 9 0.05327742448330684;
4 5 10 0.04746534181240064;
4 5 11 0.04455930047694755;
4 5 12 0.043590620031796506;
4 6 1 0.04747821939586645;
4 6 2 0.04949856915739269;
4 6 3 0.060610492845786956;
4 6 4 0.052529093799682035;
4 6 5 0.05859014308426073;
4 6 6 0.05757996820349762;
4 6 7 0.04242734499205087;
4 6 8 0.05353926868044516;
4 6 9 0.04848839427662958;
4 6 10 0.052529093799682035;
4 6 11 0.043437519872813996;
4 6 12 0.050508744038155806;
5 1 1 0.09080882352941176;
5 1 2 0.10170588235294119;
5 1 3 0.07627941176470587;
5 1 4 0.10533823529411764;
5 1 5 0.09625735294117647;
5 1 6 0.09807352941176471;
5 1 7 0.10533823529411764;
5 1 8 0.07991176470588236;
5 1 9 0.08899264705882352;
5 1 10 0.07627941176470587;
5 1 11 0.08536029411764706;
5 1 12 0.0817279411764706;
5 2 1 0.06563382352941176;
5 2 2 0.05411911764705882;
5 2 3 0.06333088235294117;
5 2 4 0.061027941176470576;
5 2 5 0.06563382352941176;
5 2 6 0.051816176470588234;
5 2 7 0.06793676470588234;
5 2 8 0.06448235294117646;
5 2 9 0.04605882352941176;
5 2 10 0.05872499999999999;
5 2 11 0.06217941176470588;
5 2 12 0.06908823529411763;
5 3 1 0.08302941176470587;
5 3 2 0.06503970588235293;
5 3 3 0.08026176470588234;
5 3 4 0.055352941176470584;
5 3 5 0.08026176470588234;
5 3 6 0.07195882352941177;
5 3 7 0.07472647058823528;
5 3 8 0.07334264705882351;
5 3 9 0.07334264705882351;
5 3 10 0.06642352941176469;
5 3 11 0.07334264705882351;
5 3 12 0.08164558823529411;
5 4 1 0.06257352941176471;
5 4 2 0.052561764705882356;
5 4 3 0.063825;
5 4 4 0.06007058823529412;
5 4 5 0.057567647058823536;
5 4 6 0.057567647058823536;
5 4 7 0.0650764705882353;
5 4 8 0.06132205882352942;
5 4 9 0.053813235294117655;
5 4 10 0.07508823529411765;
5 4 11 0.057567647058823536;
5 4 12 0.05881911764705883;
5 5 1 0.05475735294117648;
5 5 2 0.042810294117647064;
5 5 3 0.046792647058823536;
5 5 4 0.042810294117647064;
5 5 5 0.03982352941176471;
5 5 6 0.042810294117647064;
5 5 7 0.049779411764705885;
5 5 8 0.05475735294117648;
5 5 9 0.05276617647058824;
5 5 10 0.05276617647058824;
5 5 11 0.0557529411764706;
5 5 12 0.040819117647058825;
5 6 1 0.049835294117647054;
5 6 2 0.046720588235294125;
5 6 3 0.048797058823529416;
5 6 4 0.052950000000000004;
5 6 5 0.05917941176470588;
5 6 6 0.053988235294117656;
5 6 7 0.04775882352941176;
5 6 8 0.048797058823529416;
5 6 9 0.049835294117647054;
5 6 10 0.041529411764705884;
5 6 11 0.043605882352941175;
5 6 12 0.05606470588235294;
6 1 1 0.10393928855325915;
6 1 2 0.09071065182829889;
6 1 3 0.09071065182829889;
6 1 4 0.11149850953895071;
6 1 5 0.0850412360890302;
6 1 6 0.10771889904610492;
6 1 7 0.09638006756756758;
6 1 8 0.09638006756756758;
6 1 9 0.08315143084260732;
6 1 10 0.07937182034976152;
6 1 11 0.10960870429252782;
6 1 12 0.09826987281399047;
6 2 1 0.06829465421303654;
6 2 2 0.06829465421303654;
6 2 3 0.05870943958664546;
6 2 4 0.057511287758346574;
6 2 5 0.06110574324324324;
6 2 6 0.05152052861685214;
6 2 7 0.06589835055643878;
6 2 8 0.06110574324324324;
6 2 9 0.07188910969793322;
6 2 10 0.06829465421303654;
6 2 11 0.05870943958664546;
6 2 12 0.06470019872813991;
6 3 1 0.06335667726550079;
6 3 2 0.07631599761526232;
6 3 3 0.08495554451510333;
6 3 4 0.06767645071542129;
6 3 5 0.08495554451510333;
6 3 6 0.08639546899841016;
6 3 7 0.06335667726550079;
6 3 8 0.05903690381558027;
6 3 9 0.08351562003179648;
6 3 10 0.060476828298887106;
6 3 11 0.07199622416534181;
6 3 12 0.06623652623211446;
6 4 1 0.07292352941176472;
6 4 2 0.07292352941176472;
6 4 3 0.05208823529411765;
6 4 4 0.05859926470588236;
6 4 5 0.06380808823529412;
6 4 6 0.07422573529411765;
6 4 7 0.053390441176470585;
6 4 8 0.07683014705882353;
6 4 9 0.06250588235294119;
6 4 10 0.06380808823529412;
6 4 11 0.06380808823529412;
6 4 12 0.061203676470588234;
6 5 1 0.05386939586645469;
6 5 2 0.05490534578696344;
6 5 3 0.044545846581876;
6 5 4 0.04350989666136725;
6 5 5 0.051797496025437206;
6 5 6 0.05386939586645469;
6 5 7 0.04765369634340223;
6 5 8 0.04972559618441972;
6 5 9 0.046617746422893486;
6 5 10 0.051797496025437206;
6 5 11 0.05490534578696344;
6 5 12 0.04868964626391097;
6 6 1 0.05401629570747218;
6 6 2 0.05401629570747218;
6 6 3 0.059417925278219395;
6 6 4 0.06373922893481718;
6 6 5 0.056176947535771064;
6 6 6 0.059417925278219395;
6 6 7 0.044293362480127184;
6 6 8 0.059417925278219395;
6 6 9 0.04969499205087441;
6 6 10 0.050775317965023846;
6 6 11 0.06265890302066772;
6 6 12 0.061578577106518276;
7 1 1 0.11294654213036565;
7 1 2 0.07657392686804453;
7 1 3 0.0880600158982512;
7 1 4 0.10528914944356123;
7 1 5 0.10720349761526234;
7 1 6 0.0880600158982512;
7 1 7 0.08423131955484897;
7 1 8 0.09380306041335452;
7 1 9 0.09380306041335452;
7 1 10 0.09380306041335452;
7 1 11 0.08423131955484897;
7 1 12 0.11294654213036565;
7 2 1 0.049762201907790134;
7 2 2 0.07282273449920508;
7 2 3 0.07039531001589823;
7 2 4 0.054617050874403814;
7 2 5 0.06432674880763116;
7 2 6 0.07282273449920508;
7 2 7 0.054617050874403814;
7 2 8 0.05583076311605723;
7 2 9 0.04854848966613672;
7 2 10 0.061899324324324316;
7 2 11 0.06554046104928457;
7 2 12 0.05825818759936406;
7 3 1 0.06272086645468998;
7 3 2 0.08168298887122417;
7 3 3 0.08605886327503973;
7 3 4 0.08605886327503973;
7 3 5 0.08460023847376787;
7 3 6 0.06272086645468998;
7 3 7 0.06272086645468998;
7 3 8 0.06709674085850556;
7 3 9 0.08460023847376787;
7 3 10 0.08168298887122417;
7 3 11 0.05980361685214625;
7 3 12 0.08168298887122417;
7 4 1 0.05276470588235295;
7 4 2 0.05408382352941177;
7 4 3 0.05276470588235295;
7 4 4 0.06991323529411766;
7 4 5 0.05540294117647059;
7 4 6 0.05540294117647059;
7 4 7 0.07123235294117648;
7 4 8 0.07914705882352942;
7 4 9 0.07123235294117648;
7 4 10 0.07255147058823531;
7 4 11 0.067275;
7 4 12 0.07650882352941177;
7 5 1 0.05142078696343402;
7 5 2 0.055618402225755176;
7 5 3 0.06296422893481717;
7 5 4 0.04827257551669317;
7 5 5 0.046173767885532596;
7 5 6 0.04302555643879173;
7 5 7 0.056667806041335464;
7 5 8 0.05981601748807631;
7 5 9 0.056667806041335464;
7 5 10 0.04512436406995231;
7 5 11 0.04197615262321146;
7 5 12 0.05876661367249604;
7 6 1 0.045962957074721776;
7 6 2 0.055812162162162164;
7 6 3 0.06018958664546901;
7 6 4 0.06566136724960255;
7 6 5 0.05143473767885532;
7 6 6 0.06018958664546901;
7 6 7 0.045962957074721776;
7 6 8 0.0481516693163752;
7 6 9 0.05143473767885532;
7 6 10 0.06566136724960255;
7 6 11 0.05471780604133546;
7 6 12 0.04924602543720191;
8 1 1 0.10406200317965025;
8 1 2 0.08835453100158983;
8 1 3 0.09620826709062004;
8 1 4 0.113879173290938;
8 1 5 0.09817170111287758;
8 1 6 0.08246422893481718;
8 1 7 0.10798887122416534;
8 1 8 0.08835453100158983;
8 1 9 0.11191573926868044;
8 1 10 0.10406200317965025;
8 1 11 0.11191573926868044;
8 1 12 0.11780604133545311;
8 2 1 0.0684658187599364;
8 2 2 0.060996820349761526;
8 2 3 0.06722098569157392;
8 2 4 0.07095548489666136;
8 2 5 0.07468998410174879;
8 2 6 0.059751987281399035;
8 2 7 0.07344515103338631;
8 2 8 0.07344515103338631;
8 2 9 0.06473131955484895;
8 2 10 0.059751987281399035;
8 2 11 0.05726232114467408;
8 2 12 0.060996820349761526;
8 3 1 0.06432909379968202;
8 3 2 0.07031319554848965;
8 3 3 0.07928934817170112;
8 3 4 0.06432909379968202;
8 3 5 0.08527344992050873;
8 3 6 0.08078537360890302;
8 3 7 0.07928934817170112;
8 3 8 0.08377742448330683;
8 3 9 0.08527344992050873;
8 3 10 0.07480127186009539;
8 3 11 0.08377742448330683;
8 3 12 0.07330524642289347;
8 4 1 0.07576470588235296;
8 4 2 0.06358823529411764;
8 4 3 0.06358823529411764;
8 4 4 0.07847058823529413;
8 4 5 0.07576470588235296;
8 4 6 0.06088235294117648;
8 4 7 0.058176470588235295;
8 4 8 0.07576470588235296;
8 4 9 0.07035294117647059;
8 4 10 0.07170588235294119;
8 4 11 0.07576470588235296;
8 4 12 0.058176470588235295;
8 5 1 0.04305246422893482;
8 5 2 0.05919713831478538;
8 5 3 0.05704451510333865;
8 5 4 0.05273926868044516;
8 5 5 0.05381558028616853;
8 5 6 0.05166295707472179;
8 5 7 0.06134976152623211;
8 5 8 0.06242607313195549;
8 5 9 0.05919713831478538;
8 5 10 0.05273926868044516;
8 5 11 0.04305246422893482;
8 5 12 0.06350238473767886;
8 6 1 0.06061049284578697;
8 6 2 0.05163116057233705;
8 6 3 0.050508744038155806;
8 6 4 0.050508744038155806;
8 6 5 0.06397774244833068;
8 6 6 0.0448966613672496;
8 6 7 0.050508744038155806;
8 6 8 0.05724324324324324;
8 6 9 0.050508744038155806;
8 6 10 0.06397774244833068;
8 6 11 0.0448966613672496;
8 6 12 0.056120826709062;
9 1 1 0.10847972972972975;
9 1 2 0.09387668918918919;
9 1 3 0.12308277027027027;
9 1 4 0.11682432432432432;
9 1 5 0.12099662162162161;
9 1 6 0.09179054054054053;
9 1 7 0.10222128378378378;
9 1 8 0.08970439189189189;
9 1 9 0.11265202702702705;
9 1 10 0.10013513513513513;
9 1 11 0.11891047297297297;
9 1 12 0.08761824324324323;
9 2 1 0.0529054054054054;
9 2 2 0.07406756756756756;
9 2 3 0.06480912162162161;
9 2 4 0.07274493243243244;
9 2 5 0.06348648648648647;
9 2 6 0.0568733108108108;
9 2 7 0.07274493243243244;
9 2 8 0.05819594594594594;
9 2 9 0.05555067567567566;
9 2 10 0.07671283783783782;
9 2 11 0.05819594594594594;
9 2 12 0.0714222972972973;
9 3 1 0.06834966216216215;
9 3 2 0.06993918918918918;
9 3 3 0.09378209459459458;
9 3 4 0.09060304054054052;
9 3 5 0.07311824324324324;
9 3 6 0.07311824324324324;
9 3 7 0.06834966216216215;
9 3 8 0.09378209459459458;
9 3 9 0.06358108108108107;
9 3 10 0.08901351351351351;
9 3 11 0.0715287162162162;
9 3 12 0.06358108108108107;
9 4 1 0.069;
9 4 2 0.0618125;
9 4 3 0.069;
9 4 4 0.069;
9 4 5 0.060375;
9 4 6 0.0575;
9 4 7 0.06468750000000001;
9 4 8 0.05893750000000001;
9 4 9 0.066125;
9 4 10 0.066125;
9 4 11 0.07475000000000001;
9 4 12 0.07475000000000001;
9 5 1 0.06060979729729731;
9 5 2 0.056035472972972976;
9 5 3 0.06175337837837839;
9 5 4 0.05489189189189189;
9 5 5 0.06289695945945947;
9 5 6 0.06175337837837839;
9 5 7 0.05489189189189189;
9 5 8 0.04574324324324325;
9 5 9 0.0674712837837838;
9 5 10 0.05489189189189189;
9 5 11 0.0480304054054054;
9 5 12 0.05031756756756757;
9 6 1 0.05843581081081081;
9 6 2 0.05008783783783783;
9 6 3 0.05247297297297297;
9 6 4 0.06439864864864865;
9 6 5 0.07036148648648649;
9 6 6 0.07155405405405406;
9 6 7 0.06916891891891891;
9 6 8 0.07036148648648649;
9 6 9 0.05724324324324324;
9 6 10 0.048895270270270276;
9 6 11 0.07155405405405406;
9 6 12 0.05366554054054054;
10 1 1 0.11819872813990462;
10 1 2 0.1139773449920509;
10 1 3 0.08442766295707473;
10 1 4 0.11186665341812402;
10 1 5 0.10764527027027027;
10 1 6 0.12242011128775834;
10 1 7 0.12030941971383147;
10 1 8 0.11819872813990462;
10 1 9 0.09709181240063594;
10 1 10 0.11608803656597776;
10 1 11 0.09709181240063594;
10 1 12 0.12030941971383147;
10 2 1 0.053527821939586634;
10 2 2 0.05888060413354531;
10 2 3 0.07360075516693164;
10 2 4 0.05620421303656597;
10 2 5 0.07895353736089028;
10 2 6 0.06289519077901429;
10 2 7 0.0709243640699523;
10 2 8 0.05754240858505563;
10 2 9 0.06824797297297297;
10 2 10 0.07895353736089028;
10 2 11 0.0749389507154213;
10 2 12 0.06423338632750397;
10 3 1 0.07237023052464228;
10 3 2 0.09006073131955485;
10 3 3 0.09327718600953894;
10 3 4 0.06915377583465818;
10 3 5 0.08684427662957074;
10 3 6 0.07076200317965024;
10 3 7 0.09006073131955485;
10 3 8 0.09006073131955485;
10 3 9 0.08041136724960253;
10 3 10 0.07076200317965024;
10 3 11 0.07237023052464228;
10 3 12 0.08362782193958664;
10 4 1 0.06108529411764706;
10 4 2 0.074175;
10 4 3 0.07126617647058825;
10 4 4 0.06108529411764706;
10 4 5 0.08581029411764705;
10 4 6 0.074175;
10 4 7 0.08581029411764705;
10 4 8 0.07999264705882354;
10 4 9 0.06544852941176471;
10 4 10 0.074175;
10 4 11 0.08726470588235295;
10 4 12 0.06108529411764706;
10 5 1 0.062479888712241666;
10 5 2 0.04859546899841018;
10 5 3 0.06479395866454692;
10 5 4 0.05900878378378379;
10 5 5 0.06016581875993641;
10 5 6 0.06595099364069952;
10 5 7 0.06595099364069952;
10 5 8 0.06826506359300477;
10 5 9 0.05900878378378379;
10 5 10 0.06826506359300477;
10 5 11 0.056694713831478546;
10 5 12 0.05900878378378379;
10 6 1 0.0699826709062003;
10 6 2 0.05912329093799682;
10 6 3 0.04826391096979332;
10 6 4 0.05188370429252782;
10 6 5 0.05188370429252782;
10 6 6 0.07118926868044514;
10 6 7 0.055503497615262326;
10 6 8 0.05912329093799682;
10 6 9 0.05791669316375199;
10 6 10 0.06394968203497615;
10 6 11 0.055503497615262326;
10 6 12 0.0699826709062003;
11 1 1 0.09660095389507155;
11 1 2 0.13901112877583466;
11 1 3 0.11309379968203498;
11 1 4 0.13194276629570748;
11 1 5 0.13901112877583466;
11 1 6 0.11780604133545311;
11 1 7 0.0942448330683625;
11 1 8 0.0942448330683625;
11 1 9 0.12723052464228937;
11 1 10 0.12958664546899842;
11 1 11 0.10838155802861686;
11 1 12 0.12251828298887123;
11 2 1 0.06572718600953895;
11 2 2 0.07767758346581875;
11 2 3 0.06423338632750397;
11 2 4 0.06273958664546898;
11 2 5 0.07170238473767884;
11 2 6 0.07020858505564387;
11 2 7 0.06423338632750397;
11 2 8 0.07767758346581875;
11 2 9 0.08365278219395866;
11 2 10 0.06572718600953895;
11 2 11 0.06572718600953895;
11 2 12 0.07468998410174879;
11 3 1 0.08796629570747216;
11 3 2 0.10232813990461048;
11 3 3 0.10591860095389506;
11 3 4 0.08617106518282988;
11 3 5 0.09514721780604132;
11 3 6 0.10771383147853734;
11 3 7 0.08617106518282988;
11 3 8 0.0825806041335453;
11 3 9 0.07180922098569158;
11 3 10 0.09514721780604132;
11 3 11 0.07719491255961844;
11 3 12 0.08078537360890302;
11 4 1 0.09254117647058824;
11 4 2 0.09741176470588235;
11 4 3 0.08604705882352942;
11 4 4 0.0811764705882353;
11 4 5 0.09416470588235294;
11 4 6 0.07630588235294118;
11 4 7 0.0811764705882353;
11 4 8 0.08280000000000001;
11 4 9 0.07630588235294118;
11 4 10 0.07955294117647059;
11 4 11 0.07792941176470589;
11 4 12 0.07468235294117648;
11 5 1 0.06199554848966614;
11 5 2 0.054246104928457876;
11 5 3 0.07491128775834657;
11 5 4 0.06457869634340223;
11 5 5 0.06457869634340223;
11 5 6 0.06199554848966614;
11 5 7 0.07749443561208268;
11 5 8 0.05295453100158983;
11 5 9 0.07232813990461051;
11 5 10 0.05812082670906201;
11 5 11 0.07103656597774247;
11 5 12 0.06716184419713832;
11 6 1 0.06195739268680446;
11 6 2 0.0565697933227345;
11 6 3 0.07003879173290939;
11 6 4 0.0781201907790143;
11 6 5 0.06734499205087441;
11 6 6 0.07677329093799681;
11 6 7 0.05791669316375199;
11 6 8 0.06061049284578697;
11 6 9 0.0565697933227345;
11 6 10 0.0565697933227345;
11 6 11 0.06061049284578697;
11 6 12 0.06195739268680446;
12 1 1 0.13331717011128777;
12 1 2 0.12141385135135135;
12 1 3 0.11903318759936407;
12 1 4 0.09998787758346582;
12 1 5 0.09998787758346582;
12 1 6 0.10474920508744039;
12 1 7 0.14283982511923687;
12 1 8 0.12379451510333865;
12 1 9 0.1309365063593005;
12 1 10 0.11903318759936407;
12 1 11 0.10951053259141495;
12 1 12 0.11189119634340222;
12 2 1 0.07546800476947535;
12 2 2 0.0890522456279809;
12 2 3 0.0845241653418124;
12 2 4 0.0649024841017488;
12 2 5 0.07093992448330683;
12 2 6 0.08150544515103338;
12 2 7 0.0890522456279809;
12 2 8 0.08301480524642288;
12 2 9 0.0875428855325914;
12 2 10 0.09056160572337041;
12 2 11 0.07093992448330683;
12 2 12 0.07848672496025437;
12 3 1 0.09432440381558028;
12 3 2 0.10339405802861683;
12 3 3 0.10702191971383146;
12 3 4 0.07255723370429253;
12 3 5 0.10520798887122415;
12 3 6 0.10339405802861683;
12 3 7 0.07255723370429253;
12 3 8 0.07618509538950714;
12 3 9 0.0834408187599364;
12 3 10 0.10702191971383146;
12 3 11 0.09251047297297296;
12 3 12 0.10158012718600955;
12 4 1 0.06561764705882354;
12 4 2 0.07381985294117648;
12 4 3 0.08694338235294119;
12 4 4 0.06561764705882354;
12 4 5 0.08694338235294119;
12 4 6 0.0721794117647059;
12 4 7 0.0705389705882353;
12 4 8 0.09514558823529412;
12 4 9 0.0705389705882353;
12 4 10 0.0705389705882353;
12 4 11 0.08530294117647061;
12 4 12 0.0836625;
12 5 1 0.07438658585055644;
12 5 2 0.07699664149443561;
12 5 3 0.06525139109697933;
12 5 4 0.061336307631160575;
12 5 5 0.0691664745627981;
12 5 6 0.06264133545310016;
12 5 7 0.061336307631160575;
12 5 8 0.05220111287758348;
12 5 9 0.05611619634340223;
12 5 10 0.0691664745627981;
12 5 11 0.07569161367249604;
12 5 12 0.05220111287758348;
12 6 1 0.06124185214626391;
12 6 2 0.08165580286168521;
12 6 3 0.08029487281399046;
12 6 4 0.0734902225755167;
12 6 5 0.06668557233704293;
12 6 6 0.07757301271860094;
12 6 7 0.08165580286168521;
12 6 8 0.06396371224165341;
12 6 9 0.06668557233704293;
12 6 10 0.07212929252782195;
12 6 11 0.05851999205087441;
12 6 12 0.07485115262321144;
13 1 1 0.12342637122416535;
13 1 2 0.13655683624801274;
13 1 3 0.13130465023847376;
13 1 4 0.14443511526232114;
13 1 5 0.11554809220985691;
13 1 6 0.12080027821939587;
13 1 7 0.11029590620031796;
13 1 8 0.12342637122416535;
13 1 9 0.12342637122416535;
13 1 10 0.11029590620031796;
13 1 11 0.12342637122416535;
13 1 12 0.10504372019077902;
13 2 1 0.09157303259141493;
13 2 2 0.07325842607313195;
13 2 3 0.09989785373608902;
13 2 4 0.06826353338632749;
13 2 5 0.07325842607313195;
13 2 6 0.0882431041335453;
13 2 7 0.08990806836248012;
13 2 8 0.07159346184419713;
13 2 9 0.07658835453100157;
13 2 10 0.08158324721780603;
13 2 11 0.08990806836248012;
13 2 12 0.0882431041335453;
13 3 1 0.08403922893481716;
13 3 2 0.08804109697933227;
13 3 3 0.09804576709062002;
13 3 4 0.1120523052464229;
13 3 5 0.0900420310015898;
13 3 6 0.1120523052464229;
13 3 7 0.08804109697933227;
13 3 8 0.09404389904610491;
13 3 9 0.09204296502384736;
13 3 10 0.10604950317965023;
13 3 11 0.11805510731319553;
13 3 12 0.11405323926868043;
13 4 1 0.08143014705882354;
13 4 2 0.09590661764705884;
13 4 3 0.0760014705882353;
13 4 4 0.1067639705882353;
13 4 5 0.08143014705882354;
13 4 6 0.0904779411764706;
13 4 7 0.07419191176470588;
13 4 8 0.08866838235294118;
13 4 9 0.08504926470588237;
13 4 10 0.09590661764705884;
13 4 11 0.10314485294117647;
13 4 12 0.09228750000000001;
13 5 1 0.06765963831478537;
13 5 2 0.06909920508744039;
13 5 3 0.08205530604133546;
13 5 4 0.06334093799682035;
13 5 5 0.05902223767885533;
13 5 6 0.06765963831478537;
13 5 7 0.08349487281399046;
13 5 8 0.07197833863275041;
13 5 9 0.07341790540540541;
13 5 10 0.08493443958664547;
13 5 11 0.06334093799682035;
13 5 12 0.07341790540540541;
13 6 1 0.0840689984101749;
13 6 2 0.07956530206677266;
13 6 3 0.08557023052464229;
13 6 4 0.06004928457869635;
13 6 5 0.0690566772655008;
13 6 6 0.06155051669316375;
13 6 7 0.07205914149443561;
13 6 8 0.06004928457869635;
13 6 9 0.07806406995230525;
13 6 10 0.06755544515103339;
13 6 11 0.08256776629570747;
13 6 12 0.06305174880763116;
14 1 1 0.1401891891891892;
14 1 2 0.10995230524642291;
14 1 3 0.12369634340222575;
14 1 4 0.1181987281399046;
14 1 5 0.15668203497615263;
14 1 6 0.11270111287758346;
14 1 7 0.13194276629570748;
14 1 8 0.13469157392686804;
14 1 9 0.13194276629570748;
14 1 10 0.13194276629570748;
14 1 11 0.13744038155802862;
14 1 12 0.16492845786963437;
14 2 1 0.07145341812400634;
14 2 2 0.09236661367249602;
14 2 3 0.08365278219395865;
14 2 4 0.08888108108108107;
14 2 5 0.07842448330683624;
14 2 6 0.09759491255961844;
14 2 7 0.07668171701112876;
14 2 8 0.09236661367249602;
14 2 9 0.08016724960254372;
14 2 10 0.08191001589825118;
14 2 11 0.08016724960254372;
14 2 12 0.07668171701112876;
14 3 1 0.08587186009538948;
14 3 2 0.09843847376788552;
14 3 3 0.10891065182829889;
14 3 4 0.10681621621621622;
14 3 5 0.11938282988871222;
14 3 6 0.11938282988871222;
14 3 7 0.11309952305246422;
14 3 8 0.12566613672496024;
14 3 9 0.08587186009538948;
14 3 10 0.10053290937996819;
14 3 11 0.11309952305246422;
14 3 12 0.08796629570747216;
14 4 1 0.11364705882352942;
14 4 2 0.08144705882352941;
14 4 3 0.1117529411764706;
14 4 4 0.08144705882352941;
14 4 5 0.10038823529411765;
14 4 6 0.09660000000000002;
14 4 7 0.0871294117647059;
14 4 8 0.10228235294117649;
14 4 9 0.08902352941176471;
14 4 10 0.07765882352941177;
14 4 11 0.10985882352941176;
14 4 12 0.08144705882352941;
14 5 1 0.0889033386327504;
14 5 2 0.0647939586645469;
14 5 3 0.06630079491255962;
14 5 4 0.06027344992050875;
14 5 5 0.06027344992050875;
14 5 6 0.07986232114467409;
14 5 7 0.0647939586645469;
14 5 8 0.06931446740858506;
14 5 9 0.0723281399046105;
14 5 10 0.09041017488076313;
14 5 11 0.07383497615262322;
14 5 12 0.07986232114467409;
14 6 1 0.07699777424483306;
14 6 2 0.08485468998410176;
14 6 3 0.07699777424483306;
14 6 4 0.08485468998410176;
14 6 5 0.09114022257551668;
14 6 6 0.08956883942766296;
14 6 7 0.07699777424483306;
14 6 8 0.09271160572337042;
14 6 9 0.07542639109697934;
14 6 10 0.06442670906200318;
14 6 11 0.08328330683624802;
14 6 12 0.0691408585055644;
15 1 1 0.17229133545310016;
15 1 2 0.15793372416534185;
15 1 3 0.14357611287758346;
15 1 4 0.12060393481717012;
15 1 5 0.1234754570747218;
15 1 6 0.11486089030206678;
15 1 7 0.1608052464228935;
15 1 8 0.1694198131955485;
15 1 9 0.14644763513513515;
15 1 10 0.17229133545310016;
15 1 11 0.1493191573926868;
15 1 12 0.14644763513513515;
15 2 1 0.09831069157392687;
15 2 2 0.08556671303656596;
15 2 3 0.09284898648648647;
15 2 4 0.07282273449920508;
15 2 5 0.08738728139904609;
15 2 6 0.10923410174880763;
15 2 7 0.07282273449920508;
15 2 8 0.08374614467408584;
15 2 9 0.08738728139904609;
15 2 10 0.10559296502384737;
15 2 11 0.10559296502384737;
15 2 12 0.10923410174880763;
15 3 1 0.09189336248012718;
15 3 2 0.1312762321144674;
15 3 3 0.1269003577106518;
15 3 4 0.1290882949125596;
15 3 5 0.12471242050874402;
15 3 6 0.12471242050874402;
15 3 7 0.1050209856915739;
15 3 8 0.1312762321144674;
15 3 9 0.1312762321144674;
15 3 10 0.11377273449920508;
15 3 11 0.1050209856915739;
15 3 12 0.1312762321144674;
15 4 1 0.11872058823529413;
15 4 2 0.11872058823529413;
15 4 3 0.11278455882352942;
15 4 4 0.10486985294117648;
15 4 5 0.0949764705882353;
15 4 6 0.0890404411764706;
15 4 7 0.1167419117647059;
15 4 8 0.09101911764705883;
15 4 9 0.11476323529411765;
15 4 10 0.10289117647058825;
15 4 11 0.10289117647058825;
15 4 12 0.1108058823529412;
15 5 1 0.0912981319554849;
15 5 2 0.08657581478537363;
15 5 3 0.08342760333863276;
15 5 4 0.0692606518282989;
15 5 5 0.08657581478537363;
15 5 6 0.07713118044515103;
15 5 7 0.06768654610492847;
15 5 8 0.09444634340222577;
15 5 9 0.08814992050874405;
15 5 10 0.06296422893481718;
15 5 11 0.07870528616852147;
15 5 12 0.07555707472178061;
15 6 1 0.07879364069952305;
15 6 2 0.08371824324324324;
15 6 3 0.07551057233704293;
15 6 4 0.07551057233704293;
15 6 5 0.06566136724960255;
15 6 6 0.08535977742448331;
15 6 7 0.09356744833068362;
15 6 8 0.07386903815580285;
15 6 9 0.0952089825119237;
15 6 10 0.09849205087440382;
15 6 11 0.07386903815580285;
15 6 12 0.09192591414944358;
16 1 1 0.16468302861685216;
16 1 2 0.14072913354531;
16 1 3 0.12575794912559618;
16 1 4 0.16468302861685216;
16 1 5 0.14072913354531;
16 1 6 0.1317464228934817;
16 1 7 0.14372337042925276;
16 1 8 0.15570031796502387;
16 1 9 0.14971184419713832;
16 1 10 0.16468302861685216;
16 1 11 0.12276371224165342;
16 1 12 0.11976947535771067;
16 2 1 0.11390222575516692;
16 2 2 0.08542666931637519;
16 2 3 0.10441037360890303;
16 2 4 0.10251200317965024;
16 2 5 0.10251200317965024;
16 2 6 0.09681689189189188;
16 2 7 0.08732503974562798;
16 2 8 0.09302015103338632;
16 2 9 0.07593481717011129;
16 2 10 0.07973155802861684;
16 2 11 0.07783318759936406;
16 2 12 0.09871526232114466;
16 3 1 0.09125755166931637;
16 3 2 0.12319769475357711;
16 3 3 0.09353899046104927;
16 3 4 0.13688632750397456;
16 3 5 0.100383306836248;
16 3 6 0.11407193958664545;
16 3 7 0.10950906200317963;
16 3 8 0.13460488871224163;
16 3 9 0.11179050079491255;
16 3 10 0.11407193958664545;
16 3 11 0.100383306836248;
16 3 12 0.12776057233704294;
16 4 1 0.10109852941176471;
16 4 2 0.10316176470588236;
16 4 3 0.1093514705882353;
16 4 4 0.08871911764705884;
16 4 5 0.1093514705882353;
16 4 6 0.10316176470588236;
16 4 7 0.10728823529411767;
16 4 8 0.12379411764705885;
16 4 9 0.1093514705882353;
16 4 10 0.11347794117647061;
16 4 11 0.10316176470588236;
16 4 12 0.09490882352941178;
16 5 1 0.082068759936407;
16 5 2 0.0738618839427663;
16 5 3 0.09355838632750398;
16 5 4 0.09027563593004771;
16 5 5 0.09519976152623211;
16 5 6 0.09848251192368841;
16 5 7 0.09191701112877586;
16 5 8 0.09848251192368841;
16 5 9 0.07878600953895072;
16 5 10 0.07714463434022258;
16 5 11 0.082068759936407;
16 5 12 0.082068759936407;
16 6 1 0.08558426073131956;
16 6 2 0.078737519872814;
16 6 3 0.08044920508744038;
16 6 4 0.08387257551669317;
16 6 5 0.10098942766295706;
16 6 6 0.07017909379968203;
16 6 7 0.07189077901430842;
16 6 8 0.06846740858505565;
16 6 9 0.10098942766295706;
16 6 10 0.09243100158982513;
16 6 11 0.078737519872814;
16 6 12 0.08216089030206676;
17 1 1 0.16129610492845786;
17 1 2 0.13390620031796505;
17 1 3 0.1795560413354531;
17 1 4 0.14912281399046104;
17 1 5 0.12781955484896662;
17 1 6 0.1673827503974563;
17 1 7 0.13390620031796505;
17 1 8 0.13390620031796505;
17 1 9 0.15520945945945946;
17 1 10 0.14607949125596184;
17 1 11 0.15520945945945946;
17 1 12 0.17346939586645468;
17 2 1 0.10998100158982509;
17 2 2 0.08875659777424481;
17 2 3 0.10419252782193958;
17 2 4 0.11576947535771062;
17 2 5 0.09454507154213035;
17 2 6 0.07717965023847376;
17 2 7 0.11191049284578695;
17 2 8 0.10226303656597772;
17 2 9 0.10998100158982509;
17 2 10 0.07717965023847376;
17 2 11 0.11576947535771062;
17 2 12 0.10226303656597772;
17 3 1 0.13217384737678853;
17 3 2 0.12057965023847377;
17 3 3 0.12057965023847377;
17 3 4 0.11594197138314784;
17 3 5 0.09507241653418122;
17 3 6 0.11594197138314784;
17 3 7 0.09971009538950715;
17 3 8 0.1020289348171701;
17 3 9 0.1391303656597774;
17 3 10 0.12289848966613671;
17 3 11 0.09507241653418122;
17 3 12 0.11594197138314784;
17 4 1 0.11324117647058826;
17 4 2 0.10065882352941177;
17 4 3 0.09017352941176471;
17 4 4 0.10904705882352943;
17 4 5 0.09436764705882354;
17 4 6 0.08597941176470589;
17 4 7 0.08597941176470589;
17 4 8 0.09646470588235295;
17 4 9 0.1237264705882353;
17 4 10 0.11953235294117646;
17 4 11 0.11533823529411766;
17 4 12 0.11533823529411766;
17 5 1 0.06673131955484897;
17 5 2 0.07340445151033387;
17 5 3 0.07840930047694754;
17 5 4 0.09509213036565978;
17 5 5 0.08007758346581877;
17 5 6 0.0750727344992051;
17 5 7 0.07173616852146264;
17 5 8 0.09509213036565978;
17 5 9 0.09008728139904612;
17 5 10 0.07840930047694754;
17 5 11 0.08341414944356122;
17 5 12 0.08174586645469;
17 6 1 0.08002829888712241;
17 6 2 0.07480906200317965;
17 6 3 0.10090524642289349;
17 6 4 0.1026449920508744;
17 6 5 0.07654880763116058;
17 6 6 0.08872702702702703;
17 6 7 0.08350779014308425;
17 6 8 0.09220651828298887;
17 6 9 0.0869872813990461;
17 6 10 0.07654880763116058;
17 6 11 0.0869872813990461;
17 6 12 0.1026449920508744;
18 1 1 0.1779362082670906;
18 1 2 0.18407193958664547;
18 1 3 0.12271462639109698;
18 1 4 0.14418968600953896;
18 1 5 0.15646114864864866;
18 1 6 0.13498608903020667;
18 1 7 0.15646114864864866;
18 1 8 0.12271462639109698;
18 1 9 0.18407193958664547;
18 1 10 0.1503254173290938;
18 1 11 0.17180047694753578;
18 1 12 0.1625968799682035;
18 2 1 0.1167031001589825;
18 2 2 0.11281299682034975;
18 2 3 0.09141742845786963;
18 2 4 0.0855822734499205;
18 2 5 0.07974711844197137;
18 2 6 0.09725258346581875;
18 2 7 0.1167031001589825;
18 2 8 0.08752732511923687;
18 2 9 0.09919763513513512;
18 2 10 0.10308773847376787;
18 2 11 0.1011426868044515;
18 2 12 0.077802066772655;
18 3 1 0.10285174880763115;
18 3 2 0.11921452702702702;
18 3 3 0.1332397655007949;
18 3 4 0.09583912957074721;
18 3 5 0.11220190779014307;
18 3 6 0.1332397655007949;
18 3 7 0.12388960651828297;
18 3 8 0.10051420906200317;
18 3 9 0.10752682829888711;
18 3 10 0.12856468600953894;
18 3 11 0.10285174880763115;
18 3 12 0.10752682829888711;
18 4 1 0.12683823529411767;
18 4 2 0.12472426470588237;
18 4 3 0.11838235294117648;
18 4 4 0.12261029411764707;
18 4 5 0.09301470588235294;
18 4 6 0.10147058823529413;
18 4 7 0.12472426470588237;
18 4 8 0.1141544117647059;
18 4 9 0.1099264705882353;
18 4 10 0.09090073529411766;
18 4 11 0.11204044117647059;
18 4 12 0.09090073529411766;
18 5 1 0.06895121224165343;
18 5 2 0.06895121224165343;
18 5 3 0.08913205484896662;
18 5 4 0.07063294912559619;
18 5 5 0.07063294912559619;
18 5 6 0.08745031796502385;
18 5 7 0.09754073926868045;
18 5 8 0.07231468600953896;
18 5 9 0.09081379173290939;
18 5 10 0.08745031796502385;
18 5 11 0.0756781597774245;
18 5 12 0.08913205484896662;
18 6 1 0.10522655007949126;
18 6 2 0.08944256756756756;
18 6 3 0.09645767090620032;
18 6 4 0.07891991255961844;
18 6 5 0.09470389507154213;
18 6 6 0.10171899841017489;
18 6 7 0.07716613672496025;
18 6 8 0.09470389507154213;
18 6 9 0.07716613672496025;
18 6 10 0.0701510333863275;
18 6 11 0.0999652225755167;
18 6 12 0.0999652225755167;
19 1 1 0.16075616057233705;
19 1 2 0.19290739268680443;
19 1 3 0.18004689984101752;
19 1 4 0.1832620230524642;
19 1 5 0.17683177662957078;
19 1 6 0.12860492845786964;
19 1 7 0.1414654213036566;
19 1 8 0.14468054451510334;
19 1 9 0.12860492845786964;
19 1 10 0.17361665341812405;
19 1 11 0.16075616057233705;
19 1 12 0.1414654213036566;
19 2 1 0.12230484896661364;
19 2 2 0.09784387917329092;
19 2 3 0.1100743640699523;
19 2 4 0.08357498012718599;
19 2 5 0.09988229332273449;
19 2 6 0.11618960651828296;
19 2 7 0.10803594992050874;
19 2 8 0.12026643481717009;
19 2 9 0.08765180842607312;
19 2 10 0.09784387917329092;
19 2 11 0.09376705087440382;
19 2 12 0.08153656597774245;
19 3 1 0.12248708267090619;
19 3 2 0.1151378577106518;
19 3 3 0.13963527424483302;
19 3 4 0.10043940779014306;
19 3 5 0.1126881160572337;
19 3 6 0.12738656597774245;
19 3 7 0.1347357909379968;
19 3 8 0.1151378577106518;
19 3 9 0.13963527424483302;
19 3 10 0.12248708267090619;
19 3 11 0.10778863275039745;
19 3 12 0.13718553259141494;
19 4 1 0.09083308823529411;
19 4 2 0.1262801470588235;
19 4 3 0.08861764705882355;
19 4 4 0.10634117647058823;
19 4 5 0.10191029411764707;
19 4 6 0.12184926470588238;
19 4 7 0.11298750000000002;
19 4 8 0.1152029411764706;
19 4 9 0.09083308823529411;
19 4 10 0.1262801470588235;
19 4 11 0.11741838235294119;
19 4 12 0.13292647058823528;
19 5 1 0.07754825119236884;
19 5 2 0.10398515500794912;
19 5 3 0.08812301271860096;
19 5 4 0.09517285373608905;
19 5 5 0.07578579093799682;
19 5 6 0.08812301271860096;
19 5 7 0.09693531399046107;
19 5 8 0.08283563195548489;
19 5 9 0.07931071144674087;
19 5 10 0.07402333068362481;
19 5 11 0.08107317170111289;
19 5 12 0.08636055246422894;
19 6 1 0.08087011128775835;
19 6 2 0.08087011128775835;
19 6 3 0.10843946740858505;
19 6 4 0.10108763910969795;
19 6 5 0.08087011128775835;
19 6 6 0.11027742448330682;
19 6 7 0.07351828298887124;
19 6 8 0.10292559618441974;
19 6 9 0.09189785373608902;
19 6 10 0.10843946740858505;
19 6 11 0.10843946740858505;
19 6 12 0.10108763910969795;
20 1 1 0.1603143879173291;
20 1 2 0.19516534181240067;
20 1 3 0.1394038155802862;
20 1 4 0.14288891096979334;
20 1 5 0.20213553259141495;
20 1 6 0.19516534181240067;
20 1 7 0.20213553259141495;
20 1 8 0.1394038155802862;
20 1 9 0.14288891096979334;
20 1 10 0.14637400635930048;
20 1 11 0.18122496025437204;
20 1 12 0.14985910174880765;
20 2 1 0.09501188394276629;
20 2 2 0.12594598569157392;
20 2 3 0.1104789348171701;
20 2 4 0.13036514308426073;
20 2 5 0.10385019872813989;
20 2 6 0.1281555643879173;
20 2 7 0.1148980922098569;
20 2 8 0.10826935612082669;
20 2 9 0.10826935612082669;
20 2 10 0.09943104133545308;
20 2 11 0.10605977742448329;
20 2 12 0.12152682829888711;
20 3 1 0.13542770270270268;
20 3 2 0.11683958664546898;
20 3 3 0.14073859300476946;
20 3 4 0.1301168124006359;
20 3 5 0.1141841414944356;
20 3 6 0.12480592209856914;
20 3 7 0.151360373608903;
20 3 8 0.14073859300476946;
20 3 9 0.11949503179650237;
20 3 10 0.14604948330683626;
20 3 11 0.15932670906200316;
20 3 12 0.14870492845786965;
20 4 1 0.11527058823529412;
20 4 2 0.10566470588235294;
20 4 3 0.12727794117647062;
20 4 4 0.13208088235294121;
20 4 5 0.11286911764705883;
20 4 6 0.10566470588235294;
20 4 7 0.12007352941176472;
20 4 8 0.1296794117647059;
20 4 9 0.13928529411764706;
20 4 10 0.13688382352941178;
20 4 11 0.13208088235294121;
20 4 12 0.12487647058823531;
20 5 1 0.09361220190779015;
20 5 2 0.11462718600953896;
20 5 3 0.08214948330683626;
20 5 4 0.10316446740858508;
20 5 5 0.08405993640699523;
20 5 6 0.09170174880763117;
20 5 7 0.1012540143084261;
20 5 8 0.08788084260731321;
20 5 9 0.08214948330683626;
20 5 10 0.09361220190779015;
20 5 11 0.09170174880763117;
20 5 12 0.09743310810810812;
20 6 1 0.08168386327503975;
20 6 2 0.11156820349761527;
20 6 3 0.08168386327503975;
20 6 4 0.11356049284578697;
20 6 5 0.09164531001589826;
20 6 6 0.08766073131955485;
20 6 7 0.10160675675675676;
20 6 8 0.09562988871224165;
20 6 9 0.11953736089030208;
20 6 10 0.11953736089030208;
20 6 11 0.10957591414944358;
20 6 12 0.10359904610492847;
]

global d = [
1 1 1 105;
1 1 2 234;
1 1 3 73;
1 1 4 90;
1 1 5 136;
1 1 6 161;
1 1 7 125;
1 1 8 72;
1 1 9 93;
1 1 10 182;
1 1 11 225;
1 1 12 61;
1 2 1 175;
1 2 2 133;
1 2 3 218;
1 2 4 287;
1 2 5 178;
1 2 6 146;
1 2 7 277;
1 2 8 128;
1 2 9 0;
1 2 10 122;
1 2 11 199;
1 2 12 293;
1 3 1 0;
1 3 2 0;
1 3 3 0;
1 3 4 171;
1 3 5 141;
1 3 6 271;
1 3 7 97;
1 3 8 130;
1 3 9 116;
1 3 10 190;
1 3 11 116;
1 3 12 249;
1 4 1 94;
1 4 2 139;
1 4 3 267;
1 4 4 138;
1 4 5 0;
1 4 6 0;
1 4 7 227;
1 4 8 290;
1 4 9 170;
1 4 10 175;
1 4 11 211;
1 4 12 66;
1 5 1 94;
1 5 2 266;
1 5 3 0;
1 5 4 0;
1 5 5 195;
1 5 6 268;
1 5 7 81;
1 5 8 172;
1 5 9 0;
1 5 10 267;
1 5 11 289;
1 5 12 281;
1 6 1 251;
1 6 2 68;
1 6 3 272;
1 6 4 240;
1 6 5 131;
1 6 6 279;
1 6 7 0;
1 6 8 182;
1 6 9 272;
1 6 10 238;
1 6 11 69;
1 6 12 295;
2 1 1 138;
2 1 2 90;
2 1 3 0;
2 1 4 264;
2 1 5 219;
2 1 6 219;
2 1 7 287;
2 1 8 97;
2 1 9 87;
2 1 10 269;
2 1 11 60;
2 1 12 0;
2 2 1 216;
2 2 2 125;
2 2 3 0;
2 2 4 81;
2 2 5 220;
2 2 6 0;
2 2 7 282;
2 2 8 53;
2 2 9 300;
2 2 10 82;
2 2 11 137;
2 2 12 288;
2 3 1 289;
2 3 2 218;
2 3 3 0;
2 3 4 247;
2 3 5 237;
2 3 6 0;
2 3 7 213;
2 3 8 251;
2 3 9 151;
2 3 10 93;
2 3 11 0;
2 3 12 223;
2 4 1 229;
2 4 2 147;
2 4 3 56;
2 4 4 0;
2 4 5 71;
2 4 6 52;
2 4 7 259;
2 4 8 187;
2 4 9 228;
2 4 10 180;
2 4 11 238;
2 4 12 0;
2 5 1 54;
2 5 2 169;
2 5 3 134;
2 5 4 189;
2 5 5 209;
2 5 6 0;
2 5 7 0;
2 5 8 109;
2 5 9 58;
2 5 10 195;
2 5 11 185;
2 5 12 50;
2 6 1 176;
2 6 2 143;
2 6 3 197;
2 6 4 206;
2 6 5 212;
2 6 6 256;
2 6 7 92;
2 6 8 0;
2 6 9 0;
2 6 10 274;
2 6 11 286;
2 6 12 122;
3 1 1 224;
3 1 2 247;
3 1 3 118;
3 1 4 159;
3 1 5 187;
3 1 6 97;
3 1 7 141;
3 1 8 223;
3 1 9 61;
3 1 10 92;
3 1 11 196;
3 1 12 116;
3 2 1 102;
3 2 2 160;
3 2 3 122;
3 2 4 146;
3 2 5 0;
3 2 6 51;
3 2 7 77;
3 2 8 99;
3 2 9 0;
3 2 10 262;
3 2 11 0;
3 2 12 77;
3 3 1 238;
3 3 2 292;
3 3 3 197;
3 3 4 0;
3 3 5 260;
3 3 6 0;
3 3 7 105;
3 3 8 205;
3 3 9 141;
3 3 10 97;
3 3 11 0;
3 3 12 163;
3 4 1 176;
3 4 2 148;
3 4 3 215;
3 4 4 256;
3 4 5 118;
3 4 6 67;
3 4 7 153;
3 4 8 191;
3 4 9 174;
3 4 10 165;
3 4 11 250;
3 4 12 68;
3 5 1 207;
3 5 2 180;
3 5 3 165;
3 5 4 184;
3 5 5 0;
3 5 6 139;
3 5 7 268;
3 5 8 0;
3 5 9 199;
3 5 10 130;
3 5 11 87;
3 5 12 261;
3 6 1 252;
3 6 2 128;
3 6 3 85;
3 6 4 142;
3 6 5 0;
3 6 6 273;
3 6 7 111;
3 6 8 278;
3 6 9 194;
3 6 10 248;
3 6 11 254;
3 6 12 0;
4 1 1 146;
4 1 2 0;
4 1 3 147;
4 1 4 101;
4 1 5 69;
4 1 6 282;
4 1 7 219;
4 1 8 176;
4 1 9 81;
4 1 10 217;
4 1 11 226;
4 1 12 161;
4 2 1 89;
4 2 2 147;
4 2 3 77;
4 2 4 169;
4 2 5 0;
4 2 6 163;
4 2 7 0;
4 2 8 178;
4 2 9 170;
4 2 10 299;
4 2 11 184;
4 2 12 259;
4 3 1 215;
4 3 2 176;
4 3 3 0;
4 3 4 174;
4 3 5 123;
4 3 6 289;
4 3 7 221;
4 3 8 90;
4 3 9 247;
4 3 10 78;
4 3 11 144;
4 3 12 168;
4 4 1 300;
4 4 2 237;
4 4 3 136;
4 4 4 143;
4 4 5 204;
4 4 6 212;
4 4 7 230;
4 4 8 211;
4 4 9 0;
4 4 10 0;
4 4 11 276;
4 4 12 239;
4 5 1 257;
4 5 2 0;
4 5 3 0;
4 5 4 179;
4 5 5 126;
4 5 6 142;
4 5 7 258;
4 5 8 219;
4 5 9 143;
4 5 10 0;
4 5 11 58;
4 5 12 254;
4 6 1 0;
4 6 2 94;
4 6 3 199;
4 6 4 207;
4 6 5 238;
4 6 6 168;
4 6 7 226;
4 6 8 111;
4 6 9 127;
4 6 10 124;
4 6 11 241;
4 6 12 248;
5 1 1 272;
5 1 2 225;
5 1 3 288;
5 1 4 64;
5 1 5 182;
5 1 6 0;
5 1 7 126;
5 1 8 276;
5 1 9 128;
5 1 10 0;
5 1 11 167;
5 1 12 219;
5 2 1 169;
5 2 2 286;
5 2 3 181;
5 2 4 177;
5 2 5 129;
5 2 6 0;
5 2 7 286;
5 2 8 283;
5 2 9 78;
5 2 10 230;
5 2 11 121;
5 2 12 290;
5 3 1 70;
5 3 2 51;
5 3 3 238;
5 3 4 81;
5 3 5 261;
5 3 6 244;
5 3 7 103;
5 3 8 130;
5 3 9 0;
5 3 10 109;
5 3 11 86;
5 3 12 271;
5 4 1 138;
5 4 2 274;
5 4 3 225;
5 4 4 253;
5 4 5 277;
5 4 6 255;
5 4 7 187;
5 4 8 0;
5 4 9 297;
5 4 10 157;
5 4 11 177;
5 4 12 226;
5 5 1 263;
5 5 2 177;
5 5 3 264;
5 5 4 276;
5 5 5 57;
5 5 6 237;
5 5 7 238;
5 5 8 244;
5 5 9 207;
5 5 10 167;
5 5 11 0;
5 5 12 113;
5 6 1 126;
5 6 2 156;
5 6 3 138;
5 6 4 0;
5 6 5 177;
5 6 6 209;
5 6 7 126;
5 6 8 120;
5 6 9 205;
5 6 10 90;
5 6 11 80;
5 6 12 206;
6 1 1 116;
6 1 2 100;
6 1 3 99;
6 1 4 258;
6 1 5 179;
6 1 6 0;
6 1 7 168;
6 1 8 0;
6 1 9 107;
6 1 10 210;
6 1 11 121;
6 1 12 133;
6 2 1 55;
6 2 2 0;
6 2 3 236;
6 2 4 264;
6 2 5 213;
6 2 6 0;
6 2 7 0;
6 2 8 75;
6 2 9 187;
6 2 10 279;
6 2 11 92;
6 2 12 266;
6 3 1 61;
6 3 2 133;
6 3 3 225;
6 3 4 218;
6 3 5 163;
6 3 6 202;
6 3 7 233;
6 3 8 105;
6 3 9 59;
6 3 10 93;
6 3 11 104;
6 3 12 289;
6 4 1 263;
6 4 2 125;
6 4 3 0;
6 4 4 103;
6 4 5 112;
6 4 6 0;
6 4 7 101;
6 4 8 206;
6 4 9 114;
6 4 10 267;
6 4 11 239;
6 4 12 187;
6 5 1 220;
6 5 2 73;
6 5 3 59;
6 5 4 248;
6 5 5 245;
6 5 6 93;
6 5 7 193;
6 5 8 62;
6 5 9 118;
6 5 10 190;
6 5 11 187;
6 5 12 232;
6 6 1 0;
6 6 2 59;
6 6 3 0;
6 6 4 264;
6 6 5 115;
6 6 6 228;
6 6 7 153;
6 6 8 270;
6 6 9 121;
6 6 10 210;
6 6 11 299;
6 6 12 225;
7 1 1 261;
7 1 2 63;
7 1 3 0;
7 1 4 0;
7 1 5 171;
7 1 6 140;
7 1 7 167;
7 1 8 199;
7 1 9 146;
7 1 10 0;
7 1 11 52;
7 1 12 216;
7 2 1 179;
7 2 2 284;
7 2 3 242;
7 2 4 257;
7 2 5 263;
7 2 6 255;
7 2 7 218;
7 2 8 205;
7 2 9 0;
7 2 10 60;
7 2 11 143;
7 2 12 264;
7 3 1 0;
7 3 2 203;
7 3 3 217;
7 3 4 161;
7 3 5 0;
7 3 6 156;
7 3 7 208;
7 3 8 88;
7 3 9 0;
7 3 10 0;
7 3 11 0;
7 3 12 167;
7 4 1 297;
7 4 2 137;
7 4 3 58;
7 4 4 85;
7 4 5 254;
7 4 6 131;
7 4 7 163;
7 4 8 94;
7 4 9 83;
7 4 10 64;
7 4 11 0;
7 4 12 0;
7 5 1 71;
7 5 2 106;
7 5 3 287;
7 5 4 241;
7 5 5 288;
7 5 6 0;
7 5 7 276;
7 5 8 106;
7 5 9 0;
7 5 10 141;
7 5 11 146;
7 5 12 124;
7 6 1 233;
7 6 2 0;
7 6 3 0;
7 6 4 163;
7 6 5 274;
7 6 6 0;
7 6 7 237;
7 6 8 55;
7 6 9 114;
7 6 10 59;
7 6 11 154;
7 6 12 282;
8 1 1 225;
8 1 2 98;
8 1 3 264;
8 1 4 106;
8 1 5 108;
8 1 6 189;
8 1 7 0;
8 1 8 260;
8 1 9 213;
8 1 10 209;
8 1 11 198;
8 1 12 110;
8 2 1 0;
8 2 2 0;
8 2 3 248;
8 2 4 236;
8 2 5 204;
8 2 6 210;
8 2 7 86;
8 2 8 0;
8 2 9 155;
8 2 10 201;
8 2 11 202;
8 2 12 205;
8 3 1 91;
8 3 2 73;
8 3 3 280;
8 3 4 292;
8 3 5 87;
8 3 6 95;
8 3 7 166;
8 3 8 282;
8 3 9 0;
8 3 10 53;
8 3 11 224;
8 3 12 273;
8 4 1 58;
8 4 2 105;
8 4 3 146;
8 4 4 101;
8 4 5 124;
8 4 6 96;
8 4 7 159;
8 4 8 0;
8 4 9 287;
8 4 10 80;
8 4 11 167;
8 4 12 0;
8 5 1 113;
8 5 2 214;
8 5 3 287;
8 5 4 50;
8 5 5 192;
8 5 6 113;
8 5 7 0;
8 5 8 124;
8 5 9 157;
8 5 10 275;
8 5 11 216;
8 5 12 82;
8 6 1 61;
8 6 2 239;
8 6 3 107;
8 6 4 0;
8 6 5 193;
8 6 6 251;
8 6 7 71;
8 6 8 0;
8 6 9 268;
8 6 10 274;
8 6 11 248;
8 6 12 106;
9 1 1 102;
9 1 2 78;
9 1 3 133;
9 1 4 0;
9 1 5 135;
9 1 6 241;
9 1 7 169;
9 1 8 186;
9 1 9 69;
9 1 10 75;
9 1 11 244;
9 1 12 162;
9 2 1 77;
9 2 2 0;
9 2 3 0;
9 2 4 162;
9 2 5 0;
9 2 6 86;
9 2 7 184;
9 2 8 249;
9 2 9 300;
9 2 10 165;
9 2 11 142;
9 2 12 211;
9 3 1 167;
9 3 2 79;
9 3 3 207;
9 3 4 125;
9 3 5 189;
9 3 6 143;
9 3 7 181;
9 3 8 88;
9 3 9 0;
9 3 10 149;
9 3 11 66;
9 3 12 274;
9 4 1 284;
9 4 2 83;
9 4 3 224;
9 4 4 179;
9 4 5 217;
9 4 6 63;
9 4 7 0;
9 4 8 58;
9 4 9 229;
9 4 10 0;
9 4 11 143;
9 4 12 216;
9 5 1 229;
9 5 2 122;
9 5 3 176;
9 5 4 214;
9 5 5 142;
9 5 6 268;
9 5 7 191;
9 5 8 129;
9 5 9 155;
9 5 10 112;
9 5 11 171;
9 5 12 251;
9 6 1 0;
9 6 2 0;
9 6 3 157;
9 6 4 155;
9 6 5 93;
9 6 6 289;
9 6 7 110;
9 6 8 285;
9 6 9 68;
9 6 10 173;
9 6 11 82;
9 6 12 0;
10 1 1 207;
10 1 2 67;
10 1 3 0;
10 1 4 257;
10 1 5 286;
10 1 6 127;
10 1 7 150;
10 1 8 238;
10 1 9 267;
10 1 10 276;
10 1 11 170;
10 1 12 149;
10 2 1 0;
10 2 2 147;
10 2 3 246;
10 2 4 172;
10 2 5 65;
10 2 6 0;
10 2 7 52;
10 2 8 0;
10 2 9 177;
10 2 10 216;
10 2 11 0;
10 2 12 0;
10 3 1 149;
10 3 2 0;
10 3 3 90;
10 3 4 186;
10 3 5 150;
10 3 6 231;
10 3 7 189;
10 3 8 212;
10 3 9 286;
10 3 10 192;
10 3 11 297;
10 3 12 0;
10 4 1 184;
10 4 2 181;
10 4 3 195;
10 4 4 233;
10 4 5 97;
10 4 6 0;
10 4 7 0;
10 4 8 143;
10 4 9 219;
10 4 10 166;
10 4 11 210;
10 4 12 136;
10 5 1 127;
10 5 2 279;
10 5 3 180;
10 5 4 195;
10 5 5 159;
10 5 6 231;
10 5 7 56;
10 5 8 0;
10 5 9 57;
10 5 10 199;
10 5 11 120;
10 5 12 0;
10 6 1 261;
10 6 2 126;
10 6 3 0;
10 6 4 69;
10 6 5 0;
10 6 6 214;
10 6 7 0;
10 6 8 223;
10 6 9 263;
10 6 10 213;
10 6 11 165;
10 6 12 176;
11 1 1 191;
11 1 2 0;
11 1 3 296;
11 1 4 101;
11 1 5 90;
11 1 6 234;
11 1 7 179;
11 1 8 224;
11 1 9 120;
11 1 10 213;
11 1 11 0;
11 1 12 235;
11 2 1 210;
11 2 2 146;
11 2 3 0;
11 2 4 0;
11 2 5 290;
11 2 6 240;
11 2 7 0;
11 2 8 0;
11 2 9 242;
11 2 10 197;
11 2 11 104;
11 2 12 273;
11 3 1 300;
11 3 2 134;
11 3 3 272;
11 3 4 0;
11 3 5 145;
11 3 6 122;
11 3 7 57;
11 3 8 64;
11 3 9 100;
11 3 10 0;
11 3 11 0;
11 3 12 228;
11 4 1 289;
11 4 2 194;
11 4 3 243;
11 4 4 89;
11 4 5 122;
11 4 6 108;
11 4 7 101;
11 4 8 224;
11 4 9 191;
11 4 10 57;
11 4 11 157;
11 4 12 264;
11 5 1 228;
11 5 2 179;
11 5 3 172;
11 5 4 0;
11 5 5 129;
11 5 6 228;
11 5 7 240;
11 5 8 164;
11 5 9 69;
11 5 10 93;
11 5 11 0;
11 5 12 144;
11 6 1 133;
11 6 2 234;
11 6 3 197;
11 6 4 0;
11 6 5 225;
11 6 6 222;
11 6 7 235;
11 6 8 295;
11 6 9 277;
11 6 10 229;
11 6 11 147;
11 6 12 237;
12 1 1 199;
12 1 2 138;
12 1 3 200;
12 1 4 90;
12 1 5 181;
12 1 6 251;
12 1 7 0;
12 1 8 0;
12 1 9 69;
12 1 10 66;
12 1 11 189;
12 1 12 285;
12 2 1 252;
12 2 2 160;
12 2 3 230;
12 2 4 206;
12 2 5 0;
12 2 6 267;
12 2 7 55;
12 2 8 137;
12 2 9 0;
12 2 10 286;
12 2 11 300;
12 2 12 231;
12 3 1 135;
12 3 2 74;
12 3 3 247;
12 3 4 277;
12 3 5 220;
12 3 6 112;
12 3 7 250;
12 3 8 127;
12 3 9 91;
12 3 10 93;
12 3 11 0;
12 3 12 0;
12 4 1 289;
12 4 2 182;
12 4 3 103;
12 4 4 139;
12 4 5 91;
12 4 6 297;
12 4 7 158;
12 4 8 0;
12 4 9 269;
12 4 10 167;
12 4 11 53;
12 4 12 274;
12 5 1 187;
12 5 2 59;
12 5 3 111;
12 5 4 111;
12 5 5 220;
12 5 6 88;
12 5 7 75;
12 5 8 196;
12 5 9 0;
12 5 10 296;
12 5 11 266;
12 5 12 297;
12 6 1 170;
12 6 2 92;
12 6 3 168;
12 6 4 50;
12 6 5 173;
12 6 6 118;
12 6 7 0;
12 6 8 56;
12 6 9 281;
12 6 10 0;
12 6 11 183;
12 6 12 254;
13 1 1 0;
13 1 2 294;
13 1 3 163;
13 1 4 0;
13 1 5 174;
13 1 6 77;
13 1 7 180;
13 1 8 290;
13 1 9 51;
13 1 10 0;
13 1 11 58;
13 1 12 292;
13 2 1 243;
13 2 2 112;
13 2 3 83;
13 2 4 131;
13 2 5 177;
13 2 6 67;
13 2 7 69;
13 2 8 177;
13 2 9 160;
13 2 10 187;
13 2 11 214;
13 2 12 113;
13 3 1 209;
13 3 2 79;
13 3 3 108;
13 3 4 113;
13 3 5 253;
13 3 6 157;
13 3 7 210;
13 3 8 0;
13 3 9 66;
13 3 10 0;
13 3 11 119;
13 3 12 258;
13 4 1 259;
13 4 2 253;
13 4 3 106;
13 4 4 0;
13 4 5 259;
13 4 6 226;
13 4 7 102;
13 4 8 121;
13 4 9 92;
13 4 10 138;
13 4 11 226;
13 4 12 254;
13 5 1 0;
13 5 2 261;
13 5 3 164;
13 5 4 138;
13 5 5 154;
13 5 6 122;
13 5 7 107;
13 5 8 0;
13 5 9 237;
13 5 10 159;
13 5 11 0;
13 5 12 256;
13 6 1 133;
13 6 2 264;
13 6 3 258;
13 6 4 0;
13 6 5 265;
13 6 6 285;
13 6 7 240;
13 6 8 209;
13 6 9 220;
13 6 10 61;
13 6 11 286;
13 6 12 95;
14 1 1 110;
14 1 2 183;
14 1 3 114;
14 1 4 190;
14 1 5 179;
14 1 6 0;
14 1 7 185;
14 1 8 197;
14 1 9 209;
14 1 10 288;
14 1 11 183;
14 1 12 0;
14 2 1 107;
14 2 2 170;
14 2 3 55;
14 2 4 215;
14 2 5 0;
14 2 6 166;
14 2 7 0;
14 2 8 159;
14 2 9 0;
14 2 10 148;
14 2 11 75;
14 2 12 135;
14 3 1 198;
14 3 2 215;
14 3 3 259;
14 3 4 0;
14 3 5 0;
14 3 6 292;
14 3 7 90;
14 3 8 167;
14 3 9 222;
14 3 10 73;
14 3 11 170;
14 3 12 0;
14 4 1 234;
14 4 2 233;
14 4 3 55;
14 4 4 0;
14 4 5 117;
14 4 6 129;
14 4 7 192;
14 4 8 138;
14 4 9 52;
14 4 10 97;
14 4 11 116;
14 4 12 295;
14 5 1 146;
14 5 2 118;
14 5 3 147;
14 5 4 0;
14 5 5 228;
14 5 6 265;
14 5 7 250;
14 5 8 102;
14 5 9 233;
14 5 10 219;
14 5 11 73;
14 5 12 86;
14 6 1 275;
14 6 2 298;
14 6 3 266;
14 6 4 134;
14 6 5 133;
14 6 6 61;
14 6 7 131;
14 6 8 121;
14 6 9 213;
14 6 10 58;
14 6 11 165;
14 6 12 260;
15 1 1 152;
15 1 2 80;
15 1 3 127;
15 1 4 79;
15 1 5 68;
15 1 6 122;
15 1 7 250;
15 1 8 229;
15 1 9 145;
15 1 10 0;
15 1 11 273;
15 1 12 264;
15 2 1 0;
15 2 2 211;
15 2 3 222;
15 2 4 244;
15 2 5 203;
15 2 6 272;
15 2 7 259;
15 2 8 219;
15 2 9 0;
15 2 10 141;
15 2 11 201;
15 2 12 162;
15 3 1 0;
15 3 2 153;
15 3 3 216;
15 3 4 189;
15 3 5 80;
15 3 6 117;
15 3 7 81;
15 3 8 176;
15 3 9 209;
15 3 10 94;
15 3 11 57;
15 3 12 97;
15 4 1 186;
15 4 2 154;
15 4 3 117;
15 4 4 300;
15 4 5 216;
15 4 6 253;
15 4 7 140;
15 4 8 238;
15 4 9 55;
15 4 10 131;
15 4 11 60;
15 4 12 202;
15 5 1 185;
15 5 2 216;
15 5 3 92;
15 5 4 0;
15 5 5 84;
15 5 6 0;
15 5 7 99;
15 5 8 0;
15 5 9 172;
15 5 10 196;
15 5 11 274;
15 5 12 0;
15 6 1 88;
15 6 2 0;
15 6 3 293;
15 6 4 0;
15 6 5 67;
15 6 6 175;
15 6 7 263;
15 6 8 80;
15 6 9 286;
15 6 10 126;
15 6 11 124;
15 6 12 82;
16 1 1 0;
16 1 2 219;
16 1 3 276;
16 1 4 159;
16 1 5 260;
16 1 6 0;
16 1 7 59;
16 1 8 142;
16 1 9 231;
16 1 10 50;
16 1 11 56;
16 1 12 219;
16 2 1 182;
16 2 2 107;
16 2 3 291;
16 2 4 172;
16 2 5 202;
16 2 6 75;
16 2 7 196;
16 2 8 65;
16 2 9 80;
16 2 10 253;
16 2 11 172;
16 2 12 119;
16 3 1 119;
16 3 2 0;
16 3 3 138;
16 3 4 119;
16 3 5 0;
16 3 6 51;
16 3 7 266;
16 3 8 115;
16 3 9 0;
16 3 10 0;
16 3 11 208;
16 3 12 250;
16 4 1 260;
16 4 2 0;
16 4 3 75;
16 4 4 0;
16 4 5 268;
16 4 6 244;
16 4 7 227;
16 4 8 155;
16 4 9 188;
16 4 10 196;
16 4 11 233;
16 4 12 137;
16 5 1 0;
16 5 2 168;
16 5 3 174;
16 5 4 51;
16 5 5 118;
16 5 6 129;
16 5 7 136;
16 5 8 0;
16 5 9 0;
16 5 10 0;
16 5 11 272;
16 5 12 160;
16 6 1 0;
16 6 2 184;
16 6 3 237;
16 6 4 279;
16 6 5 252;
16 6 6 247;
16 6 7 0;
16 6 8 0;
16 6 9 183;
16 6 10 193;
16 6 11 0;
16 6 12 141;
17 1 1 78;
17 1 2 179;
17 1 3 115;
17 1 4 52;
17 1 5 209;
17 1 6 0;
17 1 7 85;
17 1 8 194;
17 1 9 203;
17 1 10 119;
17 1 11 161;
17 1 12 89;
17 2 1 179;
17 2 2 246;
17 2 3 237;
17 2 4 0;
17 2 5 144;
17 2 6 114;
17 2 7 127;
17 2 8 292;
17 2 9 72;
17 2 10 269;
17 2 11 167;
17 2 12 187;
17 3 1 122;
17 3 2 123;
17 3 3 274;
17 3 4 140;
17 3 5 210;
17 3 6 108;
17 3 7 288;
17 3 8 287;
17 3 9 0;
17 3 10 67;
17 3 11 82;
17 3 12 232;
17 4 1 122;
17 4 2 0;
17 4 3 207;
17 4 4 253;
17 4 5 0;
17 4 6 80;
17 4 7 114;
17 4 8 71;
17 4 9 293;
17 4 10 210;
17 4 11 283;
17 4 12 290;
17 5 1 263;
17 5 2 0;
17 5 3 0;
17 5 4 0;
17 5 5 148;
17 5 6 63;
17 5 7 0;
17 5 8 233;
17 5 9 274;
17 5 10 137;
17 5 11 244;
17 5 12 98;
17 6 1 153;
17 6 2 293;
17 6 3 60;
17 6 4 128;
17 6 5 0;
17 6 6 216;
17 6 7 262;
17 6 8 0;
17 6 9 239;
17 6 10 201;
17 6 11 259;
17 6 12 257;
18 1 1 101;
18 1 2 0;
18 1 3 279;
18 1 4 61;
18 1 5 0;
18 1 6 136;
18 1 7 244;
18 1 8 230;
18 1 9 285;
18 1 10 84;
18 1 11 269;
18 1 12 252;
18 2 1 215;
18 2 2 59;
18 2 3 196;
18 2 4 237;
18 2 5 178;
18 2 6 266;
18 2 7 0;
18 2 8 185;
18 2 9 212;
18 2 10 81;
18 2 11 149;
18 2 12 82;
18 3 1 0;
18 3 2 132;
18 3 3 239;
18 3 4 65;
18 3 5 174;
18 3 6 0;
18 3 7 242;
18 3 8 297;
18 3 9 186;
18 3 10 219;
18 3 11 247;
18 3 12 0;
18 4 1 94;
18 4 2 142;
18 4 3 103;
18 4 4 68;
18 4 5 0;
18 4 6 0;
18 4 7 259;
18 4 8 159;
18 4 9 274;
18 4 10 253;
18 4 11 265;
18 4 12 246;
18 5 1 57;
18 5 2 209;
18 5 3 83;
18 5 4 109;
18 5 5 260;
18 5 6 0;
18 5 7 53;
18 5 8 0;
18 5 9 140;
18 5 10 169;
18 5 11 214;
18 5 12 142;
18 6 1 171;
18 6 2 57;
18 6 3 217;
18 6 4 128;
18 6 5 232;
18 6 6 227;
18 6 7 200;
18 6 8 129;
18 6 9 236;
18 6 10 0;
18 6 11 69;
18 6 12 257;
19 1 1 88;
19 1 2 103;
19 1 3 272;
19 1 4 159;
19 1 5 223;
19 1 6 154;
19 1 7 238;
19 1 8 226;
19 1 9 248;
19 1 10 293;
19 1 11 295;
19 1 12 0;
19 2 1 293;
19 2 2 122;
19 2 3 119;
19 2 4 279;
19 2 5 147;
19 2 6 145;
19 2 7 256;
19 2 8 99;
19 2 9 139;
19 2 10 260;
19 2 11 265;
19 2 12 216;
19 3 1 191;
19 3 2 0;
19 3 3 232;
19 3 4 58;
19 3 5 0;
19 3 6 295;
19 3 7 157;
19 3 8 175;
19 3 9 0;
19 3 10 184;
19 3 11 260;
19 3 12 69;
19 4 1 0;
19 4 2 149;
19 4 3 0;
19 4 4 166;
19 4 5 0;
19 4 6 0;
19 4 7 91;
19 4 8 270;
19 4 9 250;
19 4 10 106;
19 4 11 70;
19 4 12 102;
19 5 1 140;
19 5 2 0;
19 5 3 180;
19 5 4 111;
19 5 5 147;
19 5 6 155;
19 5 7 179;
19 5 8 0;
19 5 9 145;
19 5 10 191;
19 5 11 129;
19 5 12 147;
19 6 1 107;
19 6 2 166;
19 6 3 113;
19 6 4 202;
19 6 5 122;
19 6 6 0;
19 6 7 0;
19 6 8 213;
19 6 9 99;
19 6 10 0;
19 6 11 0;
19 6 12 0;
20 1 1 0;
20 1 2 0;
20 1 3 89;
20 1 4 236;
20 1 5 121;
20 1 6 232;
20 1 7 83;
20 1 8 273;
20 1 9 0;
20 1 10 0;
20 1 11 182;
20 1 12 197;
20 2 1 140;
20 2 2 131;
20 2 3 0;
20 2 4 72;
20 2 5 189;
20 2 6 193;
20 2 7 178;
20 2 8 169;
20 2 9 248;
20 2 10 0;
20 2 11 0;
20 2 12 170;
20 3 1 51;
20 3 2 102;
20 3 3 288;
20 3 4 61;
20 3 5 0;
20 3 6 167;
20 3 7 111;
20 3 8 274;
20 3 9 263;
20 3 10 89;
20 3 11 240;
20 3 12 69;
20 4 1 272;
20 4 2 247;
20 4 3 248;
20 4 4 199;
20 4 5 91;
20 4 6 286;
20 4 7 261;
20 4 8 0;
20 4 9 59;
20 4 10 57;
20 4 11 0;
20 4 12 139;
20 5 1 0;
20 5 2 74;
20 5 3 0;
20 5 4 88;
20 5 5 129;
20 5 6 236;
20 5 7 173;
20 5 8 192;
20 5 9 176;
20 5 10 0;
20 5 11 59;
20 5 12 233;
20 6 1 153;
20 6 2 288;
20 6 3 143;
20 6 4 118;
20 6 5 147;
20 6 6 0;
20 6 7 119;
20 6 8 291;
20 6 9 147;
20 6 10 194;
20 6 11 243;
20 6 12 79;
]

global Cap_c = [
1 1 1 19875.0;
1 1 2 19875.0;
1 1 3 19875.0;
1 1 4 19875.0;
1 1 5 19875.0;
1 1 6 19875.0;
1 1 7 19875.0;
1 1 8 19875.0;
1 1 9 19875.0;
1 1 10 19875.0;
1 1 11 19875.0;
1 1 12 19875.0;
1 2 1 19875.0;
1 2 2 19875.0;
1 2 3 19875.0;
1 2 4 19875.0;
1 2 5 19875.0;
1 2 6 19875.0;
1 2 7 19875.0;
1 2 8 19875.0;
1 2 9 19875.0;
1 2 10 19875.0;
1 2 11 19875.0;
1 2 12 19875.0;
2 1 1 19875.0;
2 1 2 19875.0;
2 1 3 19875.0;
2 1 4 19875.0;
2 1 5 19875.0;
2 1 6 19875.0;
2 1 7 19875.0;
2 1 8 19875.0;
2 1 9 19875.0;
2 1 10 19875.0;
2 1 11 19875.0;
2 1 12 19875.0;
2 2 1 19875.0;
2 2 2 19875.0;
2 2 3 19875.0;
2 2 4 19875.0;
2 2 5 19875.0;
2 2 6 19875.0;
2 2 7 19875.0;
2 2 8 19875.0;
2 2 9 19875.0;
2 2 10 19875.0;
2 2 11 19875.0;
2 2 12 19875.0;
3 1 1 19875.0;
3 1 2 19875.0;
3 1 3 19875.0;
3 1 4 19875.0;
3 1 5 19875.0;
3 1 6 19875.0;
3 1 7 19875.0;
3 1 8 19875.0;
3 1 9 19875.0;
3 1 10 19875.0;
3 1 11 19875.0;
3 1 12 19875.0;
3 2 1 19875.0;
3 2 2 19875.0;
3 2 3 19875.0;
3 2 4 19875.0;
3 2 5 19875.0;
3 2 6 19875.0;
3 2 7 19875.0;
3 2 8 19875.0;
3 2 9 19875.0;
3 2 10 19875.0;
3 2 11 19875.0;
3 2 12 19875.0;
4 1 1 19875.0;
4 1 2 19875.0;
4 1 3 19875.0;
4 1 4 19875.0;
4 1 5 19875.0;
4 1 6 19875.0;
4 1 7 19875.0;
4 1 8 19875.0;
4 1 9 19875.0;
4 1 10 19875.0;
4 1 11 19875.0;
4 1 12 19875.0;
4 2 1 19875.0;
4 2 2 19875.0;
4 2 3 19875.0;
4 2 4 19875.0;
4 2 5 19875.0;
4 2 6 19875.0;
4 2 7 19875.0;
4 2 8 19875.0;
4 2 9 19875.0;
4 2 10 19875.0;
4 2 11 19875.0;
4 2 12 19875.0;
5 1 1 19875.0;
5 1 2 19875.0;
5 1 3 19875.0;
5 1 4 19875.0;
5 1 5 19875.0;
5 1 6 19875.0;
5 1 7 19875.0;
5 1 8 19875.0;
5 1 9 19875.0;
5 1 10 19875.0;
5 1 11 19875.0;
5 1 12 19875.0;
5 2 1 19875.0;
5 2 2 19875.0;
5 2 3 19875.0;
5 2 4 19875.0;
5 2 5 19875.0;
5 2 6 19875.0;
5 2 7 19875.0;
5 2 8 19875.0;
5 2 9 19875.0;
5 2 10 19875.0;
5 2 11 19875.0;
5 2 12 19875.0;
6 1 1 19875.0;
6 1 2 19875.0;
6 1 3 19875.0;
6 1 4 19875.0;
6 1 5 19875.0;
6 1 6 19875.0;
6 1 7 19875.0;
6 1 8 19875.0;
6 1 9 19875.0;
6 1 10 19875.0;
6 1 11 19875.0;
6 1 12 19875.0;
6 2 1 19875.0;
6 2 2 19875.0;
6 2 3 19875.0;
6 2 4 19875.0;
6 2 5 19875.0;
6 2 6 19875.0;
6 2 7 19875.0;
6 2 8 19875.0;
6 2 9 19875.0;
6 2 10 19875.0;
6 2 11 19875.0;
6 2 12 19875.0;
]

global Cap_p = [1.782784e6 1.782784e6 1.782784e6 1.782784e6 1.782784e6 1.782784e6 1.782784e6 1.782784e6 1.782784e6 1.782784e6 1.782784e6 1.782784e6; 1.518668e6 1.518668e6 1.518668e6 1.518668e6 1.518668e6 1.518668e6 1.518668e6 1.518668e6 1.518668e6 1.518668e6 1.518668e6 1.518668e6]
#-----------------------------------------