###################################################
# Classe 27 : K = 6, M = 2, T = 12, N = 20
# Exemplo: 10.   c27ex10.dat          Semente: 2000
#-----------------------Dados----------------------
global K = 6
global M = 2
global T = 12
global N = 20

global L = [540, 460]

global l = [50, 54, 69, 80, 80, 81, 81, 87, 98, 108, 120, 125, 128, 129, 133, 141, 144, 144, 148, 149]

global Q1 = 1e5
global Q2 = 1e5

global rho = [2.0, 2.0, 2.0, 2.0, 2.0, 2.0]

global b = [1080.0 920.0; 1080.0 920.0; 1080.0 920.0; 1080.0 920.0; 1080.0 920.0; 1080.0 920.0]

global f = [47.52 40.48; 47.52 40.48; 47.52 40.48; 47.52 40.48; 47.52 40.48; 47.52 40.48]

global c_km = [31.32 19.32; 32.4 37.72; 45.36 37.72; 33.48 22.08; 22.68 18.4; 35.64 18.4]

global p_km = [4.291 2.647; 4.439 5.168; 6.214 5.168; 4.587 3.025; 3.107 2.521; 4.883 2.521]

global c_x = [
1 1 1 21.924;
1 1 2 21.924;
1 1 3 21.924;
1 1 4 21.924;
1 1 5 21.924;
1 1 6 21.924;
1 1 7 21.924;
1 1 8 21.924;
1 1 9 21.924;
1 1 10 21.924;
1 1 11 21.924;
1 1 12 21.924;
1 2 1 16.652;
1 2 2 16.652;
1 2 3 16.652;
1 2 4 16.652;
1 2 5 16.652;
1 2 6 16.652;
1 2 7 16.652;
1 2 8 16.652;
1 2 9 16.652;
1 2 10 16.652;
1 2 11 16.652;
1 2 12 16.652;
2 1 1 25.164;
2 1 2 25.164;
2 1 3 25.164;
2 1 4 25.164;
2 1 5 25.164;
2 1 6 25.164;
2 1 7 25.164;
2 1 8 25.164;
2 1 9 25.164;
2 1 10 25.164;
2 1 11 25.164;
2 1 12 25.164;
2 2 1 20.24;
2 2 2 20.24;
2 2 3 20.24;
2 2 4 20.24;
2 2 5 20.24;
2 2 6 20.24;
2 2 7 20.24;
2 2 8 20.24;
2 2 9 20.24;
2 2 10 20.24;
2 2 11 20.24;
2 2 12 20.24;
3 1 1 20.952;
3 1 2 20.952;
3 1 3 20.952;
3 1 4 20.952;
3 1 5 20.952;
3 1 6 20.952;
3 1 7 20.952;
3 1 8 20.952;
3 1 9 20.952;
3 1 10 20.952;
3 1 11 20.952;
3 1 12 20.952;
3 2 1 21.16;
3 2 2 21.16;
3 2 3 21.16;
3 2 4 21.16;
3 2 5 21.16;
3 2 6 21.16;
3 2 7 21.16;
3 2 8 21.16;
3 2 9 21.16;
3 2 10 21.16;
3 2 11 21.16;
3 2 12 21.16;
4 1 1 17.064;
4 1 2 17.064;
4 1 3 17.064;
4 1 4 17.064;
4 1 5 17.064;
4 1 6 17.064;
4 1 7 17.064;
4 1 8 17.064;
4 1 9 17.064;
4 1 10 17.064;
4 1 11 17.064;
4 1 12 17.064;
4 2 1 23.0;
4 2 2 23.0;
4 2 3 23.0;
4 2 4 23.0;
4 2 5 23.0;
4 2 6 23.0;
4 2 7 23.0;
4 2 8 23.0;
4 2 9 23.0;
4 2 10 23.0;
4 2 11 23.0;
4 2 12 23.0;
5 1 1 20.735;
5 1 2 20.735;
5 1 3 20.735;
5 1 4 20.735;
5 1 5 20.735;
5 1 6 20.735;
5 1 7 20.735;
5 1 8 20.735;
5 1 9 20.735;
5 1 10 20.735;
5 1 11 20.735;
5 1 12 20.735;
5 2 1 19.779;
5 2 2 19.779;
5 2 3 19.779;
5 2 4 19.779;
5 2 5 19.779;
5 2 6 19.779;
5 2 7 19.779;
5 2 8 19.779;
5 2 9 19.779;
5 2 10 19.779;
5 2 11 19.779;
5 2 12 19.779;
6 1 1 17.712;
6 1 2 17.712;
6 1 3 17.712;
6 1 4 17.712;
6 1 5 17.712;
6 1 6 17.712;
6 1 7 17.712;
6 1 8 17.712;
6 1 9 17.712;
6 1 10 17.712;
6 1 11 17.712;
6 1 12 17.712;
6 2 1 18.952;
6 2 2 18.952;
6 2 3 18.952;
6 2 4 18.952;
6 2 5 18.952;
6 2 6 18.952;
6 2 7 18.952;
6 2 8 18.952;
6 2 9 18.952;
6 2 10 18.952;
6 2 11 18.952;
6 2 12 18.952;
]

global c_z = [
1 1 1 0.658;
1 1 2 0.658;
1 1 3 0.658;
1 1 4 0.658;
1 1 5 0.658;
1 1 6 0.658;
1 1 7 0.658;
1 1 8 0.658;
1 1 9 0.658;
1 1 10 0.658;
1 1 11 0.658;
1 1 12 0.658;
1 2 1 0.683;
1 2 2 0.683;
1 2 3 0.683;
1 2 4 0.683;
1 2 5 0.683;
1 2 6 0.683;
1 2 7 0.683;
1 2 8 0.683;
1 2 9 0.683;
1 2 10 0.683;
1 2 11 0.683;
1 2 12 0.683;
2 1 1 0.931;
2 1 2 0.931;
2 1 3 0.931;
2 1 4 0.931;
2 1 5 0.931;
2 1 6 0.931;
2 1 7 0.931;
2 1 8 0.931;
2 1 9 0.931;
2 1 10 0.931;
2 1 11 0.931;
2 1 12 0.931;
2 2 1 1.012;
2 2 2 1.012;
2 2 3 1.012;
2 2 4 1.012;
2 2 5 1.012;
2 2 6 1.012;
2 2 7 1.012;
2 2 8 1.012;
2 2 9 1.012;
2 2 10 1.012;
2 2 11 1.012;
2 2 12 1.012;
3 1 1 0.838;
3 1 2 0.838;
3 1 3 0.838;
3 1 4 0.838;
3 1 5 0.838;
3 1 6 0.838;
3 1 7 0.838;
3 1 8 0.838;
3 1 9 0.838;
3 1 10 0.838;
3 1 11 0.838;
3 1 12 0.838;
3 2 1 0.952;
3 2 2 0.952;
3 2 3 0.952;
3 2 4 0.952;
3 2 5 0.952;
3 2 6 0.952;
3 2 7 0.952;
3 2 8 0.952;
3 2 9 0.952;
3 2 10 0.952;
3 2 11 0.952;
3 2 12 0.952;
4 1 1 0.836;
4 1 2 0.836;
4 1 3 0.836;
4 1 4 0.836;
4 1 5 0.836;
4 1 6 0.836;
4 1 7 0.836;
4 1 8 0.836;
4 1 9 0.836;
4 1 10 0.836;
4 1 11 0.836;
4 1 12 0.836;
4 2 1 0.736;
4 2 2 0.736;
4 2 3 0.736;
4 2 4 0.736;
4 2 5 0.736;
4 2 6 0.736;
4 2 7 0.736;
4 2 8 0.736;
4 2 9 0.736;
4 2 10 0.736;
4 2 11 0.736;
4 2 12 0.736;
5 1 1 0.788;
5 1 2 0.788;
5 1 3 0.788;
5 1 4 0.788;
5 1 5 0.788;
5 1 6 0.788;
5 1 7 0.788;
5 1 8 0.788;
5 1 9 0.788;
5 1 10 0.788;
5 1 11 0.788;
5 1 12 0.788;
5 2 1 0.91;
5 2 2 0.91;
5 2 3 0.91;
5 2 4 0.91;
5 2 5 0.91;
5 2 6 0.91;
5 2 7 0.91;
5 2 8 0.91;
5 2 9 0.91;
5 2 10 0.91;
5 2 11 0.91;
5 2 12 0.91;
6 1 1 0.762;
6 1 2 0.762;
6 1 3 0.762;
6 1 4 0.762;
6 1 5 0.762;
6 1 6 0.762;
6 1 7 0.762;
6 1 8 0.762;
6 1 9 0.762;
6 1 10 0.762;
6 1 11 0.762;
6 1 12 0.762;
6 2 1 0.682;
6 2 2 0.682;
6 2 3 0.682;
6 2 4 0.682;
6 2 5 0.682;
6 2 6 0.682;
6 2 7 0.682;
6 2 8 0.682;
6 2 9 0.682;
6 2 10 0.682;
6 2 11 0.682;
6 2 12 0.682;
]

global c_y = [
1 1 1 3.069;
1 1 2 3.069;
1 1 3 3.069;
1 1 4 3.069;
1 1 5 3.069;
1 1 6 3.069;
1 1 7 3.069;
1 1 8 3.069;
1 1 9 3.069;
1 1 10 3.069;
1 1 11 3.069;
1 1 12 3.069;
1 2 1 2.498;
1 2 2 2.498;
1 2 3 2.498;
1 2 4 2.498;
1 2 5 2.498;
1 2 6 2.498;
1 2 7 2.498;
1 2 8 2.498;
1 2 9 2.498;
1 2 10 2.498;
1 2 11 2.498;
1 2 12 2.498;
2 1 1 2.516;
2 1 2 2.516;
2 1 3 2.516;
2 1 4 2.516;
2 1 5 2.516;
2 1 6 2.516;
2 1 7 2.516;
2 1 8 2.516;
2 1 9 2.516;
2 1 10 2.516;
2 1 11 2.516;
2 1 12 2.516;
2 2 1 3.036;
2 2 2 3.036;
2 2 3 3.036;
2 2 4 3.036;
2 2 5 3.036;
2 2 6 3.036;
2 2 7 3.036;
2 2 8 3.036;
2 2 9 3.036;
2 2 10 3.036;
2 2 11 3.036;
2 2 12 3.036;
3 1 1 2.305;
3 1 2 2.305;
3 1 3 2.305;
3 1 4 2.305;
3 1 5 2.305;
3 1 6 2.305;
3 1 7 2.305;
3 1 8 2.305;
3 1 9 2.305;
3 1 10 2.305;
3 1 11 2.305;
3 1 12 2.305;
3 2 1 2.328;
3 2 2 2.328;
3 2 3 2.328;
3 2 4 2.328;
3 2 5 2.328;
3 2 6 2.328;
3 2 7 2.328;
3 2 8 2.328;
3 2 9 2.328;
3 2 10 2.328;
3 2 11 2.328;
3 2 12 2.328;
4 1 1 2.389;
4 1 2 2.389;
4 1 3 2.389;
4 1 4 2.389;
4 1 5 2.389;
4 1 6 2.389;
4 1 7 2.389;
4 1 8 2.389;
4 1 9 2.389;
4 1 10 2.389;
4 1 11 2.389;
4 1 12 2.389;
4 2 1 2.3;
4 2 2 2.3;
4 2 3 2.3;
4 2 4 2.3;
4 2 5 2.3;
4 2 6 2.3;
4 2 7 2.3;
4 2 8 2.3;
4 2 9 2.3;
4 2 10 2.3;
4 2 11 2.3;
4 2 12 2.3;
5 1 1 2.488;
5 1 2 2.488;
5 1 3 2.488;
5 1 4 2.488;
5 1 5 2.488;
5 1 6 2.488;
5 1 7 2.488;
5 1 8 2.488;
5 1 9 2.488;
5 1 10 2.488;
5 1 11 2.488;
5 1 12 2.488;
5 2 1 2.571;
5 2 2 2.571;
5 2 3 2.571;
5 2 4 2.571;
5 2 5 2.571;
5 2 6 2.571;
5 2 7 2.571;
5 2 8 2.571;
5 2 9 2.571;
5 2 10 2.571;
5 2 11 2.571;
5 2 12 2.571;
6 1 1 2.657;
6 1 2 2.657;
6 1 3 2.657;
6 1 4 2.657;
6 1 5 2.657;
6 1 6 2.657;
6 1 7 2.657;
6 1 8 2.657;
6 1 9 2.657;
6 1 10 2.657;
6 1 11 2.657;
6 1 12 2.657;
6 2 1 2.843;
6 2 2 2.843;
6 2 3 2.843;
6 2 4 2.843;
6 2 5 2.843;
6 2 6 2.843;
6 2 7 2.843;
6 2 8 2.843;
6 2 9 2.843;
6 2 10 2.843;
6 2 11 2.843;
6 2 12 2.843;
]

global c_sc = [
1 1 1 0.12;
1 1 2 0.12;
1 1 3 0.12;
1 1 4 0.12;
1 1 5 0.12;
1 1 6 0.12;
1 1 7 0.12;
1 1 8 0.12;
1 1 9 0.12;
1 1 10 0.12;
1 1 11 0.12;
1 1 12 0.12;
1 2 1 0.075;
1 2 2 0.075;
1 2 3 0.075;
1 2 4 0.075;
1 2 5 0.075;
1 2 6 0.075;
1 2 7 0.075;
1 2 8 0.075;
1 2 9 0.075;
1 2 10 0.075;
1 2 11 0.075;
1 2 12 0.075;
2 1 1 0.086;
2 1 2 0.086;
2 1 3 0.086;
2 1 4 0.086;
2 1 5 0.086;
2 1 6 0.086;
2 1 7 0.086;
2 1 8 0.086;
2 1 9 0.086;
2 1 10 0.086;
2 1 11 0.086;
2 1 12 0.086;
2 2 1 0.134;
2 2 2 0.134;
2 2 3 0.134;
2 2 4 0.134;
2 2 5 0.134;
2 2 6 0.134;
2 2 7 0.134;
2 2 8 0.134;
2 2 9 0.134;
2 2 10 0.134;
2 2 11 0.134;
2 2 12 0.134;
3 1 1 0.081;
3 1 2 0.081;
3 1 3 0.081;
3 1 4 0.081;
3 1 5 0.081;
3 1 6 0.081;
3 1 7 0.081;
3 1 8 0.081;
3 1 9 0.081;
3 1 10 0.081;
3 1 11 0.081;
3 1 12 0.081;
3 2 1 0.107;
3 2 2 0.107;
3 2 3 0.107;
3 2 4 0.107;
3 2 5 0.107;
3 2 6 0.107;
3 2 7 0.107;
3 2 8 0.107;
3 2 9 0.107;
3 2 10 0.107;
3 2 11 0.107;
3 2 12 0.107;
4 1 1 0.074;
4 1 2 0.074;
4 1 3 0.074;
4 1 4 0.074;
4 1 5 0.074;
4 1 6 0.074;
4 1 7 0.074;
4 1 8 0.074;
4 1 9 0.074;
4 1 10 0.074;
4 1 11 0.074;
4 1 12 0.074;
4 2 1 0.069;
4 2 2 0.069;
4 2 3 0.069;
4 2 4 0.069;
4 2 5 0.069;
4 2 6 0.069;
4 2 7 0.069;
4 2 8 0.069;
4 2 9 0.069;
4 2 10 0.069;
4 2 11 0.069;
4 2 12 0.069;
5 1 1 0.085;
5 1 2 0.085;
5 1 3 0.085;
5 1 4 0.085;
5 1 5 0.085;
5 1 6 0.085;
5 1 7 0.085;
5 1 8 0.085;
5 1 9 0.085;
5 1 10 0.085;
5 1 11 0.085;
5 1 12 0.085;
5 2 1 0.126;
5 2 2 0.126;
5 2 3 0.126;
5 2 4 0.126;
5 2 5 0.126;
5 2 6 0.126;
5 2 7 0.126;
5 2 8 0.126;
5 2 9 0.126;
5 2 10 0.126;
5 2 11 0.126;
5 2 12 0.126;
6 1 1 0.128;
6 1 2 0.128;
6 1 3 0.128;
6 1 4 0.128;
6 1 5 0.128;
6 1 6 0.128;
6 1 7 0.128;
6 1 8 0.128;
6 1 9 0.128;
6 1 10 0.128;
6 1 11 0.128;
6 1 12 0.128;
6 2 1 0.136;
6 2 2 0.136;
6 2 3 0.136;
6 2 4 0.136;
6 2 5 0.136;
6 2 6 0.136;
6 2 7 0.136;
6 2 8 0.136;
6 2 9 0.136;
6 2 10 0.136;
6 2 11 0.136;
6 2 12 0.136;
]

global c_w = [
1 1 1 0.57;
1 1 2 0.57;
1 1 3 0.57;
1 1 4 0.57;
1 1 5 0.57;
1 1 6 0.57;
1 1 7 0.57;
1 1 8 0.57;
1 1 9 0.57;
1 1 10 0.57;
1 1 11 0.57;
1 1 12 0.57;
1 2 1 0.167;
1 2 2 0.167;
1 2 3 0.167;
1 2 4 0.167;
1 2 5 0.167;
1 2 6 0.167;
1 2 7 0.167;
1 2 8 0.167;
1 2 9 0.167;
1 2 10 0.167;
1 2 11 0.167;
1 2 12 0.167;
2 1 1 0.377;
2 1 2 0.377;
2 1 3 0.377;
2 1 4 0.377;
2 1 5 0.377;
2 1 6 0.377;
2 1 7 0.377;
2 1 8 0.377;
2 1 9 0.377;
2 1 10 0.377;
2 1 11 0.377;
2 1 12 0.377;
2 2 1 0.405;
2 2 2 0.405;
2 2 3 0.405;
2 2 4 0.405;
2 2 5 0.405;
2 2 6 0.405;
2 2 7 0.405;
2 2 8 0.405;
2 2 9 0.405;
2 2 10 0.405;
2 2 11 0.405;
2 2 12 0.405;
3 1 1 0.419;
3 1 2 0.419;
3 1 3 0.419;
3 1 4 0.419;
3 1 5 0.419;
3 1 6 0.419;
3 1 7 0.419;
3 1 8 0.419;
3 1 9 0.419;
3 1 10 0.419;
3 1 11 0.419;
3 1 12 0.419;
3 2 1 0.529;
3 2 2 0.529;
3 2 3 0.529;
3 2 4 0.529;
3 2 5 0.529;
3 2 6 0.529;
3 2 7 0.529;
3 2 8 0.529;
3 2 9 0.529;
3 2 10 0.529;
3 2 11 0.529;
3 2 12 0.529;
4 1 1 0.171;
4 1 2 0.171;
4 1 3 0.171;
4 1 4 0.171;
4 1 5 0.171;
4 1 6 0.171;
4 1 7 0.171;
4 1 8 0.171;
4 1 9 0.171;
4 1 10 0.171;
4 1 11 0.171;
4 1 12 0.171;
4 2 1 0.69;
4 2 2 0.69;
4 2 3 0.69;
4 2 4 0.69;
4 2 5 0.69;
4 2 6 0.69;
4 2 7 0.69;
4 2 8 0.69;
4 2 9 0.69;
4 2 10 0.69;
4 2 11 0.69;
4 2 12 0.69;
5 1 1 0.498;
5 1 2 0.498;
5 1 3 0.498;
5 1 4 0.498;
5 1 5 0.498;
5 1 6 0.498;
5 1 7 0.498;
5 1 8 0.498;
5 1 9 0.498;
5 1 10 0.498;
5 1 11 0.498;
5 1 12 0.498;
5 2 1 0.415;
5 2 2 0.415;
5 2 3 0.415;
5 2 4 0.415;
5 2 5 0.415;
5 2 6 0.415;
5 2 7 0.415;
5 2 8 0.415;
5 2 9 0.415;
5 2 10 0.415;
5 2 11 0.415;
5 2 12 0.415;
6 1 1 0.443;
6 1 2 0.443;
6 1 3 0.443;
6 1 4 0.443;
6 1 5 0.443;
6 1 6 0.443;
6 1 7 0.443;
6 1 8 0.443;
6 1 9 0.443;
6 1 10 0.443;
6 1 11 0.443;
6 1 12 0.443;
6 2 1 0.55;
6 2 2 0.55;
6 2 3 0.55;
6 2 4 0.55;
6 2 5 0.55;
6 2 6 0.55;
6 2 7 0.55;
6 2 8 0.55;
6 2 9 0.55;
6 2 10 0.55;
6 2 11 0.55;
6 2 12 0.55;
]

global c_e = [
1 1 1 0.043938791732909384;
1 1 2 0.043938791732909384;
1 1 3 0.030757154213036566;
1 1 4 0.04100953895071543;
1 1 5 0.04174185214626391;
1 1 6 0.04100953895071543;
1 1 7 0.030024841017488077;
1 1 8 0.031489467408585055;
1 1 9 0.04174185214626391;
1 1 10 0.03661565977742448;
1 1 11 0.040277225755166936;
1 1 12 0.0424741653418124;
1 2 1 0.04429054054054053;
1 2 2 0.03341216216216216;
1 2 3 0.03496621621621621;
1 2 4 0.032635135135135135;
1 2 5 0.03574324324324324;
1 2 6 0.03652027027027027;
1 2 7 0.03574324324324324;
1 2 8 0.0372972972972973;
1 2 9 0.0404054054054054;
1 2 10 0.03185810810810811;
1 2 11 0.03418918918918919;
1 2 12 0.04118243243243243;
1 3 1 0.046156597774244836;
1 3 2 0.039562798092209854;
1 3 3 0.04804054054054054;
1 3 4 0.039562798092209854;
1 3 5 0.04050476947535771;
1 3 6 0.04521462639109698;
1 3 7 0.0508664546899841;
1 3 8 0.04804054054054054;
1 3 9 0.04144674085850556;
1 3 10 0.04427265500794912;
1 3 11 0.04992448330683625;
1 3 12 0.039562798092209854;
1 4 1 0.0444872813990461;
1 4 2 0.04705385532591415;
1 4 3 0.0461983306836248;
1 4 4 0.034220985691573926;
1 4 5 0.048764904610492835;
1 4 6 0.03935413354531001;
1 4 7 0.041065182829888705;
1 4 8 0.04534280604133545;
1 4 9 0.04705385532591415;
1 4 10 0.04020965818759936;
1 4 11 0.051331478537360885;
1 4 12 0.03849860890302066;
1 5 1 0.05080286168521464;
1 5 2 0.03810214626391097;
1 5 3 0.04808127980922099;
1 5 4 0.03900934022257552;
1 5 5 0.0462668918918919;
1 5 6 0.04808127980922099;
1 5 7 0.04717408585055644;
1 5 8 0.04989566772655009;
1 5 9 0.054431637519872816;
1 5 10 0.04354531001589826;
1 5 11 0.05080286168521464;
1 5 12 0.05080286168521464;
1 6 1 0.05525437201907791;
1 6 2 0.04538751987281399;
1 6 3 0.059201112877583464;
1 6 4 0.059201112877583464;
1 6 5 0.044400834658187595;
1 6 6 0.042427464228934814;
1 6 7 0.05821442766295707;
1 6 8 0.04538751987281399;
1 6 9 0.059201112877583464;
1 6 10 0.05821442766295707;
1 6 11 0.04045409379968203;
1 6 12 0.046374205087440376;
2 1 1 0.04587209856915739;
2 1 2 0.03242682829888712;
2 1 3 0.03717221780604133;
2 1 4 0.03717221780604133;
2 1 5 0.03717221780604133;
2 1 6 0.042708505564387926;
2 1 7 0.041126709062003185;
2 1 8 0.04666299682034976;
2 1 9 0.0355904213036566;
2 1 10 0.04349940381558029;
2 1 11 0.04587209856915739;
2 1 12 0.04191760731319555;
2 2 1 0.04447702702702703;
2 2 2 0.04867297297297297;
2 2 3 0.038602702702702704;
2 2 4 0.03524594594594595;
2 2 5 0.04447702702702703;
2 2 6 0.050351351351351346;
2 2 7 0.04615540540540541;
2 2 8 0.04531621621621622;
2 2 9 0.036924324324324326;
2 2 10 0.04447702702702703;
2 2 11 0.037763513513513515;
2 2 12 0.03356756756756757;
2 3 1 0.048831796502384735;
2 3 2 0.0508664546899841;
2 3 3 0.05900508744038155;
2 3 4 0.06103974562798092;
2 3 5 0.05595310015898251;
2 3 6 0.05493577106518283;
2 3 7 0.047814467408585054;
2 3 8 0.042727821939586644;
2 3 9 0.04476248012718601;
2 3 10 0.041710492845786956;
2 3 11 0.060022416534181236;
2 3 12 0.04984912559618442;
2 4 1 0.05543799682034976;
2 4 2 0.039730564387917326;
2 4 3 0.04804626391096979;
2 4 4 0.037882631160572326;
2 4 5 0.05174213036565978;
2 4 6 0.052666096979332264;
2 4 7 0.05451403020667726;
2 4 8 0.0461983306836248;
2 4 9 0.049894197138314784;
2 4 10 0.038806597774244826;
2 4 11 0.0461983306836248;
2 4 12 0.03695866454689984;
2 5 1 0.04408962639109699;
2 5 2 0.04115031796502385;
2 5 3 0.04898847376788554;
2 5 4 0.057806399046104934;
2 5 5 0.051927782193958674;
2 5 6 0.0460491653418124;
2 5 7 0.04702893481717011;
2 5 8 0.050948012718600964;
2 5 9 0.05584686009538951;
2 5 10 0.04115031796502385;
2 5 11 0.04115031796502385;
2 5 12 0.050948012718600964;
2 6 1 0.053281001589825114;
2 6 2 0.042624801271860094;
2 6 3 0.052215381558028615;
2 6 4 0.05008414149443561;
2 6 5 0.05754348171701113;
2 6 6 0.06180596184419713;
2 6 7 0.05114976152623211;
2 6 8 0.053281001589825114;
2 6 9 0.042624801271860094;
2 6 10 0.06287158187599363;
2 6 11 0.06287158187599363;
2 6 12 0.056477861685214625;
3 1 1 0.04648724165341813;
3 1 2 0.0515402027027027;
3 1 3 0.060635532591414944;
3 1 4 0.04850842607313195;
3 1 5 0.04850842607313195;
3 1 6 0.04850842607313195;
3 1 7 0.05962494038155803;
3 1 8 0.041434280604133546;
3 1 9 0.041434280604133546;
3 1 10 0.05861434817170111;
3 1 11 0.05356138712241654;
3 1 12 0.041434280604133546;
3 2 1 0.05039797297297297;
3 2 2 0.058976351351351354;
3 2 3 0.04718108108108108;
3 2 4 0.060048648648648645;
3 2 5 0.06433783783783784;
3 2 6 0.06433783783783784;
3 2 7 0.042891891891891895;
3 2 8 0.06433783783783784;
3 2 9 0.054687162162162156;
3 2 10 0.05147027027027026;
3 2 11 0.060048648648648645;
3 2 12 0.05790405405405406;
3 3 1 0.07019570747217807;
3 3 2 0.06889578696343403;
3 3 3 0.06239618441971383;
3 3 4 0.05329674085850556;
3 3 5 0.0714956279809221;
3 3 6 0.057196502384737676;
3 3 7 0.05329674085850556;
3 3 8 0.0753953895071542;
3 3 9 0.07799523052464229;
3 3 10 0.07669531001589826;
3 3 11 0.05589658187599364;
3 3 12 0.06499602543720191;
3 4 1 0.05312808028616852;
3 4 2 0.04840558426073131;
3 4 3 0.05903120031796502;
3 4 4 0.060211824324324315;
3 4 5 0.06729556836248012;
3 4 6 0.06611494435612082;
3 4 7 0.06965681637519873;
3 4 8 0.05903120031796502;
3 4 9 0.05312808028616852;
3 4 10 0.04840558426073131;
3 4 11 0.04840558426073131;
3 4 12 0.06611494435612082;
3 5 1 0.06134445548489667;
3 5 2 0.07261180445151033;
3 5 3 0.06134445548489667;
3 5 4 0.053832889507154216;
3 5 5 0.05132903418124007;
3 5 6 0.06384831081081081;
3 5 7 0.050077106518282996;
3 5 8 0.053832889507154216;
3 5 9 0.06134445548489667;
3 5 10 0.060092527821939586;
3 5 11 0.07511565977742449;
3 5 12 0.06635216613672497;
3 6 1 0.05854990063593004;
3 6 2 0.07080453100158983;
3 6 3 0.05718827503974563;
3 6 4 0.07216615659777424;
3 6 5 0.07488940779014308;
3 6 6 0.05854990063593004;
3 6 7 0.06808127980922098;
3 6 8 0.06399640302066772;
3 6 9 0.07897428457869633;
3 6 10 0.0694429054054054;
3 6 11 0.07216615659777424;
3 6 12 0.06535802861685214;
4 1 1 0.06913036565977743;
4 1 2 0.06327186009538951;
4 1 3 0.04803974562798092;
4 1 4 0.059756756756756756;
4 1 5 0.058585055643879176;
4 1 6 0.05506995230524642;
4 1 7 0.05272655007949126;
4 1 8 0.05506995230524642;
4 1 9 0.06092845786963434;
4 1 10 0.06678696343402225;
4 1 11 0.053898251192368844;
4 1 12 0.05272655007949126;
4 2 1 0.05843243243243242;
4 2 2 0.06091891891891892;
4 2 3 0.04972972972972973;
4 2 4 0.0634054054054054;
4 2 5 0.07086486486486486;
4 2 6 0.05843243243243242;
4 2 7 0.055945945945945944;
4 2 8 0.06216216216216216;
4 2 9 0.0634054054054054;
4 2 10 0.0634054054054054;
4 2 11 0.05843243243243242;
4 2 12 0.0658918918918919;
4 3 1 0.07234340222575517;
4 3 2 0.07385055643879174;
4 3 3 0.06330047694753577;
4 3 4 0.07686486486486485;
4 3 5 0.08440063593004771;
4 3 6 0.07385055643879174;
4 3 7 0.07686486486486485;
4 3 8 0.08138632750397456;
4 3 9 0.06330047694753577;
4 3 10 0.06330047694753577;
4 3 11 0.07987917329093801;
4 3 12 0.07837201907790144;
4 4 1 0.0670731319554849;
4 4 2 0.06570429252782194;
4 4 3 0.0670731319554849;
4 4 4 0.06844197138314785;
4 4 5 0.05612241653418123;
4 4 6 0.07117965023847377;
4 4 7 0.08076152623211445;
4 4 8 0.08076152623211445;
4 4 9 0.060228934817170114;
4 4 10 0.060228934817170114;
4 4 11 0.061597774244833065;
4 4 12 0.07528616852146264;
4 5 1 0.06241494435612083;
4 5 2 0.06676947535771066;
4 5 3 0.06096343402225756;
4 5 4 0.06531796502384739;
4 5 5 0.07547853736089032;
4 5 6 0.05951192368839428;
4 5 7 0.06241494435612083;
4 5 8 0.05951192368839428;
4 5 9 0.08563910969793323;
4 5 10 0.07547853736089032;
4 5 11 0.06386645468998411;
4 5 12 0.08273608903020667;
4 6 1 0.06472655007949124;
4 6 2 0.07735612082670906;
4 6 3 0.0741987281399046;
4 6 4 0.08682829888712242;
4 6 5 0.09314308426073131;
4 6 6 0.09314308426073131;
4 6 7 0.08524960254372019;
4 6 8 0.07577742448330684;
4 6 9 0.06314785373608903;
4 6 10 0.08524960254372019;
4 6 11 0.09156438791732908;
4 6 12 0.06472655007949124;
5 1 1 0.04686804451510334;
5 1 2 0.062100158982511935;
5 1 3 0.06795866454689985;
5 1 4 0.06327186009538951;
5 1 5 0.06678696343402225;
5 1 6 0.06913036565977743;
5 1 7 0.06327186009538951;
5 1 8 0.062100158982511935;
5 1 9 0.062100158982511935;
5 1 10 0.06795866454689985;
5 1 11 0.06327186009538951;
5 1 12 0.070302066772655;
5 2 1 0.06464864864864865;
5 2 2 0.06464864864864865;
5 2 3 0.057189189189189193;
5 2 4 0.05470270270270271;
5 2 5 0.05345945945945946;
5 2 6 0.06216216216216216;
5 2 7 0.06091891891891892;
5 2 8 0.07210810810810811;
5 2 9 0.050972972972972964;
5 2 10 0.05843243243243242;
5 2 11 0.07086486486486486;
5 2 12 0.04972972972972973;
5 3 1 0.08440063593004771;
5 3 2 0.07234340222575517;
5 3 3 0.06782193958664547;
5 3 4 0.07686486486486485;
5 3 5 0.08440063593004771;
5 3 6 0.07686486486486485;
5 3 7 0.0708362480127186;
5 3 8 0.08289348171701112;
5 3 9 0.061793322734499195;
5 3 10 0.08590779014308425;
5 3 11 0.08138632750397456;
5 3 12 0.06480763116057234;
5 4 1 0.05749125596184419;
5 4 2 0.0670731319554849;
5 4 3 0.05475357710651828;
5 4 4 0.05749125596184419;
5 4 5 0.061597774244833065;
5 4 6 0.06433545310015897;
5 4 7 0.06433545310015897;
5 4 8 0.0793926868044515;
5 4 9 0.0793926868044515;
5 4 10 0.06570429252782194;
5 4 11 0.06570429252782194;
5 4 12 0.07802384737678854;
5 5 1 0.08709062003179652;
5 5 2 0.07693004769475359;
5 5 3 0.08128457869634342;
5 5 4 0.06967249602543721;
5 5 5 0.06241494435612083;
5 5 6 0.06531796502384739;
5 5 7 0.07838155802861686;
5 5 8 0.07257551669316376;
5 5 9 0.08273608903020667;
5 5 10 0.08128457869634342;
5 5 11 0.05951192368839428;
5 5 12 0.07257551669316376;
5 6 1 0.06472655007949124;
5 6 2 0.08682829888712242;
5 6 3 0.0805135135135135;
5 6 4 0.09314308426073131;
5 6 5 0.08998569157392686;
5 6 6 0.0726200317965024;
5 6 7 0.07893481717011128;
5 6 8 0.07735612082670906;
5 6 9 0.06630524642289348;
5 6 10 0.07577742448330684;
5 6 11 0.08524960254372019;
5 6 12 0.06946263910969794;
6 1 1 0.05101293720190779;
6 1 2 0.06999449523052464;
6 1 3 0.048640242448330685;
6 1 4 0.04745389507154213;
6 1 5 0.05694467408585055;
6 1 6 0.06999449523052464;
6 1 7 0.06999449523052464;
6 1 8 0.06406275834658189;
6 1 9 0.06880814785373608;
6 1 10 0.0711808426073132;
6 1 11 0.066435453100159;
6 1 12 0.066435453100159;
6 2 1 0.0616804054054054;
6 2 2 0.05916283783783784;
6 2 3 0.056645270270270276;
6 2 4 0.056645270270270276;
6 2 5 0.07426824324324324;
6 2 6 0.07426824324324324;
6 2 7 0.052868918918918914;
6 2 8 0.06293918918918918;
6 2 9 0.051610135135135134;
6 2 10 0.052868918918918914;
6 2 11 0.0541277027027027;
6 2 12 0.06923310810810811;
6 3 1 0.07629968203497615;
6 3 2 0.06866971383147855;
6 3 3 0.08392965023847378;
6 3 4 0.09003362480127186;
6 3 5 0.07782567567567568;
6 3 6 0.06409173290937996;
6 3 7 0.07629968203497615;
6 3 8 0.07782567567567568;
6 3 9 0.0854556438791733;
6 3 10 0.08850763116057234;
6 3 11 0.06866971383147855;
6 3 12 0.07629968203497615;
6 4 1 0.0720693958664547;
6 4 2 0.06513964626391096;
6 4 3 0.07345534578696343;
6 4 4 0.06513964626391096;
6 4 5 0.0720693958664547;
6 4 6 0.07345534578696343;
6 4 7 0.08038509538950714;
6 4 8 0.06791154610492844;
6 4 9 0.058209896661367236;
6 4 10 0.060981796502384736;
6 4 11 0.07068344594594594;
6 4 12 0.05543799682034976;
6 5 1 0.06025582273449921;
6 5 2 0.077891673290938;
6 5 3 0.08377029014308426;
6 5 4 0.08817925278219398;
6 5 5 0.06907374801271861;
6 5 6 0.058786168521462644;
6 5 7 0.07054340222575517;
6 5 8 0.06907374801271861;
6 5 9 0.06613443958664549;
6 5 10 0.08523994435612083;
6 5 11 0.06907374801271861;
6 5 12 0.07054340222575517;
6 6 1 0.07992150238473768;
6 6 2 0.0687324920508744;
6 6 3 0.09430737281399046;
6 6 4 0.06393720190779013;
6 6 5 0.06713406200317965;
6 6 6 0.08631522257551669;
6 6 7 0.07992150238473768;
6 6 8 0.07672464228934815;
6 6 9 0.09590580286168521;
6 6 10 0.07832307233704291;
6 6 11 0.06393720190779013;
6 6 12 0.07033092209856916;
7 1 1 0.06999449523052464;
7 1 2 0.06050371621621622;
7 1 3 0.05694467408585055;
7 1 4 0.0711808426073132;
7 1 5 0.058131021462639106;
7 1 6 0.05457197933227346;
7 1 7 0.05694467408585055;
7 1 8 0.06050371621621622;
7 1 9 0.05101293720190779;
7 1 10 0.05694467408585055;
7 1 11 0.04745389507154213;
7 1 12 0.05575832670906201;
7 2 1 0.06671554054054053;
7 2 2 0.052868918918918914;
7 2 3 0.0704918918918919;
7 2 4 0.050351351351351346;
7 2 5 0.0541277027027027;
7 2 6 0.05916283783783784;
7 2 7 0.0704918918918919;
7 2 8 0.07175067567567567;
7 2 9 0.06923310810810811;
7 2 10 0.06923310810810811;
7 2 11 0.0704918918918919;
7 2 12 0.06923310810810811;
7 3 1 0.09003362480127186;
7 3 2 0.06561772655007948;
7 3 3 0.07324769475357709;
7 3 4 0.07172170111287758;
7 3 5 0.07782567567567568;
7 3 6 0.06409173290937996;
7 3 7 0.07324769475357709;
7 3 8 0.08087766295707471;
7 3 9 0.07019570747217807;
7 3 10 0.08850763116057234;
7 3 11 0.07782567567567568;
7 3 12 0.06714372019077901;
7 4 1 0.058209896661367236;
7 4 2 0.07345534578696343;
7 4 3 0.0720693958664547;
7 4 4 0.07761319554848967;
7 4 5 0.0720693958664547;
7 4 6 0.0665255961844197;
7 4 7 0.08177104531001589;
7 4 8 0.059595846581875986;
7 4 9 0.0568239467408585;
7 4 10 0.058209896661367236;
7 4 11 0.060981796502384736;
7 4 12 0.08177104531001589;
7 5 1 0.0734827106518283;
7 5 2 0.08377029014308426;
7 5 3 0.07495236486486488;
7 5 4 0.06319513116057233;
7 5 5 0.07054340222575517;
7 5 6 0.07495236486486488;
7 5 7 0.07495236486486488;
7 5 8 0.07642201907790144;
7 5 9 0.07495236486486488;
7 5 10 0.07936132750397458;
7 5 11 0.08817925278219398;
7 5 12 0.06025582273449921;
7 6 1 0.06713406200317965;
7 6 2 0.07992150238473768;
7 6 3 0.08471679252782194;
7 6 4 0.07992150238473768;
7 6 5 0.07192935214626392;
7 6 6 0.07352778219395867;
7 6 7 0.07033092209856916;
7 6 8 0.07352778219395867;
7 6 9 0.06393720190779013;
7 6 10 0.09111051271860093;
7 6 11 0.07992150238473768;
7 6 12 0.07352778219395867;
8 1 1 0.0726308227344992;
8 1 2 0.062437023052464236;
8 1 3 0.058614348171701115;
8 1 4 0.0726308227344992;
8 1 5 0.07135659777424484;
8 1 6 0.05351744833068362;
8 1 7 0.0726308227344992;
8 1 8 0.05351744833068362;
8 1 9 0.05734012321144674;
8 1 10 0.05224322337042925;
8 1 11 0.06753392289348172;
8 1 12 0.06625969793322735;
8 2 1 0.07571351351351352;
8 2 2 0.06489729729729729;
8 2 3 0.06895337837837837;
8 2 4 0.05678513513513513;
8 2 5 0.0797695945945946;
8 2 6 0.06219324324324325;
8 2 7 0.06489729729729729;
8 2 8 0.0554331081081081;
8 2 9 0.05813716216216216;
8 2 10 0.07300945945945947;
8 2 11 0.060841216216216215;
8 2 12 0.060841216216216215;
8 3 1 0.07375635930047694;
8 3 2 0.08195151033386328;
8 3 3 0.07867344992050875;
8 3 4 0.08359054054054053;
8 3 5 0.08031248012718602;
8 3 6 0.07539538950715421;
8 3 7 0.08359054054054053;
8 3 8 0.08359054054054053;
8 3 9 0.09506375198728138;
8 3 10 0.07211732909379968;
8 3 11 0.08850763116057234;
8 3 12 0.07375635930047694;
8 4 1 0.07591925675675675;
8 4 2 0.061033127980922086;
8 4 3 0.07294203100158982;
8 4 4 0.0833623211446741;
8 4 5 0.07294203100158982;
8 4 6 0.07889648251192367;
8 4 7 0.0654989666136725;
8 4 8 0.08931677265500794;
8 4 9 0.07889648251192367;
8 4 10 0.07740786963434022;
8 4 11 0.08931677265500794;
8 4 12 0.06252174085850555;
8 5 1 0.07576883942766297;
8 5 2 0.06314069952305247;
8 5 3 0.09155401430842607;
8 5 4 0.0678762519872814;
8 5 5 0.08050439189189189;
8 5 6 0.06945476947535772;
8 5 7 0.08366142686804452;
8 5 8 0.08050439189189189;
8 5 9 0.06945476947535772;
8 5 10 0.08366142686804452;
8 5 11 0.07734735691573928;
8 5 12 0.06945476947535772;
8 6 1 0.0755406200317965;
8 6 2 0.09957627186009538;
8 6 3 0.10300993640699521;
8 6 4 0.0755406200317965;
8 6 5 0.08927527821939586;
8 6 6 0.09099211049284578;
8 6 7 0.09270894276629571;
8 6 8 0.09614260731319556;
8 6 9 0.07210695548489665;
8 6 10 0.07725745230524642;
8 6 11 0.1012931041335453;
8 6 12 0.08412478139904611;
9 1 1 0.06459002384737679;
9 1 2 0.07176669316375199;
9 1 3 0.06459002384737679;
9 1 4 0.0832493640699523;
9 1 5 0.07320202702702704;
9 1 6 0.08468469793322735;
9 1 7 0.06171935612082671;
9 1 8 0.06028402225755167;
9 1 9 0.06602535771065184;
9 1 10 0.08181403020667725;
9 1 11 0.06315468998410174;
9 1 12 0.07750802861685215;
9 2 1 0.07614864864864865;
9 2 2 0.08528648648648648;
9 2 3 0.06396486486486486;
9 2 4 0.08680945945945945;
9 2 5 0.06091891891891892;
9 2 6 0.08833243243243243;
9 2 7 0.09137837837837837;
9 2 8 0.06244189189189189;
9 2 9 0.07157972972972972;
9 2 10 0.06853378378378379;
9 2 11 0.08071756756756757;
9 2 12 0.0731027027027027;
9 3 1 0.0849281399046105;
9 3 2 0.09785198728139906;
9 3 3 0.09969825119236884;
9 3 4 0.11077583465818759;
9 3 5 0.07754308426073131;
9 3 6 0.09969825119236884;
9 3 7 0.08862066772655007;
9 3 8 0.0830818759936407;
9 3 9 0.1052370429252782;
9 3 10 0.09415945945945947;
9 3 11 0.09046693163751987;
9 3 12 0.1052370429252782;
9 4 1 0.07210361685214625;
9 4 2 0.07378044515103338;
9 4 3 0.08216458664546898;
9 4 4 0.07042678855325912;
9 4 5 0.08887189984101748;
9 4 6 0.08719507154213035;
9 4 7 0.10060969793322733;
9 4 8 0.07545727344992051;
9 4 9 0.09725604133545308;
9 4 10 0.09390238473767885;
9 4 11 0.07042678855325912;
9 4 12 0.10060969793322733;
9 5 1 0.072902106518283;
9 5 2 0.0746802066772655;
9 5 3 0.08357070747217805;
9 5 4 0.08179260731319557;
9 5 5 0.072902106518283;
9 5 6 0.10668600953895072;
9 5 7 0.07112400635930048;
9 5 8 0.10135170906200318;
9 5 9 0.09957360890302068;
9 5 10 0.09601740858505566;
9 5 11 0.09601740858505566;
9 5 12 0.10312980922098569;
9 6 1 0.08895953895071543;
9 6 2 0.0812239268680445;
9 6 3 0.0812239268680445;
9 6 4 0.1102324721780604;
9 6 5 0.09282734499205086;
9 6 6 0.08315782988871225;
9 6 7 0.11603418124006358;
9 6 8 0.09089344197138313;
9 6 9 0.10636466613672496;
9 6 10 0.11410027821939586;
9 6 11 0.1102324721780604;
9 6 12 0.10056295707472178;
10 1 1 0.07434443561208266;
10 1 2 0.0838352146263911;
10 1 3 0.09490779014308426;
10 1 4 0.06327186009538951;
10 1 5 0.07434443561208266;
10 1 6 0.06643545310015898;
10 1 7 0.08225341812400637;
10 1 8 0.06801724960254371;
10 1 9 0.0711808426073132;
10 1 10 0.09490779014308426;
10 1 11 0.08225341812400637;
10 1 12 0.07276263910969794;
10 2 1 0.06713513513513514;
10 2 2 0.0704918918918919;
10 2 3 0.09398918918918919;
10 2 4 0.09398918918918919;
10 2 5 0.09902432432432431;
10 2 6 0.0688135135135135;
10 2 7 0.08056216216216215;
10 2 8 0.08056216216216215;
10 2 9 0.08727567567567568;
10 2 10 0.09566756756756756;
10 2 11 0.09566756756756756;
10 2 12 0.09566756756756756;
10 3 1 0.08545564387917329;
10 3 2 0.08342098569157391;
10 3 3 0.09766359300476947;
10 3 4 0.11190620031796503;
10 3 5 0.10987154213036567;
10 3 6 0.1017329093799682;
10 3 7 0.1017329093799682;
10 3 8 0.10580222575516694;
10 3 9 0.12207949125596183;
10 3 10 0.10987154213036567;
10 3 11 0.10987154213036567;
10 3 12 0.09969825119236884;
10 4 1 0.07576526232114465;
10 4 2 0.09794046104928457;
10 4 3 0.08870079491255961;
10 4 4 0.0923966613672496;
10 4 5 0.11087599364069951;
10 4 6 0.07761319554848965;
10 4 7 0.07576526232114465;
10 4 8 0.09424459459459458;
10 4 9 0.07761319554848965;
10 4 10 0.08870079491255961;
10 4 11 0.09424459459459458;
10 4 12 0.07391732909379968;
10 5 1 0.10973418124006361;
10 5 2 0.09601740858505566;
10 5 3 0.09013879173290938;
10 5 4 0.10581510333863277;
10 5 5 0.09797694753577108;
10 5 6 0.0999364864864865;
10 5 7 0.10973418124006361;
10 5 8 0.09405786963434022;
10 5 9 0.11757233704292529;
10 5 10 0.09405786963434022;
10 5 11 0.08034109697933227;
10 5 12 0.11169372019077901;
10 6 1 0.10016828298887122;
10 6 2 0.12361192368839426;
10 6 3 0.10656200317965023;
10 6 4 0.09377456279809221;
10 6 5 0.11508696343402226;
10 6 6 0.09377456279809221;
10 6 7 0.12361192368839426;
10 6 8 0.09377456279809221;
10 6 9 0.11295572337042925;
10 6 10 0.12574316375198727;
10 6 11 0.12148068362480126;
10 6 12 0.12787440381558027;
11 1 1 0.09842289348171701;
11 1 2 0.10193799682034975;
11 1 3 0.08963513513513514;
11 1 4 0.10018044515103337;
11 1 5 0.08787758346581877;
11 1 6 0.09842289348171701;
11 1 7 0.0931502384737679;
11 1 8 0.0931502384737679;
11 1 9 0.08787758346581877;
11 1 10 0.08260492845786964;
11 1 11 0.07908982511923689;
11 1 12 0.084362480127186;
11 2 1 0.08764864864864864;
11 2 2 0.09324324324324323;
11 2 3 0.07832432432432432;
11 2 4 0.0745945945945946;
11 2 5 0.08205405405405405;
11 2 6 0.07832432432432432;
11 2 7 0.10629729729729728;
11 2 8 0.0895135135135135;
11 2 9 0.10256756756756756;
11 2 10 0.11002702702702702;
11 2 11 0.08578378378378379;
11 2 12 0.07832432432432432;
11 3 1 0.10625437201907789;
11 3 2 0.13564387917329093;
11 3 3 0.1017329093799682;
11 3 4 0.10399364069952306;
11 3 5 0.12660095389507153;
11 3 6 0.09495071542130365;
11 3 7 0.13112241653418122;
11 3 8 0.13564387917329093;
11 3 9 0.11303656597774245;
11 3 10 0.11755802861685216;
11 3 11 0.13564387917329093;
11 3 12 0.09268998410174879;
11 4 1 0.10266295707472177;
11 4 2 0.10060969793322733;
11 4 3 0.08418362480127184;
11 4 4 0.10882273449920508;
11 4 5 0.11087599364069953;
11 4 6 0.10676947535771066;
11 4 7 0.10266295707472177;
11 4 8 0.09650317965023847;
11 4 9 0.10676947535771066;
11 4 10 0.10266295707472177;
11 4 11 0.10676947535771066;
11 4 12 0.10060969793322733;
11 5 1 0.12410413354531001;
11 5 2 0.12192686804451512;
11 5 3 0.11757233704292532;
11 5 4 0.09144515103338634;
11 5 5 0.11757233704292532;
11 5 6 0.10668600953895072;
11 5 7 0.10668600953895072;
11 5 8 0.12410413354531001;
11 5 9 0.09797694753577108;
11 5 10 0.08709062003179652;
11 5 11 0.11104054054054055;
11 5 12 0.12192686804451512;
11 6 1 0.10656200317965023;
11 6 2 0.13734658187599363;
11 6 3 0.12077027027027026;
11 6 4 0.1420826709062003;
11 6 5 0.10893004769475358;
11 6 6 0.10182591414944356;
11 6 7 0.13497853736089027;
11 6 8 0.13261049284578696;
11 6 9 0.13024244833068363;
11 6 10 0.10656200317965023;
11 6 11 0.09708982511923687;
11 6 12 0.13024244833068363;
12 1 1 0.09336993243243244;
12 1 2 0.08604680047694754;
12 1 3 0.07872366852146265;
12 1 4 0.07323131955484896;
12 1 5 0.09886228139904611;
12 1 6 0.0823852344992051;
12 1 7 0.10252384737678856;
12 1 8 0.10252384737678856;
12 1 9 0.09153914944356122;
12 1 10 0.08604680047694754;
12 1 11 0.07689288553259141;
12 1 12 0.08055445151033387;
12 2 1 0.11072635135135135;
12 2 2 0.08935810810810811;
12 2 3 0.10101351351351351;
12 2 4 0.0835304054054054;
12 2 5 0.10684121621621621;
12 2 6 0.09907094594594594;
12 2 7 0.10101351351351351;
12 2 8 0.10101351351351351;
12 2 9 0.10684121621621621;
12 2 10 0.11461148648648649;
12 2 11 0.0777027027027027;
12 2 12 0.10878378378378378;
12 3 1 0.11539149443561209;
12 3 2 0.13187599364069952;
12 3 3 0.11539149443561209;
12 3 4 0.1365858505564388;
12 3 5 0.11068163751987281;
12 3 6 0.11303656597774245;
12 3 7 0.11068163751987281;
12 3 8 0.11303656597774245;
12 3 9 0.13187599364069952;
12 3 10 0.11068163751987281;
12 3 11 0.11539149443561209;
12 3 12 0.13187599364069952;
12 4 1 0.11763463831478536;
12 4 2 0.12191226152623211;
12 4 3 0.08555246422893481;
12 4 4 0.08769127583465817;
12 4 5 0.11335701510333862;
12 4 6 0.08983008744038155;
12 4 7 0.11335701510333862;
12 4 8 0.12832869634340222;
12 4 9 0.08555246422893481;
12 4 10 0.11335701510333862;
12 4 11 0.11335701510333862;
12 4 12 0.11977344992050873;
12 5 1 0.09525536565977744;
12 5 2 0.0975233505564388;
12 5 3 0.12473916931637521;
12 5 4 0.10886327503974563;
12 5 5 0.1179352146263911;
12 5 6 0.10886327503974563;
12 5 7 0.09979133545310016;
12 5 8 0.111131259936407;
12 5 9 0.10886327503974563;
12 5 10 0.10886327503974563;
12 5 11 0.10886327503974563;
12 5 12 0.13381110890302067;
12 6 1 0.1430693561208267;
12 6 2 0.0986685214626391;
12 6 3 0.10360194753577107;
12 6 4 0.10853537360890302;
12 6 5 0.12826907790143083;
12 6 6 0.1430693561208267;
12 6 7 0.13813593004769475;
12 6 8 0.1430693561208267;
12 6 9 0.13813593004769475;
12 6 10 0.14800278219395865;
12 6 11 0.10113523449920508;
12 6 12 0.1307357909379968;
13 1 1 0.09186136724960255;
13 1 2 0.08623720190779015;
13 1 3 0.08248775834658188;
13 1 4 0.09936025437201909;
13 1 5 0.09936025437201909;
13 1 6 0.11060858505564387;
13 1 7 0.11060858505564387;
13 1 8 0.08811192368839427;
13 1 9 0.10685914149443561;
13 1 10 0.10123497615262322;
13 1 11 0.07686359300476947;
13 1 12 0.11060858505564387;
13 2 1 0.07956756756756757;
13 2 2 0.09548108108108108;
13 2 3 0.10144864864864865;
13 2 4 0.08951351351351351;
13 2 5 0.11736216216216215;
13 2 6 0.09945945945945946;
13 2 7 0.09349189189189189;
13 2 8 0.10940540540540541;
13 2 9 0.09747027027027026;
13 2 10 0.11338378378378378;
13 2 11 0.10940540540540541;
13 2 12 0.08155675675675675;
13 3 1 0.12298378378378379;
13 3 2 0.13262957074721782;
13 3 3 0.10128076311605723;
13 3 4 0.1422753577106518;
13 3 5 0.11092655007949126;
13 3 6 0.11333799682034976;
13 3 7 0.11092655007949126;
13 3 8 0.1398639109697933;
13 3 9 0.10369220985691574;
13 3 10 0.12057233704292528;
13 3 11 0.09645786963434022;
13 3 12 0.09886931637519872;
13 4 1 0.10731701112877583;
13 4 2 0.10950715421303656;
13 4 3 0.12921844197138313;
13 4 4 0.11388744038155803;
13 4 5 0.11169729729729728;
13 4 6 0.12921844197138313;
13 4 7 0.12045786963434023;
13 4 8 0.13140858505564387;
13 4 9 0.08979586645468997;
13 4 10 0.0985564387917329;
13 4 11 0.08979586645468997;
13 4 12 0.08979586645468997;
13 5 1 0.11379841017488077;
13 5 2 0.09521907790143085;
13 5 3 0.13005532591414948;
13 5 4 0.09986391096979333;
13 5 5 0.13702257551669317;
13 5 6 0.10915357710651828;
13 5 7 0.09986391096979333;
13 5 8 0.13934499205087442;
13 5 9 0.13934499205087442;
13 5 10 0.11844324324324326;
13 5 11 0.12773290937996823;
13 5 12 0.10450874403815581;
13 6 1 0.13134753577106517;
13 6 2 0.1288216216216216;
13 6 3 0.10103656597774245;
13 6 4 0.13892527821939588;
13 6 5 0.14650302066772652;
13 6 6 0.1288216216216216;
13 6 7 0.1288216216216216;
13 6 8 0.10608839427662956;
13 6 9 0.12629570747217805;
13 6 10 0.15155484896661367;
13 6 11 0.13134753577106517;
13 6 12 0.13134753577106517;
14 1 1 0.08502156200317966;
14 1 2 0.09824713831478538;
14 1 3 0.10013650635930049;
14 1 4 0.07557472178060413;
14 1 5 0.10391524244833068;
14 1 6 0.10958334658187599;
14 1 7 0.10958334658187599;
14 1 8 0.07935345786963434;
14 1 9 0.07746408982511922;
14 1 10 0.1058046104928458;
14 1 11 0.1133620826709062;
14 1 12 0.08313219395866454;
14 2 1 0.08419864864864865;
14 2 2 0.08018918918918919;
14 2 3 0.11026013513513513;
14 2 4 0.0882081081081081;
14 2 5 0.08018918918918919;
14 2 6 0.12028378378378377;
14 2 7 0.10424594594594594;
14 2 8 0.08620337837837837;
14 2 9 0.0882081081081081;
14 2 10 0.09622702702702701;
14 2 11 0.11426959459459457;
14 2 12 0.0821939189189189;
14 3 1 0.131235453100159;
14 3 2 0.14581717011128775;
14 3 3 0.09964173290937996;
14 3 4 0.1166537360890302;
14 3 5 0.11908402225755167;
14 3 6 0.12637488076311607;
14 3 7 0.13609602543720192;
14 3 8 0.13366573926868044;
14 3 9 0.1239445945945946;
14 3 10 0.13852631160572335;
14 3 11 0.09964173290937996;
14 3 12 0.10207201907790144;
14 4 1 0.1213989467408585;
14 4 2 0.11256993243243243;
14 4 3 0.11477718600953894;
14 4 4 0.1103626788553259;
14 4 5 0.13243521462639107;
14 4 6 0.12802070747217803;
14 4 7 0.10594817170111286;
14 4 8 0.1213989467408585;
14 4 9 0.119191693163752;
14 4 10 0.12802070747217803;
14 4 11 0.11698443958664546;
14 4 12 0.13022796104928458;
14 5 1 0.09596297694753576;
14 5 2 0.11234689984101749;
14 5 3 0.1357525039745628;
14 5 4 0.09830353736089031;
14 5 5 0.10298465818759937;
14 5 6 0.1193685810810811;
14 5 7 0.13107138314785377;
14 5 8 0.12873082273449923;
14 5 9 0.09362241653418125;
14 5 10 0.1357525039745628;
14 5 11 0.13107138314785377;
14 5 12 0.13107138314785377;
14 6 1 0.12219109697933225;
14 6 2 0.12728239268680444;
14 6 3 0.12473674483306836;
14 6 4 0.15273887122416532;
14 6 5 0.15019322337042926;
14 6 6 0.10437156200317964;
14 6 7 0.14764757551669314;
14 6 8 0.14001063195548488;
14 6 9 0.13237368839427663;
14 6 10 0.14764757551669314;
14 6 11 0.10691720985691573;
14 6 12 0.142556279809221;
15 1 1 0.07986607710651827;
15 1 2 0.07986607710651827;
15 1 3 0.09350174880763115;
15 1 4 0.09739765500794913;
15 1 5 0.09544970190779015;
15 1 6 0.09739765500794913;
15 1 7 0.11687718600953895;
15 1 8 0.09544970190779015;
15 1 9 0.11298127980922099;
15 1 10 0.11492923290937997;
15 1 11 0.09739765500794913;
15 1 12 0.08570993640699524;
15 2 1 0.09094324324324325;
15 2 2 0.08887635135135134;
15 2 3 0.1012777027027027;
15 2 4 0.08887635135135134;
15 2 5 0.08267567567567567;
15 2 6 0.11161216216216217;
15 2 7 0.12194662162162162;
15 2 8 0.10954527027027028;
15 2 9 0.10541148648648647;
15 2 10 0.12194662162162162;
15 2 11 0.0992108108108108;
15 2 12 0.08887635135135134;
15 3 1 0.1403160572337043;
15 3 2 0.10273139904610491;
15 3 3 0.10774268680445151;
15 3 4 0.14783298887122415;
15 3 5 0.1403160572337043;
15 3 6 0.10774268680445151;
15 3 7 0.11525961844197138;
15 3 8 0.10273139904610491;
15 3 9 0.10523704292527822;
15 3 10 0.1403160572337043;
15 3 11 0.1403160572337043;
15 3 12 0.10774268680445151;
15 4 1 0.10013060413354531;
15 4 2 0.09785490858505563;
15 4 3 0.12288755961844197;
15 4 4 0.10923338632750396;
15 4 5 0.09557921303656597;
15 4 6 0.11150908187599363;
15 4 7 0.09785490858505563;
15 4 8 0.13654173290937996;
15 4 9 0.12516325516693164;
15 4 10 0.1274389507154213;
15 4 11 0.12971464626391094;
15 4 12 0.09785490858505563;
15 5 1 0.10135170906200319;
15 5 2 0.0965254372019078;
15 5 3 0.12548306836248013;
15 5 4 0.1447881558028617;
15 5 5 0.1375487480127186;
15 5 6 0.142375019872814;
15 5 7 0.0965254372019078;
15 5 8 0.13513561208267091;
15 5 9 0.11583052464228935;
15 5 10 0.13272247615262323;
15 5 11 0.0965254372019078;
15 5 12 0.11824366057233705;
15 6 1 0.1417274642289348;
15 6 2 0.14960121224165338;
15 6 3 0.11810622019077902;
15 6 4 0.13122913354531002;
15 6 5 0.13122913354531002;
15 6 6 0.14960121224165338;
15 6 7 0.15485037758346581;
15 6 8 0.13910288155802863;
15 6 9 0.15485037758346581;
15 6 10 0.1128570548489666;
15 6 11 0.11023247217806041;
15 6 12 0.14435204689984102;
16 1 1 0.10532128378378378;
16 1 2 0.10325616057233704;
16 1 3 0.09499566772655008;
16 1 4 0.11771202305246421;
16 1 5 0.10532128378378378;
16 1 6 0.09499566772655008;
16 1 7 0.08260492845786964;
16 1 8 0.09912591414944355;
16 1 9 0.10738640699523054;
16 1 10 0.08880029809220986;
16 1 11 0.09499566772655008;
16 1 12 0.10119103736089032;
16 2 1 0.12270810810810812;
16 2 2 0.12928175675675674;
16 2 3 0.12270810810810812;
16 2 4 0.10298716216216215;
16 2 5 0.08983986486486485;
16 2 6 0.08764864864864866;
16 2 7 0.11394324324324324;
16 2 8 0.12709054054054053;
16 2 9 0.1095608108108108;
16 2 10 0.12270810810810812;
16 2 11 0.09860472972972974;
16 2 12 0.12928175675675674;
16 3 1 0.12750524642289346;
16 3 2 0.13547432432432432;
16 3 3 0.13547432432432432;
16 3 4 0.1115670906200318;
16 3 5 0.13547432432432432;
16 3 6 0.12219252782193958;
16 3 7 0.14609976152623214;
16 3 8 0.15406883942766295;
16 3 9 0.14344340222575516;
16 3 10 0.13547432432432432;
16 3 11 0.14609976152623214;
16 3 12 0.15938155802861684;
16 4 1 0.13027929252782192;
16 4 2 0.10374091812400635;
16 4 3 0.14475476947535768;
16 4 4 0.10132833863275038;
16 4 5 0.1375170310015898;
16 4 6 0.1375170310015898;
16 4 7 0.12786671303656597;
16 4 8 0.14234218998410172;
16 4 9 0.12786671303656597;
16 4 10 0.10374091812400635;
16 4 11 0.09891575914149442;
16 4 12 0.12304155405405404;
16 5 1 0.12535606120826712;
16 5 2 0.1355892090620032;
16 5 3 0.11768120031796503;
16 5 4 0.13303092209856918;
16 5 5 0.14582235691573928;
16 5 6 0.12535606120826712;
16 5 7 0.12023948728139905;
16 5 8 0.12279777424483307;
16 5 9 0.11768120031796503;
16 5 10 0.10744805246422895;
16 5 11 0.11512291335453102;
16 5 12 0.13814749602543722;
16 6 1 0.16138223370429253;
16 6 2 0.1474699721780604;
16 6 3 0.11686299682034976;
16 6 4 0.11129809220985692;
16 6 5 0.15025242448330683;
16 6 6 0.13077525834658185;
16 6 7 0.11686299682034976;
16 6 8 0.16694713831478536;
16 6 9 0.16416468600953893;
16 6 10 0.13355771065182828;
16 6 11 0.13077525834658185;
16 6 12 0.11964544912559619;
17 1 1 0.12443465818759936;
17 1 2 0.10756216216216216;
17 1 3 0.08436248012718602;
17 1 4 0.09279872813990461;
17 1 5 0.08436248012718602;
17 1 6 0.08647154213036566;
17 1 7 0.09701685214626393;
17 1 8 0.08436248012718602;
17 1 9 0.126543720190779;
17 1 10 0.126543720190779;
17 1 11 0.10123497615262322;
17 1 12 0.10123497615262322;
17 2 1 0.11636756756756755;
17 2 2 0.10965405405405405;
17 2 3 0.11636756756756755;
17 2 4 0.11860540540540541;
17 2 5 0.11636756756756755;
17 2 6 0.12531891891891894;
17 2 7 0.10294054054054055;
17 2 8 0.10070270270270269;
17 2 9 0.11860540540540541;
17 2 10 0.11412972972972972;
17 2 11 0.12755675675675676;
17 2 12 0.10070270270270269;
17 3 1 0.13293100158982513;
17 3 2 0.1600597774244833;
17 3 3 0.12479236883942768;
17 3 4 0.13021812400635932;
17 3 5 0.11936661367249603;
17 3 6 0.11665373608903021;
17 3 7 0.11122798092209857;
17 3 8 0.14106963434022257;
17 3 9 0.14106963434022257;
17 3 10 0.1600597774244833;
17 3 11 0.1437825119236884;
17 3 12 0.12479236883942768;
17 4 1 0.11333990461049286;
17 4 2 0.13551510333863273;
17 4 3 0.10348426073131954;
17 4 4 0.10841208267090618;
17 4 5 0.1305872813990461;
17 4 6 0.11333990461049286;
17 4 7 0.10102034976152623;
17 4 8 0.10102034976152623;
17 4 9 0.11087599364069951;
17 4 10 0.12565945945945944;
17 4 11 0.1429068362480127;
17 4 12 0.10348426073131954;
17 5 1 0.1567631160572337;
17 5 2 0.1123468998410175;
17 5 3 0.12279777424483307;
17 5 4 0.12279777424483307;
17 5 5 0.11757233704292529;
17 5 6 0.14631224165341816;
17 5 7 0.1097341812400636;
17 5 8 0.1201850556438792;
17 5 9 0.14369952305246425;
17 5 10 0.15153767885532593;
17 5 11 0.14892496025437202;
17 5 12 0.1123468998410175;
17 6 1 0.13639936406995232;
17 6 2 0.17049920508744035;
17 6 3 0.13355771065182828;
17 6 4 0.15060763116057235;
17 6 5 0.11366613672496025;
17 6 6 0.13639936406995232;
17 6 7 0.16197424483306835;
17 6 8 0.12787440381558027;
17 6 9 0.14776597774244832;
17 6 10 0.1420826709062003;
17 6 11 0.13355771065182828;
17 6 12 0.15629093799682034;
18 1 1 0.11388934817170113;
18 1 2 0.09490779014308426;
18 1 3 0.08436248012718602;
18 1 4 0.09279872813990461;
18 1 5 0.08647154213036566;
18 1 6 0.08647154213036566;
18 1 7 0.08436248012718602;
18 1 8 0.10967122416534181;
18 1 9 0.09490779014308426;
18 1 10 0.08858060413354531;
18 1 11 0.11388934817170113;
18 1 12 0.12232559618441971;
18 2 1 0.11860540540540541;
18 2 2 0.09398918918918918;
18 2 3 0.11636756756756755;
18 2 4 0.09175135135135135;
18 2 5 0.09846486486486486;
18 2 6 0.12979459459459458;
18 2 7 0.10965405405405405;
18 2 8 0.09398918918918918;
18 2 9 0.11189189189189189;
18 2 10 0.09398918918918918;
18 2 11 0.09175135135135135;
18 2 12 0.08951351351351351;
18 3 1 0.13564387917329093;
18 3 2 0.11122798092209857;
18 3 3 0.15192114467408588;
18 3 4 0.15463402225755166;
18 3 5 0.13021812400635932;
18 3 6 0.13835675675675674;
18 3 7 0.13835675675675674;
18 3 8 0.13293100158982513;
18 3 9 0.13835675675675674;
18 3 10 0.12207949125596183;
18 3 11 0.15463402225755166;
18 3 12 0.12207949125596183;
18 4 1 0.1305872813990461;
18 4 2 0.0985564387917329;
18 4 3 0.1404429252782194;
18 4 4 0.12812337042925276;
18 4 5 0.12565945945945944;
18 4 6 0.11580381558028614;
18 4 7 0.10841208267090618;
18 4 8 0.11826772655007949;
18 4 9 0.11580381558028614;
18 4 10 0.11333990461049286;
18 4 11 0.1404429252782194;
18 4 12 0.11580381558028614;
18 5 1 0.13586136724960254;
18 5 2 0.1201850556438792;
18 5 3 0.1567631160572337;
18 5 4 0.10712146263910971;
18 5 5 0.15415039745627981;
18 5 6 0.14631224165341816;
18 5 7 0.14369952305246425;
18 5 8 0.1097341812400636;
18 5 9 0.12802321144674086;
18 5 10 0.1567631160572337;
18 5 11 0.1097341812400636;
18 5 12 0.15415039745627981;
18 6 1 0.16197424483306835;
18 6 2 0.12219109697933227;
18 6 3 0.11934944356120826;
18 6 4 0.12787440381558027;
18 6 5 0.1392410174880763;
18 6 6 0.12503275039745626;
18 6 7 0.13639936406995232;
18 6 8 0.11366613672496025;
18 6 9 0.17049920508744035;
18 6 10 0.17049920508744035;
18 6 11 0.11650779014308425;
18 6 12 0.1449243243243243;
19 1 1 0.08887352941176471;
19 1 2 0.10187941176470589;
19 1 3 0.09754411764705884;
19 1 4 0.10838235294117647;
19 1 5 0.11055000000000001;
19 1 6 0.1170529411764706;
19 1 7 0.08887352941176471;
19 1 8 0.12138823529411766;
19 1 9 0.1170529411764706;
19 1 10 0.09104117647058824;
19 1 11 0.09971176470588235;
19 1 12 0.1170529411764706;
19 2 1 0.10579999999999999;
19 2 2 0.1242;
19 2 3 0.1311;
19 2 4 0.1081;
19 2 5 0.1311;
19 2 6 0.1173;
19 2 7 0.13799999999999998;
19 2 8 0.10579999999999999;
19 2 9 0.0943;
19 2 10 0.0989;
19 2 11 0.092;
19 2 12 0.0943;
19 3 1 0.1422;
19 3 2 0.12547058823529414;
19 3 3 0.12547058823529414;
19 3 4 0.11989411764705882;
19 3 5 0.1617176470588235;
19 3 6 0.12825882352941176;
19 3 7 0.15056470588235293;
19 3 8 0.15892941176470587;
19 3 9 0.13941176470588235;
19 3 10 0.1477764705882353;
19 3 11 0.11152941176470589;
19 3 12 0.1477764705882353;
19 4 1 0.1114235294117647;
19 4 2 0.14940882352941173;
19 4 3 0.13927941176470587;
19 4 4 0.10129411764705883;
19 4 5 0.10129411764705883;
19 4 6 0.15194117647058822;
19 4 7 0.13421470588235293;
19 4 8 0.13168235294117647;
19 4 9 0.10635882352941176;
19 4 10 0.12915;
19 4 11 0.10382647058823528;
19 4 12 0.11395588235294118;
19 5 1 0.13695000000000002;
19 5 2 0.12083823529411768;
19 5 3 0.1315794117647059;
19 5 4 0.12083823529411768;
19 5 5 0.14232058823529412;
19 5 6 0.15306176470588237;
19 5 7 0.13963529411764708;
19 5 8 0.12889411764705883;
19 5 9 0.11815294117647061;
19 5 10 0.1557470588235294;
19 5 11 0.11815294117647061;
19 5 12 0.15306176470588237;
19 6 1 0.1664735294117647;
19 6 2 0.17231470588235293;
19 6 3 0.1401882352941176;
19 6 4 0.14310882352941176;
19 6 5 0.1401882352941176;
19 6 6 0.1314264705882353;
19 6 7 0.1693941176470588;
19 6 8 0.16063235294117648;
19 6 9 0.1314264705882353;
19 6 10 0.13726764705882352;
19 6 11 0.1635529411764706;
19 6 12 0.1693941176470588;
20 1 1 0.10693237281399047;
20 1 2 0.09165631955484897;
20 1 3 0.11129695945945946;
20 1 4 0.12439071939586645;
20 1 5 0.09602090620031797;
20 1 6 0.10038549284578697;
20 1 7 0.12657301271860094;
20 1 8 0.11347925278219397;
20 1 9 0.09602090620031797;
20 1 10 0.10911466613672496;
20 1 11 0.08729173290937997;
20 1 12 0.12220842607313198;
20 2 1 0.1204081081081081;
20 2 2 0.10883040540540541;
20 2 3 0.11577702702702702;
20 2 4 0.09262162162162162;
20 2 5 0.10651486486486487;
20 2 6 0.1204081081081081;
20 2 7 0.11809256756756756;
20 2 8 0.10188378378378378;
20 2 9 0.10419932432432431;
20 2 10 0.12272364864864864;
20 2 11 0.13430135135135132;
20 2 12 0.10188378378378378;
20 3 1 0.1319325119236884;
20 3 2 0.1291254372019078;
20 3 3 0.12351128775834658;
20 3 4 0.12631836248012718;
20 3 5 0.148774960254372;
20 3 6 0.148774960254372;
20 3 7 0.11228298887122416;
20 3 8 0.1431608108108108;
20 3 9 0.11509006359300476;
20 3 10 0.1375466613672496;
20 3 11 0.1375466613672496;
20 3 12 0.12631836248012718;
20 4 1 0.10452800079491255;
20 4 2 0.12492370826709062;
20 4 3 0.1070774642289348;
20 4 4 0.10452800079491255;
20 4 5 0.1070774642289348;
20 4 6 0.11472585453100158;
20 4 7 0.12492370826709062;
20 4 8 0.11982478139904609;
20 4 9 0.14531941573926865;
20 4 10 0.15296780604133542;
20 4 11 0.10452800079491255;
20 4 12 0.1325720985691574;
20 5 1 0.13787533783783784;
20 5 2 0.12706158585055646;
20 5 3 0.14598565182829892;
20 5 4 0.14868908982511925;
20 5 5 0.11084095786963434;
20 5 6 0.11624783386327504;
20 5 7 0.1351718998410175;
20 5 8 0.14057877583465822;
20 5 9 0.1297650238473768;
20 5 10 0.14868908982511925;
20 5 11 0.12165470985691575;
20 5 12 0.15950284181240065;
20 6 1 0.17347899443561207;
20 6 2 0.1234935214626391;
20 6 3 0.1352548092209857;
20 6 4 0.1293741653418124;
20 6 5 0.1764193163751987;
20 6 6 0.1705386724960254;
20 6 7 0.15877738473767886;
20 6 8 0.1234935214626391;
20 6 9 0.1617177066772655;
20 6 10 0.15877738473767886;
20 6 11 0.11761287758346582;
20 6 12 0.1558370627980922;
]

global d = [
1 1 1 170;
1 1 2 112;
1 1 3 70;
1 1 4 241;
1 1 5 98;
1 1 6 174;
1 1 7 100;
1 1 8 0;
1 1 9 175;
1 1 10 102;
1 1 11 216;
1 1 12 300;
1 2 1 192;
1 2 2 92;
1 2 3 176;
1 2 4 163;
1 2 5 299;
1 2 6 64;
1 2 7 296;
1 2 8 0;
1 2 9 177;
1 2 10 229;
1 2 11 201;
1 2 12 213;
1 3 1 259;
1 3 2 81;
1 3 3 134;
1 3 4 188;
1 3 5 143;
1 3 6 61;
1 3 7 129;
1 3 8 123;
1 3 9 278;
1 3 10 294;
1 3 11 69;
1 3 12 0;
1 4 1 0;
1 4 2 171;
1 4 3 0;
1 4 4 0;
1 4 5 168;
1 4 6 103;
1 4 7 224;
1 4 8 196;
1 4 9 138;
1 4 10 217;
1 4 11 284;
1 4 12 205;
1 5 1 268;
1 5 2 197;
1 5 3 0;
1 5 4 0;
1 5 5 0;
1 5 6 201;
1 5 7 180;
1 5 8 69;
1 5 9 124;
1 5 10 119;
1 5 11 278;
1 5 12 173;
1 6 1 84;
1 6 2 0;
1 6 3 280;
1 6 4 168;
1 6 5 119;
1 6 6 0;
1 6 7 133;
1 6 8 91;
1 6 9 254;
1 6 10 261;
1 6 11 155;
1 6 12 229;
2 1 1 73;
2 1 2 0;
2 1 3 118;
2 1 4 135;
2 1 5 125;
2 1 6 112;
2 1 7 195;
2 1 8 263;
2 1 9 177;
2 1 10 241;
2 1 11 260;
2 1 12 0;
2 2 1 276;
2 2 2 166;
2 2 3 80;
2 2 4 0;
2 2 5 123;
2 2 6 182;
2 2 7 183;
2 2 8 287;
2 2 9 280;
2 2 10 52;
2 2 11 78;
2 2 12 110;
2 3 1 0;
2 3 2 62;
2 3 3 141;
2 3 4 100;
2 3 5 104;
2 3 6 250;
2 3 7 238;
2 3 8 282;
2 3 9 110;
2 3 10 126;
2 3 11 179;
2 3 12 233;
2 4 1 258;
2 4 2 0;
2 4 3 265;
2 4 4 50;
2 4 5 0;
2 4 6 241;
2 4 7 115;
2 4 8 246;
2 4 9 135;
2 4 10 155;
2 4 11 76;
2 4 12 215;
2 5 1 190;
2 5 2 238;
2 5 3 69;
2 5 4 90;
2 5 5 141;
2 5 6 0;
2 5 7 163;
2 5 8 0;
2 5 9 194;
2 5 10 285;
2 5 11 0;
2 5 12 250;
2 6 1 218;
2 6 2 164;
2 6 3 210;
2 6 4 249;
2 6 5 289;
2 6 6 157;
2 6 7 283;
2 6 8 210;
2 6 9 265;
2 6 10 293;
2 6 11 122;
2 6 12 157;
3 1 1 72;
3 1 2 287;
3 1 3 0;
3 1 4 0;
3 1 5 235;
3 1 6 58;
3 1 7 0;
3 1 8 219;
3 1 9 0;
3 1 10 215;
3 1 11 233;
3 1 12 70;
3 2 1 0;
3 2 2 147;
3 2 3 0;
3 2 4 0;
3 2 5 141;
3 2 6 281;
3 2 7 220;
3 2 8 187;
3 2 9 232;
3 2 10 278;
3 2 11 0;
3 2 12 0;
3 3 1 124;
3 3 2 0;
3 3 3 105;
3 3 4 193;
3 3 5 118;
3 3 6 244;
3 3 7 0;
3 3 8 52;
3 3 9 201;
3 3 10 237;
3 3 11 220;
3 3 12 223;
3 4 1 266;
3 4 2 155;
3 4 3 58;
3 4 4 255;
3 4 5 67;
3 4 6 0;
3 4 7 0;
3 4 8 134;
3 4 9 224;
3 4 10 299;
3 4 11 128;
3 4 12 283;
3 5 1 166;
3 5 2 0;
3 5 3 204;
3 5 4 0;
3 5 5 167;
3 5 6 132;
3 5 7 51;
3 5 8 200;
3 5 9 0;
3 5 10 244;
3 5 11 87;
3 5 12 201;
3 6 1 250;
3 6 2 279;
3 6 3 142;
3 6 4 125;
3 6 5 128;
3 6 6 0;
3 6 7 0;
3 6 8 72;
3 6 9 285;
3 6 10 184;
3 6 11 218;
3 6 12 151;
4 1 1 246;
4 1 2 148;
4 1 3 0;
4 1 4 236;
4 1 5 0;
4 1 6 101;
4 1 7 88;
4 1 8 98;
4 1 9 193;
4 1 10 174;
4 1 11 82;
4 1 12 170;
4 2 1 228;
4 2 2 264;
4 2 3 103;
4 2 4 99;
4 2 5 262;
4 2 6 0;
4 2 7 220;
4 2 8 55;
4 2 9 200;
4 2 10 295;
4 2 11 70;
4 2 12 160;
4 3 1 0;
4 3 2 52;
4 3 3 281;
4 3 4 241;
4 3 5 200;
4 3 6 71;
4 3 7 224;
4 3 8 208;
4 3 9 140;
4 3 10 122;
4 3 11 0;
4 3 12 186;
4 4 1 0;
4 4 2 52;
4 4 3 0;
4 4 4 212;
4 4 5 147;
4 4 6 78;
4 4 7 204;
4 4 8 145;
4 4 9 0;
4 4 10 150;
4 4 11 77;
4 4 12 191;
4 5 1 0;
4 5 2 178;
4 5 3 64;
4 5 4 286;
4 5 5 162;
4 5 6 127;
4 5 7 58;
4 5 8 211;
4 5 9 50;
4 5 10 240;
4 5 11 166;
4 5 12 163;
4 6 1 247;
4 6 2 250;
4 6 3 298;
4 6 4 177;
4 6 5 292;
4 6 6 172;
4 6 7 131;
4 6 8 162;
4 6 9 76;
4 6 10 167;
4 6 11 93;
4 6 12 221;
5 1 1 177;
5 1 2 0;
5 1 3 282;
5 1 4 0;
5 1 5 255;
5 1 6 289;
5 1 7 100;
5 1 8 146;
5 1 9 267;
5 1 10 0;
5 1 11 74;
5 1 12 240;
5 2 1 183;
5 2 2 0;
5 2 3 178;
5 2 4 0;
5 2 5 150;
5 2 6 173;
5 2 7 187;
5 2 8 72;
5 2 9 120;
5 2 10 0;
5 2 11 255;
5 2 12 291;
5 3 1 63;
5 3 2 147;
5 3 3 220;
5 3 4 249;
5 3 5 283;
5 3 6 274;
5 3 7 83;
5 3 8 190;
5 3 9 99;
5 3 10 0;
5 3 11 97;
5 3 12 126;
5 4 1 107;
5 4 2 0;
5 4 3 200;
5 4 4 273;
5 4 5 259;
5 4 6 51;
5 4 7 140;
5 4 8 82;
5 4 9 290;
5 4 10 123;
5 4 11 187;
5 4 12 130;
5 5 1 163;
5 5 2 97;
5 5 3 0;
5 5 4 285;
5 5 5 244;
5 5 6 245;
5 5 7 0;
5 5 8 200;
5 5 9 297;
5 5 10 83;
5 5 11 183;
5 5 12 169;
5 6 1 186;
5 6 2 178;
5 6 3 93;
5 6 4 289;
5 6 5 190;
5 6 6 74;
5 6 7 0;
5 6 8 200;
5 6 9 221;
5 6 10 181;
5 6 11 0;
5 6 12 204;
6 1 1 0;
6 1 2 176;
6 1 3 232;
6 1 4 58;
6 1 5 0;
6 1 6 162;
6 1 7 0;
6 1 8 214;
6 1 9 202;
6 1 10 202;
6 1 11 242;
6 1 12 0;
6 2 1 200;
6 2 2 261;
6 2 3 129;
6 2 4 147;
6 2 5 121;
6 2 6 243;
6 2 7 0;
6 2 8 126;
6 2 9 93;
6 2 10 143;
6 2 11 0;
6 2 12 91;
6 3 1 144;
6 3 2 95;
6 3 3 116;
6 3 4 0;
6 3 5 273;
6 3 6 166;
6 3 7 0;
6 3 8 298;
6 3 9 0;
6 3 10 269;
6 3 11 126;
6 3 12 195;
6 4 1 133;
6 4 2 232;
6 4 3 83;
6 4 4 167;
6 4 5 159;
6 4 6 159;
6 4 7 129;
6 4 8 149;
6 4 9 73;
6 4 10 184;
6 4 11 252;
6 4 12 294;
6 5 1 226;
6 5 2 95;
6 5 3 0;
6 5 4 147;
6 5 5 123;
6 5 6 0;
6 5 7 217;
6 5 8 163;
6 5 9 120;
6 5 10 50;
6 5 11 87;
6 5 12 284;
6 6 1 78;
6 6 2 57;
6 6 3 183;
6 6 4 96;
6 6 5 274;
6 6 6 298;
6 6 7 0;
6 6 8 208;
6 6 9 0;
6 6 10 84;
6 6 11 219;
6 6 12 178;
7 1 1 0;
7 1 2 267;
7 1 3 0;
7 1 4 0;
7 1 5 233;
7 1 6 170;
7 1 7 170;
7 1 8 178;
7 1 9 206;
7 1 10 199;
7 1 11 97;
7 1 12 222;
7 2 1 0;
7 2 2 276;
7 2 3 0;
7 2 4 201;
7 2 5 297;
7 2 6 143;
7 2 7 194;
7 2 8 125;
7 2 9 63;
7 2 10 161;
7 2 11 183;
7 2 12 173;
7 3 1 239;
7 3 2 93;
7 3 3 146;
7 3 4 265;
7 3 5 144;
7 3 6 137;
7 3 7 118;
7 3 8 157;
7 3 9 290;
7 3 10 0;
7 3 11 295;
7 3 12 174;
7 4 1 184;
7 4 2 237;
7 4 3 291;
7 4 4 245;
7 4 5 152;
7 4 6 76;
7 4 7 127;
7 4 8 280;
7 4 9 128;
7 4 10 0;
7 4 11 193;
7 4 12 223;
7 5 1 126;
7 5 2 142;
7 5 3 118;
7 5 4 103;
7 5 5 177;
7 5 6 207;
7 5 7 121;
7 5 8 0;
7 5 9 251;
7 5 10 239;
7 5 11 256;
7 5 12 276;
7 6 1 131;
7 6 2 136;
7 6 3 128;
7 6 4 0;
7 6 5 192;
7 6 6 125;
7 6 7 127;
7 6 8 82;
7 6 9 81;
7 6 10 287;
7 6 11 0;
7 6 12 185;
8 1 1 295;
8 1 2 132;
8 1 3 268;
8 1 4 265;
8 1 5 158;
8 1 6 170;
8 1 7 274;
8 1 8 300;
8 1 9 199;
8 1 10 112;
8 1 11 201;
8 1 12 84;
8 2 1 189;
8 2 2 0;
8 2 3 233;
8 2 4 268;
8 2 5 96;
8 2 6 133;
8 2 7 238;
8 2 8 240;
8 2 9 64;
8 2 10 269;
8 2 11 195;
8 2 12 171;
8 3 1 66;
8 3 2 188;
8 3 3 269;
8 3 4 55;
8 3 5 57;
8 3 6 101;
8 3 7 103;
8 3 8 280;
8 3 9 263;
8 3 10 248;
8 3 11 299;
8 3 12 0;
8 4 1 292;
8 4 2 202;
8 4 3 144;
8 4 4 120;
8 4 5 291;
8 4 6 221;
8 4 7 180;
8 4 8 0;
8 4 9 223;
8 4 10 199;
8 4 11 159;
8 4 12 188;
8 5 1 126;
8 5 2 180;
8 5 3 0;
8 5 4 0;
8 5 5 279;
8 5 6 186;
8 5 7 82;
8 5 8 272;
8 5 9 69;
8 5 10 230;
8 5 11 131;
8 5 12 269;
8 6 1 109;
8 6 2 256;
8 6 3 0;
8 6 4 281;
8 6 5 226;
8 6 6 78;
8 6 7 172;
8 6 8 233;
8 6 9 251;
8 6 10 194;
8 6 11 204;
8 6 12 84;
9 1 1 139;
9 1 2 0;
9 1 3 240;
9 1 4 82;
9 1 5 247;
9 1 6 186;
9 1 7 173;
9 1 8 183;
9 1 9 182;
9 1 10 0;
9 1 11 0;
9 1 12 80;
9 2 1 293;
9 2 2 238;
9 2 3 238;
9 2 4 252;
9 2 5 250;
9 2 6 182;
9 2 7 212;
9 2 8 68;
9 2 9 154;
9 2 10 61;
9 2 11 0;
9 2 12 72;
9 3 1 278;
9 3 2 61;
9 3 3 0;
9 3 4 0;
9 3 5 71;
9 3 6 199;
9 3 7 279;
9 3 8 202;
9 3 9 204;
9 3 10 0;
9 3 11 55;
9 3 12 275;
9 4 1 99;
9 4 2 253;
9 4 3 173;
9 4 4 168;
9 4 5 131;
9 4 6 0;
9 4 7 0;
9 4 8 108;
9 4 9 123;
9 4 10 142;
9 4 11 270;
9 4 12 280;
9 5 1 55;
9 5 2 217;
9 5 3 0;
9 5 4 0;
9 5 5 187;
9 5 6 268;
9 5 7 89;
9 5 8 272;
9 5 9 163;
9 5 10 279;
9 5 11 107;
9 5 12 0;
9 6 1 289;
9 6 2 223;
9 6 3 0;
9 6 4 0;
9 6 5 0;
9 6 6 67;
9 6 7 81;
9 6 8 0;
9 6 9 62;
9 6 10 119;
9 6 11 293;
9 6 12 124;
10 1 1 167;
10 1 2 212;
10 1 3 126;
10 1 4 216;
10 1 5 59;
10 1 6 87;
10 1 7 170;
10 1 8 217;
10 1 9 122;
10 1 10 208;
10 1 11 291;
10 1 12 108;
10 2 1 282;
10 2 2 119;
10 2 3 128;
10 2 4 263;
10 2 5 0;
10 2 6 0;
10 2 7 83;
10 2 8 198;
10 2 9 242;
10 2 10 250;
10 2 11 0;
10 2 12 172;
10 3 1 129;
10 3 2 259;
10 3 3 0;
10 3 4 289;
10 3 5 0;
10 3 6 86;
10 3 7 206;
10 3 8 273;
10 3 9 149;
10 3 10 247;
10 3 11 0;
10 3 12 281;
10 4 1 154;
10 4 2 76;
10 4 3 278;
10 4 4 233;
10 4 5 234;
10 4 6 207;
10 4 7 92;
10 4 8 61;
10 4 9 219;
10 4 10 192;
10 4 11 0;
10 4 12 201;
10 5 1 0;
10 5 2 271;
10 5 3 152;
10 5 4 252;
10 5 5 0;
10 5 6 63;
10 5 7 65;
10 5 8 0;
10 5 9 288;
10 5 10 275;
10 5 11 70;
10 5 12 196;
10 6 1 298;
10 6 2 155;
10 6 3 272;
10 6 4 93;
10 6 5 0;
10 6 6 133;
10 6 7 0;
10 6 8 70;
10 6 9 0;
10 6 10 0;
10 6 11 124;
10 6 12 92;
11 1 1 267;
11 1 2 188;
11 1 3 0;
11 1 4 99;
11 1 5 153;
11 1 6 0;
11 1 7 0;
11 1 8 254;
11 1 9 174;
11 1 10 139;
11 1 11 226;
11 1 12 110;
11 2 1 242;
11 2 2 277;
11 2 3 0;
11 2 4 0;
11 2 5 265;
11 2 6 271;
11 2 7 150;
11 2 8 0;
11 2 9 221;
11 2 10 0;
11 2 11 208;
11 2 12 204;
11 3 1 118;
11 3 2 189;
11 3 3 80;
11 3 4 195;
11 3 5 132;
11 3 6 129;
11 3 7 0;
11 3 8 144;
11 3 9 226;
11 3 10 235;
11 3 11 150;
11 3 12 181;
11 4 1 0;
11 4 2 110;
11 4 3 131;
11 4 4 249;
11 4 5 200;
11 4 6 76;
11 4 7 245;
11 4 8 284;
11 4 9 67;
11 4 10 277;
11 4 11 218;
11 4 12 291;
11 5 1 163;
11 5 2 103;
11 5 3 175;
11 5 4 289;
11 5 5 219;
11 5 6 246;
11 5 7 58;
11 5 8 173;
11 5 9 124;
11 5 10 69;
11 5 11 68;
11 5 12 280;
11 6 1 126;
11 6 2 296;
11 6 3 196;
11 6 4 211;
11 6 5 250;
11 6 6 111;
11 6 7 98;
11 6 8 261;
11 6 9 204;
11 6 10 109;
11 6 11 52;
11 6 12 0;
12 1 1 72;
12 1 2 132;
12 1 3 126;
12 1 4 249;
12 1 5 0;
12 1 6 178;
12 1 7 91;
12 1 8 183;
12 1 9 127;
12 1 10 0;
12 1 11 118;
12 1 12 200;
12 2 1 168;
12 2 2 127;
12 2 3 257;
12 2 4 284;
12 2 5 271;
12 2 6 158;
12 2 7 183;
12 2 8 84;
12 2 9 95;
12 2 10 224;
12 2 11 0;
12 2 12 124;
12 3 1 73;
12 3 2 257;
12 3 3 284;
12 3 4 147;
12 3 5 155;
12 3 6 0;
12 3 7 143;
12 3 8 133;
12 3 9 0;
12 3 10 210;
12 3 11 202;
12 3 12 201;
12 4 1 109;
12 4 2 137;
12 4 3 54;
12 4 4 286;
12 4 5 100;
12 4 6 241;
12 4 7 172;
12 4 8 145;
12 4 9 298;
12 4 10 89;
12 4 11 251;
12 4 12 253;
12 5 1 117;
12 5 2 290;
12 5 3 225;
12 5 4 208;
12 5 5 205;
12 5 6 53;
12 5 7 145;
12 5 8 98;
12 5 9 0;
12 5 10 179;
12 5 11 86;
12 5 12 226;
12 6 1 80;
12 6 2 90;
12 6 3 255;
12 6 4 0;
12 6 5 226;
12 6 6 77;
12 6 7 134;
12 6 8 202;
12 6 9 235;
12 6 10 265;
12 6 11 116;
12 6 12 195;
13 1 1 185;
13 1 2 111;
13 1 3 279;
13 1 4 287;
13 1 5 300;
13 1 6 53;
13 1 7 282;
13 1 8 188;
13 1 9 239;
13 1 10 267;
13 1 11 80;
13 1 12 0;
13 2 1 184;
13 2 2 92;
13 2 3 288;
13 2 4 121;
13 2 5 111;
13 2 6 141;
13 2 7 66;
13 2 8 74;
13 2 9 143;
13 2 10 281;
13 2 11 270;
13 2 12 207;
13 3 1 0;
13 3 2 167;
13 3 3 121;
13 3 4 274;
13 3 5 130;
13 3 6 232;
13 3 7 148;
13 3 8 221;
13 3 9 145;
13 3 10 194;
13 3 11 263;
13 3 12 133;
13 4 1 56;
13 4 2 75;
13 4 3 291;
13 4 4 248;
13 4 5 115;
13 4 6 300;
13 4 7 141;
13 4 8 212;
13 4 9 113;
13 4 10 130;
13 4 11 152;
13 4 12 63;
13 5 1 252;
13 5 2 228;
13 5 3 0;
13 5 4 190;
13 5 5 217;
13 5 6 81;
13 5 7 121;
13 5 8 263;
13 5 9 87;
13 5 10 66;
13 5 11 251;
13 5 12 148;
13 6 1 187;
13 6 2 155;
13 6 3 0;
13 6 4 147;
13 6 5 0;
13 6 6 220;
13 6 7 79;
13 6 8 110;
13 6 9 222;
13 6 10 173;
13 6 11 265;
13 6 12 0;
14 1 1 0;
14 1 2 256;
14 1 3 274;
14 1 4 0;
14 1 5 275;
14 1 6 241;
14 1 7 270;
14 1 8 148;
14 1 9 273;
14 1 10 0;
14 1 11 71;
14 1 12 178;
14 2 1 0;
14 2 2 254;
14 2 3 101;
14 2 4 62;
14 2 5 168;
14 2 6 223;
14 2 7 255;
14 2 8 289;
14 2 9 82;
14 2 10 278;
14 2 11 0;
14 2 12 124;
14 3 1 240;
14 3 2 76;
14 3 3 167;
14 3 4 195;
14 3 5 185;
14 3 6 84;
14 3 7 255;
14 3 8 85;
14 3 9 219;
14 3 10 91;
14 3 11 245;
14 3 12 72;
14 4 1 67;
14 4 2 173;
14 4 3 174;
14 4 4 51;
14 4 5 66;
14 4 6 143;
14 4 7 106;
14 4 8 258;
14 4 9 215;
14 4 10 170;
14 4 11 185;
14 4 12 176;
14 5 1 291;
14 5 2 216;
14 5 3 96;
14 5 4 205;
14 5 5 122;
14 5 6 203;
14 5 7 224;
14 5 8 278;
14 5 9 225;
14 5 10 280;
14 5 11 241;
14 5 12 158;
14 6 1 285;
14 6 2 147;
14 6 3 101;
14 6 4 124;
14 6 5 278;
14 6 6 127;
14 6 7 176;
14 6 8 146;
14 6 9 99;
14 6 10 71;
14 6 11 233;
14 6 12 266;
15 1 1 74;
15 1 2 278;
15 1 3 85;
15 1 4 71;
15 1 5 90;
15 1 6 264;
15 1 7 161;
15 1 8 201;
15 1 9 249;
15 1 10 201;
15 1 11 146;
15 1 12 228;
15 2 1 261;
15 2 2 282;
15 2 3 64;
15 2 4 243;
15 2 5 0;
15 2 6 262;
15 2 7 212;
15 2 8 193;
15 2 9 99;
15 2 10 0;
15 2 11 295;
15 2 12 275;
15 3 1 249;
15 3 2 93;
15 3 3 182;
15 3 4 277;
15 3 5 131;
15 3 6 104;
15 3 7 260;
15 3 8 0;
15 3 9 282;
15 3 10 78;
15 3 11 84;
15 3 12 206;
15 4 1 79;
15 4 2 186;
15 4 3 82;
15 4 4 246;
15 4 5 0;
15 4 6 202;
15 4 7 255;
15 4 8 241;
15 4 9 0;
15 4 10 161;
15 4 11 0;
15 4 12 71;
15 5 1 194;
15 5 2 191;
15 5 3 106;
15 5 4 293;
15 5 5 0;
15 5 6 90;
15 5 7 239;
15 5 8 0;
15 5 9 86;
15 5 10 116;
15 5 11 235;
15 5 12 196;
15 6 1 92;
15 6 2 125;
15 6 3 197;
15 6 4 233;
15 6 5 182;
15 6 6 118;
15 6 7 141;
15 6 8 112;
15 6 9 227;
15 6 10 59;
15 6 11 228;
15 6 12 105;
16 1 1 159;
16 1 2 94;
16 1 3 224;
16 1 4 79;
16 1 5 99;
16 1 6 236;
16 1 7 221;
16 1 8 103;
16 1 9 86;
16 1 10 279;
16 1 11 135;
16 1 12 0;
16 2 1 236;
16 2 2 55;
16 2 3 79;
16 2 4 200;
16 2 5 0;
16 2 6 231;
16 2 7 0;
16 2 8 117;
16 2 9 79;
16 2 10 0;
16 2 11 0;
16 2 12 199;
16 3 1 213;
16 3 2 0;
16 3 3 217;
16 3 4 102;
16 3 5 251;
16 3 6 84;
16 3 7 217;
16 3 8 150;
16 3 9 0;
16 3 10 186;
16 3 11 0;
16 3 12 173;
16 4 1 86;
16 4 2 79;
16 4 3 0;
16 4 4 50;
16 4 5 75;
16 4 6 242;
16 4 7 243;
16 4 8 296;
16 4 9 153;
16 4 10 0;
16 4 11 300;
16 4 12 73;
16 5 1 0;
16 5 2 0;
16 5 3 167;
16 5 4 67;
16 5 5 172;
16 5 6 251;
16 5 7 91;
16 5 8 115;
16 5 9 0;
16 5 10 0;
16 5 11 260;
16 5 12 177;
16 6 1 270;
16 6 2 226;
16 6 3 129;
16 6 4 272;
16 6 5 109;
16 6 6 255;
16 6 7 115;
16 6 8 196;
16 6 9 166;
16 6 10 150;
16 6 11 54;
16 6 12 139;
17 1 1 297;
17 1 2 280;
17 1 3 159;
17 1 4 0;
17 1 5 58;
17 1 6 120;
17 1 7 225;
17 1 8 199;
17 1 9 200;
17 1 10 260;
17 1 11 55;
17 1 12 285;
17 2 1 167;
17 2 2 140;
17 2 3 213;
17 2 4 128;
17 2 5 118;
17 2 6 111;
17 2 7 247;
17 2 8 201;
17 2 9 173;
17 2 10 217;
17 2 11 256;
17 2 12 290;
17 3 1 0;
17 3 2 239;
17 3 3 122;
17 3 4 211;
17 3 5 144;
17 3 6 114;
17 3 7 122;
17 3 8 275;
17 3 9 284;
17 3 10 147;
17 3 11 0;
17 3 12 250;
17 4 1 277;
17 4 2 224;
17 4 3 133;
17 4 4 295;
17 4 5 109;
17 4 6 194;
17 4 7 0;
17 4 8 178;
17 4 9 79;
17 4 10 56;
17 4 11 71;
17 4 12 191;
17 5 1 0;
17 5 2 230;
17 5 3 185;
17 5 4 62;
17 5 5 203;
17 5 6 186;
17 5 7 231;
17 5 8 0;
17 5 9 297;
17 5 10 103;
17 5 11 179;
17 5 12 0;
17 6 1 190;
17 6 2 0;
17 6 3 173;
17 6 4 0;
17 6 5 296;
17 6 6 124;
17 6 7 110;
17 6 8 136;
17 6 9 110;
17 6 10 200;
17 6 11 117;
17 6 12 212;
18 1 1 69;
18 1 2 0;
18 1 3 232;
18 1 4 211;
18 1 5 226;
18 1 6 287;
18 1 7 219;
18 1 8 58;
18 1 9 285;
18 1 10 0;
18 1 11 166;
18 1 12 228;
18 2 1 281;
18 2 2 203;
18 2 3 158;
18 2 4 233;
18 2 5 88;
18 2 6 234;
18 2 7 89;
18 2 8 0;
18 2 9 226;
18 2 10 293;
18 2 11 137;
18 2 12 232;
18 3 1 238;
18 3 2 50;
18 3 3 278;
18 3 4 126;
18 3 5 69;
18 3 6 60;
18 3 7 162;
18 3 8 95;
18 3 9 131;
18 3 10 69;
18 3 11 125;
18 3 12 278;
18 4 1 94;
18 4 2 214;
18 4 3 69;
18 4 4 64;
18 4 5 68;
18 4 6 0;
18 4 7 104;
18 4 8 154;
18 4 9 266;
18 4 10 106;
18 4 11 185;
18 4 12 236;
18 5 1 215;
18 5 2 102;
18 5 3 0;
18 5 4 62;
18 5 5 146;
18 5 6 0;
18 5 7 0;
18 5 8 264;
18 5 9 162;
18 5 10 241;
18 5 11 98;
18 5 12 132;
18 6 1 290;
18 6 2 52;
18 6 3 248;
18 6 4 279;
18 6 5 0;
18 6 6 240;
18 6 7 181;
18 6 8 64;
18 6 9 0;
18 6 10 233;
18 6 11 59;
18 6 12 157;
19 1 1 88;
19 1 2 134;
19 1 3 0;
19 1 4 225;
19 1 5 294;
19 1 6 291;
19 1 7 85;
19 1 8 285;
19 1 9 0;
19 1 10 150;
19 1 11 107;
19 1 12 201;
19 2 1 215;
19 2 2 218;
19 2 3 128;
19 2 4 294;
19 2 5 154;
19 2 6 0;
19 2 7 109;
19 2 8 149;
19 2 9 161;
19 2 10 0;
19 2 11 100;
19 2 12 228;
19 3 1 86;
19 3 2 79;
19 3 3 174;
19 3 4 55;
19 3 5 154;
19 3 6 206;
19 3 7 282;
19 3 8 0;
19 3 9 0;
19 3 10 142;
19 3 11 0;
19 3 12 0;
19 4 1 153;
19 4 2 0;
19 4 3 89;
19 4 4 291;
19 4 5 65;
19 4 6 288;
19 4 7 0;
19 4 8 0;
19 4 9 278;
19 4 10 202;
19 4 11 148;
19 4 12 167;
19 5 1 254;
19 5 2 0;
19 5 3 73;
19 5 4 0;
19 5 5 150;
19 5 6 195;
19 5 7 156;
19 5 8 248;
19 5 9 274;
19 5 10 210;
19 5 11 208;
19 5 12 147;
19 6 1 138;
19 6 2 0;
19 6 3 0;
19 6 4 213;
19 6 5 0;
19 6 6 92;
19 6 7 74;
19 6 8 181;
19 6 9 237;
19 6 10 163;
19 6 11 54;
19 6 12 97;
20 1 1 0;
20 1 2 0;
20 1 3 217;
20 1 4 96;
20 1 5 277;
20 1 6 82;
20 1 7 272;
20 1 8 138;
20 1 9 230;
20 1 10 225;
20 1 11 97;
20 1 12 197;
20 2 1 130;
20 2 2 62;
20 2 3 104;
20 2 4 142;
20 2 5 117;
20 2 6 159;
20 2 7 171;
20 2 8 163;
20 2 9 215;
20 2 10 0;
20 2 11 222;
20 2 12 0;
20 3 1 190;
20 3 2 127;
20 3 3 240;
20 3 4 57;
20 3 5 73;
20 3 6 230;
20 3 7 0;
20 3 8 101;
20 3 9 0;
20 3 10 98;
20 3 11 187;
20 3 12 192;
20 4 1 211;
20 4 2 138;
20 4 3 246;
20 4 4 248;
20 4 5 60;
20 4 6 58;
20 4 7 266;
20 4 8 290;
20 4 9 147;
20 4 10 211;
20 4 11 0;
20 4 12 0;
20 5 1 58;
20 5 2 168;
20 5 3 0;
20 5 4 0;
20 5 5 205;
20 5 6 0;
20 5 7 142;
20 5 8 54;
20 5 9 162;
20 5 10 200;
20 5 11 181;
20 5 12 263;
20 6 1 128;
20 6 2 56;
20 6 3 297;
20 6 4 272;
20 6 5 0;
20 6 6 0;
20 6 7 241;
20 6 8 211;
20 6 9 53;
20 6 10 141;
20 6 11 78;
20 6 12 0;
]

global Cap_c = [
1 1 1 22739.0;
1 1 2 22739.0;
1 1 3 22739.0;
1 1 4 22739.0;
1 1 5 22739.0;
1 1 6 22739.0;
1 1 7 22739.0;
1 1 8 22739.0;
1 1 9 22739.0;
1 1 10 22739.0;
1 1 11 22739.0;
1 1 12 22739.0;
1 2 1 22739.0;
1 2 2 22739.0;
1 2 3 22739.0;
1 2 4 22739.0;
1 2 5 22739.0;
1 2 6 22739.0;
1 2 7 22739.0;
1 2 8 22739.0;
1 2 9 22739.0;
1 2 10 22739.0;
1 2 11 22739.0;
1 2 12 22739.0;
2 1 1 22739.0;
2 1 2 22739.0;
2 1 3 22739.0;
2 1 4 22739.0;
2 1 5 22739.0;
2 1 6 22739.0;
2 1 7 22739.0;
2 1 8 22739.0;
2 1 9 22739.0;
2 1 10 22739.0;
2 1 11 22739.0;
2 1 12 22739.0;
2 2 1 22739.0;
2 2 2 22739.0;
2 2 3 22739.0;
2 2 4 22739.0;
2 2 5 22739.0;
2 2 6 22739.0;
2 2 7 22739.0;
2 2 8 22739.0;
2 2 9 22739.0;
2 2 10 22739.0;
2 2 11 22739.0;
2 2 12 22739.0;
3 1 1 22739.0;
3 1 2 22739.0;
3 1 3 22739.0;
3 1 4 22739.0;
3 1 5 22739.0;
3 1 6 22739.0;
3 1 7 22739.0;
3 1 8 22739.0;
3 1 9 22739.0;
3 1 10 22739.0;
3 1 11 22739.0;
3 1 12 22739.0;
3 2 1 22739.0;
3 2 2 22739.0;
3 2 3 22739.0;
3 2 4 22739.0;
3 2 5 22739.0;
3 2 6 22739.0;
3 2 7 22739.0;
3 2 8 22739.0;
3 2 9 22739.0;
3 2 10 22739.0;
3 2 11 22739.0;
3 2 12 22739.0;
4 1 1 22739.0;
4 1 2 22739.0;
4 1 3 22739.0;
4 1 4 22739.0;
4 1 5 22739.0;
4 1 6 22739.0;
4 1 7 22739.0;
4 1 8 22739.0;
4 1 9 22739.0;
4 1 10 22739.0;
4 1 11 22739.0;
4 1 12 22739.0;
4 2 1 22739.0;
4 2 2 22739.0;
4 2 3 22739.0;
4 2 4 22739.0;
4 2 5 22739.0;
4 2 6 22739.0;
4 2 7 22739.0;
4 2 8 22739.0;
4 2 9 22739.0;
4 2 10 22739.0;
4 2 11 22739.0;
4 2 12 22739.0;
5 1 1 22739.0;
5 1 2 22739.0;
5 1 3 22739.0;
5 1 4 22739.0;
5 1 5 22739.0;
5 1 6 22739.0;
5 1 7 22739.0;
5 1 8 22739.0;
5 1 9 22739.0;
5 1 10 22739.0;
5 1 11 22739.0;
5 1 12 22739.0;
5 2 1 22739.0;
5 2 2 22739.0;
5 2 3 22739.0;
5 2 4 22739.0;
5 2 5 22739.0;
5 2 6 22739.0;
5 2 7 22739.0;
5 2 8 22739.0;
5 2 9 22739.0;
5 2 10 22739.0;
5 2 11 22739.0;
5 2 12 22739.0;
6 1 1 22739.0;
6 1 2 22739.0;
6 1 3 22739.0;
6 1 4 22739.0;
6 1 5 22739.0;
6 1 6 22739.0;
6 1 7 22739.0;
6 1 8 22739.0;
6 1 9 22739.0;
6 1 10 22739.0;
6 1 11 22739.0;
6 1 12 22739.0;
6 2 1 22739.0;
6 2 2 22739.0;
6 2 3 22739.0;
6 2 4 22739.0;
6 2 5 22739.0;
6 2 6 22739.0;
6 2 7 22739.0;
6 2 8 22739.0;
6 2 9 22739.0;
6 2 10 22739.0;
6 2 11 22739.0;
6 2 12 22739.0;
]

global Cap_p = [2.078471e6 2.078471e6 2.078471e6 2.078471e6 2.078471e6 2.078471e6 2.078471e6 2.078471e6 2.078471e6 2.078471e6 2.078471e6 2.078471e6; 1.77055e6 1.77055e6 1.77055e6 1.77055e6 1.77055e6 1.77055e6 1.77055e6 1.77055e6 1.77055e6 1.77055e6 1.77055e6 1.77055e6]
#-----------------------------------------