###################################################
# Classe 27 : K = 6, M = 2, T = 12, N = 20
# Exemplo: 6.   c27ex06.dat          Semente: 1000
#-----------------------Dados----------------------
global K = 6
global M = 2
global T = 12
global N = 20

global L = [540, 460]

global l = [51, 52, 70, 79, 83, 84, 85, 89, 98, 100, 102, 103, 105, 113, 114, 139, 142, 144, 144, 144]

global Q1 = 1e5
global Q2 = 1e5

global rho = [2.0, 2.0, 2.0, 2.0, 2.0, 2.0]

global b = [1080.0 920.0; 1080.0 920.0; 1080.0 920.0; 1080.0 920.0; 1080.0 920.0; 1080.0 920.0]

global f = [30.24 25.76; 30.24 25.76; 30.24 25.76; 30.24 25.76; 30.24 25.76; 30.24 25.76]

global c_km = [43.2 44.16; 29.16 24.84; 34.56 23.92; 24.84 28.52; 28.08 45.08; 42.12 32.2]

global p_km = [6.307 6.447; 4.257 3.627; 5.046 3.492; 3.627 4.164; 4.1 6.582; 6.15 4.701]

global c_x = [
1 1 1 20.412;
1 1 2 20.412;
1 1 3 20.412;
1 1 4 20.412;
1 1 5 20.412;
1 1 6 20.412;
1 1 7 20.412;
1 1 8 20.412;
1 1 9 20.412;
1 1 10 20.412;
1 1 11 20.412;
1 1 12 20.412;
1 2 1 21.252;
1 2 2 21.252;
1 2 3 21.252;
1 2 4 21.252;
1 2 5 21.252;
1 2 6 21.252;
1 2 7 21.252;
1 2 8 21.252;
1 2 9 21.252;
1 2 10 21.252;
1 2 11 21.252;
1 2 12 21.252;
2 1 1 17.82;
2 1 2 17.82;
2 1 3 17.82;
2 1 4 17.82;
2 1 5 17.82;
2 1 6 17.82;
2 1 7 17.82;
2 1 8 17.82;
2 1 9 17.82;
2 1 10 17.82;
2 1 11 17.82;
2 1 12 17.82;
2 2 1 20.608;
2 2 2 20.608;
2 2 3 20.608;
2 2 4 20.608;
2 2 5 20.608;
2 2 6 20.608;
2 2 7 20.608;
2 2 8 20.608;
2 2 9 20.608;
2 2 10 20.608;
2 2 11 20.608;
2 2 12 20.608;
3 1 1 21.708;
3 1 2 21.708;
3 1 3 21.708;
3 1 4 21.708;
3 1 5 21.708;
3 1 6 21.708;
3 1 7 21.708;
3 1 8 21.708;
3 1 9 21.708;
3 1 10 21.708;
3 1 11 21.708;
3 1 12 21.708;
3 2 1 18.676;
3 2 2 18.676;
3 2 3 18.676;
3 2 4 18.676;
3 2 5 18.676;
3 2 6 18.676;
3 2 7 18.676;
3 2 8 18.676;
3 2 9 18.676;
3 2 10 18.676;
3 2 11 18.676;
3 2 12 18.676;
4 1 1 22.572;
4 1 2 22.572;
4 1 3 22.572;
4 1 4 22.572;
4 1 5 22.572;
4 1 6 22.572;
4 1 7 22.572;
4 1 8 22.572;
4 1 9 22.572;
4 1 10 22.572;
4 1 11 22.572;
4 1 12 22.572;
4 2 1 14.075;
4 2 2 14.075;
4 2 3 14.075;
4 2 4 14.075;
4 2 5 14.075;
4 2 6 14.075;
4 2 7 14.075;
4 2 8 14.075;
4 2 9 14.075;
4 2 10 14.075;
4 2 11 14.075;
4 2 12 14.075;
5 1 1 24.624;
5 1 2 24.624;
5 1 3 24.624;
5 1 4 24.624;
5 1 5 24.624;
5 1 6 24.624;
5 1 7 24.624;
5 1 8 24.624;
5 1 9 24.624;
5 1 10 24.624;
5 1 11 24.624;
5 1 12 24.624;
5 2 1 22.448;
5 2 2 22.448;
5 2 3 22.448;
5 2 4 22.448;
5 2 5 22.448;
5 2 6 22.448;
5 2 7 22.448;
5 2 8 22.448;
5 2 9 22.448;
5 2 10 22.448;
5 2 11 22.448;
5 2 12 22.448;
6 1 1 20.087;
6 1 2 20.087;
6 1 3 20.087;
6 1 4 20.087;
6 1 5 20.087;
6 1 6 20.087;
6 1 7 20.087;
6 1 8 20.087;
6 1 9 20.087;
6 1 10 20.087;
6 1 11 20.087;
6 1 12 20.087;
6 2 1 17.756;
6 2 2 17.756;
6 2 3 17.756;
6 2 4 17.756;
6 2 5 17.756;
6 2 6 17.756;
6 2 7 17.756;
6 2 8 17.756;
6 2 9 17.756;
6 2 10 17.756;
6 2 11 17.756;
6 2 12 17.756;
]

global c_z = [
1 1 1 0.878;
1 1 2 0.878;
1 1 3 0.878;
1 1 4 0.878;
1 1 5 0.878;
1 1 6 0.878;
1 1 7 0.878;
1 1 8 0.878;
1 1 9 0.878;
1 1 10 0.878;
1 1 11 0.878;
1 1 12 0.878;
1 2 1 0.765;
1 2 2 0.765;
1 2 3 0.765;
1 2 4 0.765;
1 2 5 0.765;
1 2 6 0.765;
1 2 7 0.765;
1 2 8 0.765;
1 2 9 0.765;
1 2 10 0.765;
1 2 11 0.765;
1 2 12 0.765;
2 1 1 0.802;
2 1 2 0.802;
2 1 3 0.802;
2 1 4 0.802;
2 1 5 0.802;
2 1 6 0.802;
2 1 7 0.802;
2 1 8 0.802;
2 1 9 0.802;
2 1 10 0.802;
2 1 11 0.802;
2 1 12 0.802;
2 2 1 0.907;
2 2 2 0.907;
2 2 3 0.907;
2 2 4 0.907;
2 2 5 0.907;
2 2 6 0.907;
2 2 7 0.907;
2 2 8 0.907;
2 2 9 0.907;
2 2 10 0.907;
2 2 11 0.907;
2 2 12 0.907;
3 1 1 0.76;
3 1 2 0.76;
3 1 3 0.76;
3 1 4 0.76;
3 1 5 0.76;
3 1 6 0.76;
3 1 7 0.76;
3 1 8 0.76;
3 1 9 0.76;
3 1 10 0.76;
3 1 11 0.76;
3 1 12 0.76;
3 2 1 0.747;
3 2 2 0.747;
3 2 3 0.747;
3 2 4 0.747;
3 2 5 0.747;
3 2 6 0.747;
3 2 7 0.747;
3 2 8 0.747;
3 2 9 0.747;
3 2 10 0.747;
3 2 11 0.747;
3 2 12 0.747;
4 1 1 0.948;
4 1 2 0.948;
4 1 3 0.948;
4 1 4 0.948;
4 1 5 0.948;
4 1 6 0.948;
4 1 7 0.948;
4 1 8 0.948;
4 1 9 0.948;
4 1 10 0.948;
4 1 11 0.948;
4 1 12 0.948;
4 2 1 0.633;
4 2 2 0.633;
4 2 3 0.633;
4 2 4 0.633;
4 2 5 0.633;
4 2 6 0.633;
4 2 7 0.633;
4 2 8 0.633;
4 2 9 0.633;
4 2 10 0.633;
4 2 11 0.633;
4 2 12 0.633;
5 1 1 1.059;
5 1 2 1.059;
5 1 3 1.059;
5 1 4 1.059;
5 1 5 1.059;
5 1 6 1.059;
5 1 7 1.059;
5 1 8 1.059;
5 1 9 1.059;
5 1 10 1.059;
5 1 11 1.059;
5 1 12 1.059;
5 2 1 0.875;
5 2 2 0.875;
5 2 3 0.875;
5 2 4 0.875;
5 2 5 0.875;
5 2 6 0.875;
5 2 7 0.875;
5 2 8 0.875;
5 2 9 0.875;
5 2 10 0.875;
5 2 11 0.875;
5 2 12 0.875;
6 1 1 0.703;
6 1 2 0.703;
6 1 3 0.703;
6 1 4 0.703;
6 1 5 0.703;
6 1 6 0.703;
6 1 7 0.703;
6 1 8 0.703;
6 1 9 0.703;
6 1 10 0.703;
6 1 11 0.703;
6 1 12 0.703;
6 2 1 0.852;
6 2 2 0.852;
6 2 3 0.852;
6 2 4 0.852;
6 2 5 0.852;
6 2 6 0.852;
6 2 7 0.852;
6 2 8 0.852;
6 2 9 0.852;
6 2 10 0.852;
6 2 11 0.852;
6 2 12 0.852;
]

global c_y = [
1 1 1 2.245;
1 1 2 2.245;
1 1 3 2.245;
1 1 4 2.245;
1 1 5 2.245;
1 1 6 2.245;
1 1 7 2.245;
1 1 8 2.245;
1 1 9 2.245;
1 1 10 2.245;
1 1 11 2.245;
1 1 12 2.245;
1 2 1 2.975;
1 2 2 2.975;
1 2 3 2.975;
1 2 4 2.975;
1 2 5 2.975;
1 2 6 2.975;
1 2 7 2.975;
1 2 8 2.975;
1 2 9 2.975;
1 2 10 2.975;
1 2 11 2.975;
1 2 12 2.975;
2 1 1 1.782;
2 1 2 1.782;
2 1 3 1.782;
2 1 4 1.782;
2 1 5 1.782;
2 1 6 1.782;
2 1 7 1.782;
2 1 8 1.782;
2 1 9 1.782;
2 1 10 1.782;
2 1 11 1.782;
2 1 12 1.782;
2 2 1 2.061;
2 2 2 2.061;
2 2 3 2.061;
2 2 4 2.061;
2 2 5 2.061;
2 2 6 2.061;
2 2 7 2.061;
2 2 8 2.061;
2 2 9 2.061;
2 2 10 2.061;
2 2 11 2.061;
2 2 12 2.061;
3 1 1 3.256;
3 1 2 3.256;
3 1 3 3.256;
3 1 4 3.256;
3 1 5 3.256;
3 1 6 3.256;
3 1 7 3.256;
3 1 8 3.256;
3 1 9 3.256;
3 1 10 3.256;
3 1 11 3.256;
3 1 12 3.256;
3 2 1 2.428;
3 2 2 2.428;
3 2 3 2.428;
3 2 4 2.428;
3 2 5 2.428;
3 2 6 2.428;
3 2 7 2.428;
3 2 8 2.428;
3 2 9 2.428;
3 2 10 2.428;
3 2 11 2.428;
3 2 12 2.428;
4 1 1 3.386;
4 1 2 3.386;
4 1 3 3.386;
4 1 4 3.386;
4 1 5 3.386;
4 1 6 3.386;
4 1 7 3.386;
4 1 8 3.386;
4 1 9 3.386;
4 1 10 3.386;
4 1 11 3.386;
4 1 12 3.386;
4 2 1 2.111;
4 2 2 2.111;
4 2 3 2.111;
4 2 4 2.111;
4 2 5 2.111;
4 2 6 2.111;
4 2 7 2.111;
4 2 8 2.111;
4 2 9 2.111;
4 2 10 2.111;
4 2 11 2.111;
4 2 12 2.111;
5 1 1 3.201;
5 1 2 3.201;
5 1 3 3.201;
5 1 4 3.201;
5 1 5 3.201;
5 1 6 3.201;
5 1 7 3.201;
5 1 8 3.201;
5 1 9 3.201;
5 1 10 3.201;
5 1 11 3.201;
5 1 12 3.201;
5 2 1 2.469;
5 2 2 2.469;
5 2 3 2.469;
5 2 4 2.469;
5 2 5 2.469;
5 2 6 2.469;
5 2 7 2.469;
5 2 8 2.469;
5 2 9 2.469;
5 2 10 2.469;
5 2 11 2.469;
5 2 12 2.469;
6 1 1 3.013;
6 1 2 3.013;
6 1 3 3.013;
6 1 4 3.013;
6 1 5 3.013;
6 1 6 3.013;
6 1 7 3.013;
6 1 8 3.013;
6 1 9 3.013;
6 1 10 3.013;
6 1 11 3.013;
6 1 12 3.013;
6 2 1 2.486;
6 2 2 2.486;
6 2 3 2.486;
6 2 4 2.486;
6 2 5 2.486;
6 2 6 2.486;
6 2 7 2.486;
6 2 8 2.486;
6 2 9 2.486;
6 2 10 2.486;
6 2 11 2.486;
6 2 12 2.486;
]

global c_sc = [
1 1 1 0.094;
1 1 2 0.094;
1 1 3 0.094;
1 1 4 0.094;
1 1 5 0.094;
1 1 6 0.094;
1 1 7 0.094;
1 1 8 0.094;
1 1 9 0.094;
1 1 10 0.094;
1 1 11 0.094;
1 1 12 0.094;
1 2 1 0.14;
1 2 2 0.14;
1 2 3 0.14;
1 2 4 0.14;
1 2 5 0.14;
1 2 6 0.14;
1 2 7 0.14;
1 2 8 0.14;
1 2 9 0.14;
1 2 10 0.14;
1 2 11 0.14;
1 2 12 0.14;
2 1 1 0.075;
2 1 2 0.075;
2 1 3 0.075;
2 1 4 0.075;
2 1 5 0.075;
2 1 6 0.075;
2 1 7 0.075;
2 1 8 0.075;
2 1 9 0.075;
2 1 10 0.075;
2 1 11 0.075;
2 1 12 0.075;
2 2 1 0.093;
2 2 2 0.093;
2 2 3 0.093;
2 2 4 0.093;
2 2 5 0.093;
2 2 6 0.093;
2 2 7 0.093;
2 2 8 0.093;
2 2 9 0.093;
2 2 10 0.093;
2 2 11 0.093;
2 2 12 0.093;
3 1 1 0.127;
3 1 2 0.127;
3 1 3 0.127;
3 1 4 0.127;
3 1 5 0.127;
3 1 6 0.127;
3 1 7 0.127;
3 1 8 0.127;
3 1 9 0.127;
3 1 10 0.127;
3 1 11 0.127;
3 1 12 0.127;
3 2 1 0.097;
3 2 2 0.097;
3 2 3 0.097;
3 2 4 0.097;
3 2 5 0.097;
3 2 6 0.097;
3 2 7 0.097;
3 2 8 0.097;
3 2 9 0.097;
3 2 10 0.097;
3 2 11 0.097;
3 2 12 0.097;
4 1 1 0.139;
4 1 2 0.139;
4 1 3 0.139;
4 1 4 0.139;
4 1 5 0.139;
4 1 6 0.139;
4 1 7 0.139;
4 1 8 0.139;
4 1 9 0.139;
4 1 10 0.139;
4 1 11 0.139;
4 1 12 0.139;
4 2 1 0.068;
4 2 2 0.068;
4 2 3 0.068;
4 2 4 0.068;
4 2 5 0.068;
4 2 6 0.068;
4 2 7 0.068;
4 2 8 0.068;
4 2 9 0.068;
4 2 10 0.068;
4 2 11 0.068;
4 2 12 0.068;
5 1 1 0.134;
5 1 2 0.134;
5 1 3 0.134;
5 1 4 0.134;
5 1 5 0.134;
5 1 6 0.134;
5 1 7 0.134;
5 1 8 0.134;
5 1 9 0.134;
5 1 10 0.134;
5 1 11 0.134;
5 1 12 0.134;
5 2 1 0.077;
5 2 2 0.077;
5 2 3 0.077;
5 2 4 0.077;
5 2 5 0.077;
5 2 6 0.077;
5 2 7 0.077;
5 2 8 0.077;
5 2 9 0.077;
5 2 10 0.077;
5 2 11 0.077;
5 2 12 0.077;
6 1 1 0.121;
6 1 2 0.121;
6 1 3 0.121;
6 1 4 0.121;
6 1 5 0.121;
6 1 6 0.121;
6 1 7 0.121;
6 1 8 0.121;
6 1 9 0.121;
6 1 10 0.121;
6 1 11 0.121;
6 1 12 0.121;
6 2 1 0.082;
6 2 2 0.082;
6 2 3 0.082;
6 2 4 0.082;
6 2 5 0.082;
6 2 6 0.082;
6 2 7 0.082;
6 2 8 0.082;
6 2 9 0.082;
6 2 10 0.082;
6 2 11 0.082;
6 2 12 0.082;
]

global c_w = [
1 1 1 0.449;
1 1 2 0.449;
1 1 3 0.449;
1 1 4 0.449;
1 1 5 0.449;
1 1 6 0.449;
1 1 7 0.449;
1 1 8 0.449;
1 1 9 0.449;
1 1 10 0.449;
1 1 11 0.449;
1 1 12 0.449;
1 2 1 0.361;
1 2 2 0.361;
1 2 3 0.361;
1 2 4 0.361;
1 2 5 0.361;
1 2 6 0.361;
1 2 7 0.361;
1 2 8 0.361;
1 2 9 0.361;
1 2 10 0.361;
1 2 11 0.361;
1 2 12 0.361;
2 1 1 0.321;
2 1 2 0.321;
2 1 3 0.321;
2 1 4 0.321;
2 1 5 0.321;
2 1 6 0.321;
2 1 7 0.321;
2 1 8 0.321;
2 1 9 0.321;
2 1 10 0.321;
2 1 11 0.321;
2 1 12 0.321;
2 2 1 0.227;
2 2 2 0.227;
2 2 3 0.227;
2 2 4 0.227;
2 2 5 0.227;
2 2 6 0.227;
2 2 7 0.227;
2 2 8 0.227;
2 2 9 0.227;
2 2 10 0.227;
2 2 11 0.227;
2 2 12 0.227;
3 1 1 0.564;
3 1 2 0.564;
3 1 3 0.564;
3 1 4 0.564;
3 1 5 0.564;
3 1 6 0.564;
3 1 7 0.564;
3 1 8 0.564;
3 1 9 0.564;
3 1 10 0.564;
3 1 11 0.564;
3 1 12 0.564;
3 2 1 0.467;
3 2 2 0.467;
3 2 3 0.467;
3 2 4 0.467;
3 2 5 0.467;
3 2 6 0.467;
3 2 7 0.467;
3 2 8 0.467;
3 2 9 0.467;
3 2 10 0.467;
3 2 11 0.467;
3 2 12 0.467;
4 1 1 0.497;
4 1 2 0.497;
4 1 3 0.497;
4 1 4 0.497;
4 1 5 0.497;
4 1 6 0.497;
4 1 7 0.497;
4 1 8 0.497;
4 1 9 0.497;
4 1 10 0.497;
4 1 11 0.497;
4 1 12 0.497;
4 2 1 0.211;
4 2 2 0.211;
4 2 3 0.211;
4 2 4 0.211;
4 2 5 0.211;
4 2 6 0.211;
4 2 7 0.211;
4 2 8 0.211;
4 2 9 0.211;
4 2 10 0.211;
4 2 11 0.211;
4 2 12 0.211;
5 1 1 0.394;
5 1 2 0.394;
5 1 3 0.394;
5 1 4 0.394;
5 1 5 0.394;
5 1 6 0.394;
5 1 7 0.394;
5 1 8 0.394;
5 1 9 0.394;
5 1 10 0.394;
5 1 11 0.394;
5 1 12 0.394;
5 2 1 0.404;
5 2 2 0.404;
5 2 3 0.404;
5 2 4 0.404;
5 2 5 0.404;
5 2 6 0.404;
5 2 7 0.404;
5 2 8 0.404;
5 2 9 0.404;
5 2 10 0.404;
5 2 11 0.404;
5 2 12 0.404;
6 1 1 0.562;
6 1 2 0.562;
6 1 3 0.562;
6 1 4 0.562;
6 1 5 0.562;
6 1 6 0.562;
6 1 7 0.562;
6 1 8 0.562;
6 1 9 0.562;
6 1 10 0.562;
6 1 11 0.562;
6 1 12 0.562;
6 2 1 0.213;
6 2 2 0.213;
6 2 3 0.213;
6 2 4 0.213;
6 2 5 0.213;
6 2 6 0.213;
6 2 7 0.213;
6 2 8 0.213;
6 2 9 0.213;
6 2 10 0.213;
6 2 11 0.213;
6 2 12 0.213;
]

global c_e = [
1 1 1 0.04022635135135135;
1 1 2 0.04268918918918919;
1 1 3 0.033658783783783786;
1 1 4 0.04925675675675675;
1 1 5 0.04515202702702703;
1 1 6 0.04515202702702703;
1 1 7 0.033658783783783786;
1 1 8 0.03940540540540541;
1 1 9 0.03858445945945946;
1 1 10 0.04843581081081081;
1 1 11 0.045972972972972974;
1 1 12 0.03612162162162162;
1 2 1 0.02777027027027027;
1 2 2 0.0316581081081081;
1 2 3 0.028881081081081082;
1 2 4 0.028325675675675677;
1 2 5 0.02665945945945946;
1 2 6 0.028881081081081082;
1 2 7 0.028881081081081082;
1 2 8 0.0316581081081081;
1 2 9 0.02221621621621622;
1 2 10 0.02777027027027027;
1 2 11 0.02665945945945946;
1 2 12 0.023882432432432432;
1 3 1 0.04179729729729731;
1 3 2 0.05538141891891893;
1 3 3 0.04597702702702704;
1 3 4 0.04597702702702704;
1 3 5 0.05538141891891893;
1 3 6 0.04911182432432433;
1 3 7 0.047021959459459466;
1 3 8 0.05851621621621623;
1 3 9 0.053291554054054065;
1 3 10 0.06269594594594595;
1 3 11 0.04179729729729731;
1 3 12 0.05956114864864865;
1 4 1 0.03372567567567567;
1 4 2 0.03731351351351351;
1 4 3 0.03300810810810811;
1 4 4 0.04305405405405405;
1 4 5 0.03372567567567567;
1 4 6 0.04018378378378378;
1 4 7 0.040901351351351346;
1 4 8 0.03444324324324324;
1 4 9 0.03803108108108108;
1 4 10 0.03946621621621622;
1 4 11 0.032290540540540535;
1 4 12 0.032290540540540535;
1 5 1 0.04852702702702702;
1 5 2 0.04286554054054054;
1 5 3 0.03720405405405405;
1 5 4 0.04690945945945946;
1 5 5 0.045291891891891894;
1 5 6 0.04367432432432433;
1 5 7 0.045291891891891894;
1 5 8 0.03235135135135135;
1 5 9 0.03720405405405405;
1 5 10 0.04286554054054054;
1 5 11 0.04367432432432433;
1 5 12 0.04286554054054054;
1 6 1 0.04555743243243243;
1 6 2 0.03456081081081081;
1 6 3 0.031418918918918924;
1 6 4 0.037702702702702706;
1 6 5 0.038488175675675675;
1 6 6 0.042415540540540544;
1 6 7 0.04398648648648649;
1 6 8 0.04398648648648649;
1 6 9 0.036131756756756755;
1 6 10 0.033775337837837836;
1 6 11 0.03927364864864865;
1 6 12 0.040059121621621625;
2 1 1 0.03934101748807631;
2 1 2 0.03934101748807631;
2 1 3 0.03348171701112878;
2 1 4 0.04185214626391097;
2 1 5 0.03348171701112878;
2 1 6 0.03766693163751988;
2 1 7 0.04687440381558029;
2 1 8 0.047711446740858504;
2 1 9 0.035155802861685216;
2 1 10 0.04268918918918919;
2 1 11 0.03348171701112878;
2 1 12 0.035155802861685216;
2 2 1 0.025483306836248016;
2 2 2 0.022651828298887122;
2 2 3 0.03171255961844198;
2 2 4 0.028881081081081082;
2 2 5 0.024917011128775833;
2 2 6 0.03397774244833068;
2 2 7 0.022651828298887122;
2 2 8 0.025483306836248016;
2 2 9 0.029447376788553258;
2 2 10 0.022651828298887122;
2 2 11 0.027182193958664547;
2 2 12 0.031146263910969797;
2 3 1 0.056467329093799694;
2 3 2 0.04900937996820351;
2 3 3 0.04581311605723371;
2 3 4 0.04794395866454691;
2 3 5 0.0500748012718601;
2 3 6 0.04900937996820351;
2 3 7 0.056467329093799694;
2 3 8 0.05433648648648649;
2 3 9 0.05540190779014309;
2 3 10 0.05859817170111289;
2 3 11 0.04581311605723371;
2 3 12 0.06179443561208267;
2 4 1 0.043166613672496024;
2 4 2 0.035850238473767886;
2 4 3 0.035850238473767886;
2 4 4 0.043898251192368835;
2 4 5 0.03731351351351351;
2 4 6 0.04024006359300477;
2 4 7 0.02926550079491256;
2 4 8 0.03877678855325914;
2 4 9 0.03731351351351351;
2 4 10 0.03219205087440381;
2 4 11 0.030728775834658186;
2 4 12 0.03804515103338632;
2 5 1 0.03381033386327504;
2 5 2 0.04865389507154213;
2 5 3 0.042881399046104926;
2 5 4 0.0494785373608903;
2 5 5 0.04617996820349762;
2 5 6 0.038758187599364065;
2 5 7 0.04700461049284578;
2 5 8 0.04617996820349762;
2 5 9 0.043706041335453104;
2 5 10 0.03628426073131955;
2 5 11 0.03958282988871224;
2 5 12 0.03463497615262321;
2 6 1 0.043247217806041335;
2 6 2 0.04564984101748807;
2 6 3 0.044848966613672506;
2 6 4 0.03523847376788553;
2 6 5 0.03924284578696344;
2 6 6 0.03283585055643879;
2 6 7 0.03203497615262321;
2 6 8 0.03363672496025437;
2 6 9 0.034437599364069954;
2 6 10 0.044848966613672506;
2 6 11 0.040043720190779016;
2 6 12 0.04404809220985692;
3 1 1 0.054085850556438796;
3 1 2 0.04845190779014308;
3 1 3 0.05521263910969793;
3 1 4 0.0597197933227345;
3 1 5 0.0676073131955485;
3 1 6 0.0461983306836248;
3 1 7 0.058593004769475356;
3 1 8 0.052959062003179645;
3 1 9 0.054085850556438796;
3 1 10 0.05746621621621622;
3 1 11 0.056339427662957076;
3 1 12 0.0461983306836248;
3 2 1 0.03277980922098569;
3 2 2 0.035829093799682035;
3 2 3 0.044214626391096974;
3 2 4 0.044214626391096974;
3 2 5 0.034304451510333865;
3 2 6 0.039640699523052464;
3 2 7 0.04345230524642289;
3 2 8 0.04573926868044515;
3 2 9 0.04192766295707472;
3 2 10 0.034304451510333865;
3 2 11 0.03277980922098569;
3 2 12 0.039640699523052464;
3 3 1 0.06740838632750398;
3 3 2 0.07888215421303657;
3 3 3 0.07601371224165343;
3 3 4 0.058803060413354535;
3 3 5 0.0831848171701113;
3 3 6 0.06310572337042926;
3 3 7 0.06167150238473768;
3 3 8 0.06453994435612084;
3 3 9 0.08605325914149445;
3 3 10 0.07601371224165343;
3 3 11 0.07457949125596185;
3 3 12 0.0831848171701113;
3 4 1 0.03939586645468998;
3 4 2 0.04629014308426073;
3 4 3 0.04136565977742448;
3 4 4 0.05121462639109697;
3 4 5 0.045305246422893485;
3 4 6 0.052199523052464225;
3 4 7 0.05416931637519873;
3 4 8 0.05515421303656598;
3 4 9 0.053184419713831484;
3 4 10 0.04333545310015898;
3 4 11 0.04924483306836248;
3 4 12 0.05121462639109697;
3 5 1 0.06660572337042925;
3 5 2 0.046624006359300474;
3 5 3 0.04773410174880763;
3 5 4 0.04773410174880763;
3 5 5 0.0510643879173291;
3 5 6 0.058835055643879176;
3 5 7 0.04884419713831479;
3 5 8 0.06660572337042925;
3 5 9 0.046624006359300474;
3 5 10 0.04773410174880763;
3 5 11 0.044403815580286166;
3 5 12 0.0654956279809221;
3 6 1 0.0636079093799682;
3 6 2 0.0452802066772655;
3 6 3 0.0452802066772655;
3 6 4 0.04851450715421304;
3 6 5 0.0452802066772655;
3 6 6 0.04743640699523052;
3 6 7 0.054983108108108115;
3 6 8 0.04420210651828299;
3 6 9 0.06252980922098568;
3 6 10 0.04959260731319555;
3 6 11 0.06468600953895072;
3 6 12 0.04959260731319555;
4 1 1 0.07121303656597774;
4 1 2 0.0508664546899841;
4 1 3 0.055953100158982506;
4 1 4 0.055953100158982506;
4 1 5 0.06358306836248012;
4 1 6 0.061039745627980924;
4 1 7 0.06231140699523053;
4 1 8 0.07121303656597774;
4 1 9 0.05976808426073131;
4 1 10 0.05722476152623212;
4 1 11 0.06231140699523053;
4 1 12 0.061039745627980924;
4 2 1 0.03785468998410175;
4 2 2 0.043016693163751986;
4 2 3 0.04903903020667726;
4 2 4 0.043877027027027025;
4 2 5 0.04731836248012719;
4 2 6 0.04903903020667726;
4 2 7 0.04645802861685215;
4 2 8 0.044737360890302065;
4 2 9 0.038715023847376795;
4 2 10 0.03613402225755167;
4 2 11 0.03613402225755167;
4 2 12 0.043016693163751986;
4 3 1 0.08578690381558031;
4 3 2 0.06798207472178061;
4 3 3 0.09388000794912561;
4 3 4 0.06636345389507155;
4 3 5 0.08416828298887123;
4 3 6 0.08416828298887123;
4 3 7 0.07607517885532591;
4 3 8 0.08578690381558031;
4 3 9 0.07445655802861686;
4 3 10 0.09064276629570749;
4 3 11 0.07769379968203499;
4 3 12 0.0647448330683625;
4 4 1 0.055576311605723364;
4 4 2 0.04890715421303656;
4 4 3 0.06669157392686804;
4 4 4 0.0577993640699523;
4 4 5 0.053353259141494434;
4 4 6 0.06002241653418124;
4 4 7 0.05001868044515104;
4 4 8 0.06224546899841017;
4 4 9 0.047795627980922094;
4 4 10 0.05001868044515104;
4 4 11 0.05224173290937996;
4 4 12 0.047795627980922094;
4 5 1 0.06639956279809221;
4 5 2 0.06264109697933228;
4 5 3 0.06639956279809221;
4 5 4 0.053871343402225755;
4 5 5 0.07015802861685215;
4 5 6 0.053871343402225755;
4 5 7 0.06389391891891892;
4 5 8 0.060135453100158984;
4 5 9 0.06639956279809221;
4 5 10 0.060135453100158984;
4 5 11 0.06264109697933228;
4 5 12 0.07266367249602544;
4 6 1 0.048668521462639114;
4 6 2 0.0657025039745628;
4 6 3 0.06813593004769476;
4 6 4 0.05231866057233704;
4 6 5 0.07178606915739269;
4 6 6 0.062052364864864866;
4 6 7 0.057185512718600943;
4 6 8 0.06691921701112878;
4 6 9 0.07300278219395866;
4 6 10 0.057185512718600943;
4 6 11 0.062052364864864866;
4 6 12 0.06448579093799682;
5 1 1 0.074818759936407;
5 1 2 0.05745011923688394;
5 1 3 0.08016295707472178;
5 1 4 0.056114069952305244;
5 1 5 0.06813851351351351;
5 1 6 0.06680246422893482;
5 1 7 0.08016295707472178;
5 1 8 0.074818759936407;
5 1 9 0.0721466613672496;
5 1 10 0.0734827106518283;
5 1 11 0.07749085850556438;
5 1 12 0.07615480922098568;
5 2 1 0.05423370429252782;
5 2 2 0.0388674880763116;
5 2 3 0.049714228934817174;
5 2 4 0.037059697933227345;
5 2 5 0.04429085850556439;
5 2 6 0.0388674880763116;
5 2 7 0.0388674880763116;
5 2 8 0.04790643879173291;
5 2 9 0.05242591414944355;
5 2 10 0.04067527821939587;
5 2 11 0.05242591414944355;
5 2 12 0.04881033386327504;
5 3 1 0.07652593402225756;
5 3 2 0.06802305246422895;
5 3 3 0.07312478139904612;
5 3 4 0.09863342607313196;
5 3 5 0.07822651033386328;
5 3 6 0.10033400238473769;
5 3 7 0.08502881558028619;
5 3 8 0.07652593402225756;
5 3 9 0.09863342607313196;
5 3 10 0.06972362877583467;
5 3 11 0.07312478139904612;
5 3 12 0.09183112082670908;
5 4 1 0.06773275039745627;
5 4 2 0.06189372019077901;
5 4 3 0.05605468998410174;
5 4 4 0.059558108108108104;
5 4 5 0.06539713831478537;
5 4 6 0.05839030206677265;
5 4 7 0.05605468998410174;
5 4 8 0.06656494435612081;
5 4 9 0.05839030206677265;
5 4 10 0.06072591414944356;
5 4 11 0.07006836248012718;
5 4 12 0.049047853736089025;
5 5 1 0.06186403020667726;
5 5 2 0.06318028616852146;
5 5 3 0.06054777424483307;
5 5 4 0.06186403020667726;
5 5 5 0.057915262321144675;
5 5 6 0.06449654213036567;
5 5 7 0.06318028616852146;
5 5 8 0.05528275039745628;
5 5 9 0.07765910174880764;
5 5 10 0.053966494435612085;
5 5 11 0.06712905405405405;
5 5 12 0.07371033386327505;
5 6 1 0.05241106915739269;
5 6 2 0.07542080683624801;
5 6 3 0.05241106915739269;
5 6 4 0.05368938791732909;
5 6 5 0.06775089427662957;
5 6 6 0.06263761923688395;
5 6 7 0.0549677066772655;
5 6 8 0.07669912559618441;
5 6 9 0.06391593799682035;
5 6 10 0.05624602543720191;
5 6 11 0.06263761923688395;
5 6 12 0.05113275039745628;
6 1 1 0.06625516693163752;
6 1 2 0.059494435612082675;
6 1 3 0.06625516693163752;
6 1 4 0.07301589825119237;
6 1 5 0.07842448330683624;
6 1 6 0.08112877583465819;
6 1 7 0.06895945945945947;
6 1 8 0.08112877583465819;
6 1 9 0.07977662957074722;
6 1 10 0.07977662957074722;
6 1 11 0.059494435612082675;
6 1 12 0.05679014308426073;
6 2 1 0.036591414944356124;
6 2 2 0.04025055643879173;
6 2 3 0.03933577106518283;
6 2 4 0.04116534181240064;
6 2 5 0.048483624801271864;
6 2 6 0.047568839427662955;
6 2 7 0.04390969793322735;
6 2 8 0.047568839427662955;
6 2 9 0.04665405405405406;
6 2 10 0.048483624801271864;
6 2 11 0.05031319554848967;
6 2 12 0.03750620031796502;
6 3 1 0.10154284578696345;
6 3 2 0.0791689984101749;
6 3 3 0.09982178060413356;
6 3 4 0.0946585850556439;
6 3 5 0.08605325914149445;
6 3 6 0.09121645468998413;
6 3 7 0.09121645468998413;
6 3 8 0.08261112877583467;
6 3 9 0.08605325914149445;
6 3 10 0.09982178060413356;
6 3 11 0.0946585850556439;
6 3 12 0.08433219395866455;
6 4 1 0.05791192368839427;
6 4 2 0.04727503974562798;
6 4 3 0.06263942766295708;
6 4 4 0.06500317965023847;
6 4 5 0.04845691573926868;
6 4 6 0.04845691573926868;
6 4 7 0.06736693163751986;
6 4 8 0.06382130365659777;
6 4 9 0.060275675675675676;
6 4 10 0.060275675675675676;
6 4 11 0.05673004769475357;
6 4 12 0.05673004769475357;
6 5 1 0.07326629570747219;
6 5 2 0.06793783783783784;
6 5 3 0.05594880763116057;
6 5 4 0.054616693163751985;
6 5 5 0.07726263910969793;
6 5 6 0.06394149443561209;
6 5 7 0.05994515103338633;
6 5 8 0.054616693163751985;
6 5 9 0.06926995230524642;
6 5 10 0.06660572337042925;
6 5 11 0.05594880763116057;
6 5 12 0.0799268680445151;
6 6 1 0.053042527821939585;
6 6 2 0.06727344992050874;
6 6 3 0.07632949125596183;
6 6 4 0.0737420508744038;
6 6 5 0.07632949125596183;
6 6 6 0.07244833068362481;
6 6 7 0.051748807631160576;
6 6 8 0.07503577106518283;
6 6 9 0.060804848966613666;
6 6 10 0.0543362480127186;
6 6 11 0.07115461049284579;
6 6 12 0.05562996820349761;
7 1 1 0.07798986486486485;
7 1 2 0.0602027027027027;
7 1 3 0.07662162162162163;
7 1 4 0.06567567567567567;
7 1 5 0.0629391891891892;
7 1 6 0.06567567567567567;
7 1 7 0.06841216216216216;
7 1 8 0.07114864864864866;
7 1 9 0.07114864864864866;
7 1 10 0.06157094594594595;
7 1 11 0.05746621621621621;
7 1 12 0.08072635135135135;
7 2 1 0.04628378378378378;
7 2 2 0.05368918918918919;
7 2 3 0.0416554054054054;
7 2 4 0.04072972972972973;
7 2 5 0.054614864864864866;
7 2 6 0.05368918918918919;
7 2 7 0.037952702702702706;
7 2 8 0.049986486486486494;
7 2 9 0.05276351351351351;
7 2 10 0.037952702702702706;
7 2 11 0.04813513513513514;
7 2 12 0.0416554054054054;
7 3 1 0.07488682432432434;
7 3 2 0.08185304054054054;
7 3 3 0.1027516891891892;
7 3 4 0.09752702702702705;
7 3 5 0.06966216216216217;
7 3 6 0.10449324324324326;
7 3 7 0.1027516891891892;
7 3 8 0.10101013513513514;
7 3 9 0.08533614864864866;
7 3 10 0.07836993243243244;
7 3 11 0.08185304054054054;
7 3 12 0.06966216216216217;
7 4 1 0.05860135135135135;
7 4 2 0.06577702702702704;
7 4 3 0.05620945945945945;
7 4 4 0.049033783783783785;
7 4 5 0.07056081081081081;
7 4 6 0.05022972972972972;
7 4 7 0.05620945945945945;
7 4 8 0.06936486486486486;
7 4 9 0.05620945945945945;
7 4 10 0.047837837837837835;
7 4 11 0.05620945945945945;
7 4 12 0.05620945945945945;
7 5 1 0.07818243243243243;
7 5 2 0.05661486486486486;
7 5 3 0.07144256756756757;
7 5 4 0.07279054054054054;
7 5 5 0.06200675675675676;
7 5 6 0.06200675675675676;
7 5 7 0.059310810810810806;
7 5 8 0.05796283783783783;
7 5 9 0.05661486486486486;
7 5 10 0.059310810810810806;
7 5 11 0.07548648648648648;
7 5 12 0.05661486486486486;
7 6 1 0.07723817567567567;
7 6 2 0.05629222972972973;
7 6 3 0.06414695945945946;
7 6 4 0.0549831081081081;
7 6 5 0.07592905405405405;
7 6 6 0.0720016891891892;
7 6 7 0.06807432432432432;
7 6 8 0.07723817567567567;
7 6 9 0.07331081081081081;
7 6 10 0.07461993243243242;
7 6 11 0.057601351351351346;
7 6 12 0.0602195945945946;
8 1 1 0.07163155802861686;
8 1 2 0.06876629570747218;
8 1 3 0.0730641891891892;
8 1 4 0.06446840222575517;
8 1 5 0.0730641891891892;
8 1 6 0.061603139904610485;
8 1 7 0.07163155802861686;
8 1 8 0.07449682034976153;
8 1 9 0.06303577106518284;
8 1 10 0.06017050874403815;
8 1 11 0.0773620826709062;
8 1 12 0.07163155802861686;
8 2 1 0.045554133545310016;
8 2 2 0.04070794912559618;
8 2 3 0.05040031796502385;
8 2 4 0.03876947535771066;
8 2 5 0.04070794912559618;
8 2 6 0.05718497615262321;
8 2 7 0.04070794912559618;
8 2 8 0.04749260731319555;
8 2 9 0.04070794912559618;
8 2 10 0.05330802861685215;
8 2 11 0.05136955484896662;
8 2 12 0.05330802861685215;
8 3 1 0.10029302464228937;
8 3 2 0.10394004372019079;
8 3 3 0.07476389109697933;
8 3 4 0.10576355325914151;
8 3 5 0.08935196740858507;
8 3 6 0.07841091017488076;
8 3 7 0.09664600556438793;
8 3 8 0.07294038155802864;
8 3 9 0.08388143879173293;
8 3 10 0.0929989864864865;
8 3 11 0.07658740063593004;
8 3 12 0.08205792925278221;
8 4 1 0.06261128775834658;
8 4 2 0.0638635135135135;
8 4 3 0.05384570747217805;
8 4 4 0.07388131955484896;
8 4 5 0.05760238473767886;
8 4 6 0.05259348171701112;
8 4 7 0.0713768680445151;
8 4 8 0.05885461049284578;
8 4 9 0.05885461049284578;
8 4 10 0.05760238473767886;
8 4 11 0.05259348171701112;
8 4 12 0.06261128775834658;
8 5 1 0.06492472178060414;
8 5 2 0.0804501987281399;
8 5 3 0.08327301271860095;
8 5 4 0.08327301271860095;
8 5 5 0.0578676868044515;
8 5 6 0.08186160572337042;
8 5 7 0.05645627980922099;
8 5 8 0.06210190779014309;
8 5 9 0.07057034976152624;
8 5 10 0.0748045707472178;
8 5 11 0.06633612877583465;
8 5 12 0.06633612877583465;
8 6 1 0.06853636724960255;
8 6 2 0.06579491255961845;
8 6 3 0.06168273052464229;
8 6 4 0.06853636724960255;
8 6 5 0.06305345786963434;
8 6 6 0.0699070945945946;
8 6 7 0.06168273052464229;
8 6 8 0.08087291335453099;
8 6 9 0.07950218600953894;
8 6 10 0.06168273052464229;
8 6 11 0.06305345786963434;
8 6 12 0.06853636724960255;
9 1 1 0.0820302066772655;
9 1 2 0.0757201907790143;
9 1 3 0.06625516693163752;
9 1 4 0.07098767885532592;
9 1 5 0.0836077106518283;
9 1 6 0.09149523052464228;
9 1 7 0.06467766295707472;
9 1 8 0.09465023847376788;
9 1 9 0.0772976947535771;
9 1 10 0.06310015898251192;
9 1 11 0.08045270270270272;
9 1 12 0.0788751987281399;
9 2 1 0.05763147853736089;
9 2 2 0.05976597774244834;
9 2 3 0.06190047694753577;
9 2 4 0.056564228934817176;
9 2 5 0.05016073131955485;
9 2 6 0.06403497615262321;
9 2 7 0.05976597774244834;
9 2 8 0.060833227344992045;
9 2 9 0.05442972972972974;
9 2 10 0.04589173290937997;
9 2 11 0.05976597774244834;
9 2 12 0.05016073131955485;
9 3 1 0.11645874403815581;
9 3 2 0.11645874403815581;
9 3 3 0.09236383147853738;
9 3 4 0.1144508346581876;
9 3 5 0.09437174085850557;
9 3 6 0.09838755961844198;
9 3 7 0.08834801271860096;
9 3 8 0.11846665341812403;
9 3 9 0.09637965023847378;
9 3 10 0.08834801271860096;
9 3 11 0.08232428457869635;
9 3 12 0.09838755961844198;
9 4 1 0.07032162162162162;
9 4 2 0.059290779014308424;
9 4 3 0.06894276629570747;
9 4 4 0.08135246422893481;
9 4 5 0.059290779014308424;
9 4 6 0.06342734499205088;
9 4 7 0.06894276629570747;
9 4 8 0.07032162162162162;
9 4 9 0.060669634340222565;
9 4 10 0.05653306836248012;
9 4 11 0.07032162162162162;
9 4 12 0.06756391096979332;
9 5 1 0.08547734499205088;
9 5 2 0.08858561208267089;
9 5 3 0.07304427662957073;
9 5 4 0.07615254372019077;
9 5 5 0.07770667726550079;
9 5 6 0.08081494435612083;
9 5 7 0.06216534181240064;
9 5 8 0.07304427662957073;
9 5 9 0.08703147853736089;
9 5 10 0.07615254372019077;
9 5 11 0.07149014308426074;
9 5 12 0.06993600953895071;
9 6 1 0.06792031001589825;
9 6 2 0.08905107313195548;
9 6 3 0.07395767090620031;
9 6 4 0.08301371224165342;
9 6 5 0.061882949125596186;
9 6 6 0.08603239268680445;
9 6 7 0.07546701112877584;
9 6 8 0.06942965023847378;
9 6 9 0.06942965023847378;
9 6 10 0.08754173290937996;
9 6 11 0.06792031001589825;
9 6 12 0.06641096979332273;
10 1 1 0.07243640699523053;
10 1 2 0.08853338632750399;
10 1 3 0.08853338632750399;
10 1 4 0.09175278219395866;
10 1 5 0.08209459459459459;
10 1 6 0.09497217806041336;
10 1 7 0.09497217806041336;
10 1 8 0.0965818759936407;
10 1 9 0.07243640699523053;
10 1 10 0.07726550079491257;
10 1 11 0.09014308426073134;
10 1 12 0.07243640699523053;
10 2 1 0.05989666136724961;
10 2 2 0.057718600953895076;
10 2 3 0.046828298887122415;
10 2 4 0.06207472178060413;
10 2 5 0.0631637519872814;
10 2 6 0.046828298887122415;
10 2 7 0.06425278219395866;
10 2 8 0.05880763116057234;
10 2 9 0.05880763116057234;
10 2 10 0.052273449920508745;
10 2 11 0.046828298887122415;
10 2 12 0.06098569157392688;
10 3 1 0.10654213036565979;
10 3 2 0.09219992050874405;
10 3 3 0.09219992050874405;
10 3 4 0.11678656597774245;
10 3 5 0.08400437201907791;
10 3 6 0.12088434022257553;
10 3 7 0.08810214626391098;
10 3 8 0.11473767885532594;
10 3 9 0.08400437201907791;
10 3 10 0.10654213036565979;
10 3 11 0.10654213036565979;
10 3 12 0.11268879173290941;
10 4 1 0.07879173290937998;
10 4 2 0.07738473767885533;
10 4 3 0.07879173290937998;
10 4 4 0.06753577106518283;
10 4 5 0.05768680445151033;
10 4 6 0.07175675675675675;
10 4 7 0.0801987281399046;
10 4 8 0.07175675675675675;
10 4 9 0.07879173290937998;
10 4 10 0.07457074721780604;
10 4 11 0.0633147853736089;
10 4 12 0.0731637519872814;
10 5 1 0.06977742448330683;
10 5 2 0.06343402225755167;
10 5 3 0.08087837837837837;
10 5 4 0.06977742448330683;
10 5 5 0.07929252782193959;
10 5 6 0.09356518282988871;
10 5 7 0.08405007949125597;
10 5 8 0.06977742448330683;
10 5 9 0.07136327503974563;
10 5 10 0.07294912559618442;
10 5 11 0.06501987281399046;
10 5 12 0.09197933227344991;
10 6 1 0.08624801271860097;
10 6 2 0.08470786963434024;
10 6 3 0.09240858505564388;
10 6 4 0.0893282988871224;
10 6 5 0.08470786963434024;
10 6 6 0.07084658187599364;
10 6 7 0.07084658187599364;
10 6 8 0.0739268680445151;
10 6 9 0.0739268680445151;
10 6 10 0.0739268680445151;
10 6 11 0.06930643879173291;
10 6 12 0.08008744038155803;
11 1 1 0.08373648648648649;
11 1 2 0.08866216216216218;
11 1 3 0.0804527027027027;
11 1 4 0.06731756756756757;
11 1 5 0.07716891891891892;
11 1 6 0.09194594594594595;
11 1 7 0.08537837837837838;
11 1 8 0.07388513513513513;
11 1 9 0.06895945945945946;
11 1 10 0.09687162162162162;
11 1 11 0.0804527027027027;
11 1 12 0.06567567567567568;
11 2 1 0.06220540540540541;
11 2 2 0.054429729729729724;
11 2 3 0.054429729729729724;
11 2 4 0.05331891891891892;
11 2 5 0.059983783783783794;
11 2 6 0.058872972972972976;
11 2 7 0.05554054054054054;
11 2 8 0.04665405405405405;
11 2 9 0.058872972972972976;
11 2 10 0.05331891891891892;
11 2 11 0.04554324324324324;
11 2 12 0.0610945945945946;
11 3 1 0.12121216216216217;
11 3 2 0.0961337837837838;
11 3 3 0.12330202702702704;
11 3 4 0.11703243243243246;
11 3 5 0.10867297297297299;
11 3 6 0.12330202702702704;
11 3 7 0.08777432432432433;
11 3 8 0.09404391891891893;
11 3 9 0.11285270270270273;
11 3 10 0.09404391891891893;
11 3 11 0.11703243243243246;
11 3 12 0.08777432432432433;
11 4 1 0.07319189189189189;
11 4 2 0.07032162162162162;
11 4 3 0.07606216216216216;
11 4 4 0.08036756756756756;
11 4 5 0.06027567567567567;
11 4 6 0.05740540540540541;
11 4 7 0.07032162162162162;
11 4 8 0.05884054054054054;
11 4 9 0.07606216216216216;
11 4 10 0.08467297297297297;
11 4 11 0.07319189189189189;
11 4 12 0.06745135135135134;
11 5 1 0.07926081081081081;
11 5 2 0.09381891891891891;
11 5 3 0.07279054054054054;
11 5 4 0.09381891891891891;
11 5 5 0.08734864864864866;
11 5 6 0.08087837837837837;
11 5 7 0.06632027027027027;
11 5 8 0.07602567567567567;
11 5 9 0.09220135135135134;
11 5 10 0.08087837837837837;
11 5 11 0.07279054054054054;
11 5 12 0.08249594594594595;
11 6 1 0.07383445945945946;
11 6 2 0.06755067567567567;
11 6 3 0.06755067567567567;
11 6 4 0.07697635135135135;
11 6 5 0.07540540540540541;
11 6 6 0.09268581081081081;
11 6 7 0.06283783783783785;
11 6 8 0.09111486486486486;
11 6 9 0.09268581081081081;
11 6 10 0.07383445945945946;
11 6 11 0.08168918918918919;
11 6 12 0.07540540540540541;
12 1 1 0.09782134340222574;
12 1 2 0.06963553259141494;
12 1 3 0.08787341017488078;
12 1 4 0.06797754372019077;
12 1 5 0.07295151033386328;
12 1 6 0.06631955484896662;
12 1 7 0.0762674880763116;
12 1 8 0.08787341017488078;
12 1 9 0.06797754372019077;
12 1 10 0.07295151033386328;
12 1 11 0.07460949920508744;
12 1 12 0.0862154213036566;
12 2 1 0.06393696343402225;
12 2 2 0.04935484896661367;
12 2 3 0.05945015898251193;
12 2 4 0.06281526232114468;
12 2 5 0.060571860095389514;
12 2 6 0.05720675675675676;
12 2 7 0.05271995230524642;
12 2 8 0.05945015898251193;
12 2 9 0.05496335453100159;
12 2 10 0.04711144674085851;
12 2 11 0.05496335453100159;
12 2 12 0.067302066772655;
12 3 1 0.12662122416534183;
12 3 2 0.0970762718600954;
12 3 3 0.10551768680445153;
12 3 4 0.10551768680445153;
12 3 5 0.1097383942766296;
12 3 6 0.1245108704292528;
12 3 7 0.11817980922098573;
12 3 8 0.10340733306836249;
12 3 9 0.10340733306836249;
12 3 10 0.1245108704292528;
12 3 11 0.1160694554848967;
12 3 12 0.12029016295707473;
12 4 1 0.07680786963434022;
12 4 2 0.07680786963434022;
12 4 3 0.0623158187599364;
12 4 4 0.07535866454689984;
12 4 5 0.06811263910969792;
12 4 6 0.06376502384737678;
12 4 7 0.06086661367249602;
12 4 8 0.0623158187599364;
12 4 9 0.059417408585055634;
12 4 10 0.06086661367249602;
12 4 11 0.06376502384737678;
12 4 12 0.0855031001589825;
12 5 1 0.06860389507154213;
12 5 2 0.09637213831478536;
12 5 3 0.0767710254372019;
12 5 4 0.09800556438791733;
12 5 5 0.07840445151033386;
12 5 6 0.06697046899841017;
12 5 7 0.07513759936406995;
12 5 8 0.07840445151033386;
12 5 9 0.09637213831478536;
12 5 10 0.09310528616852146;
12 5 11 0.0882050079491256;
12 5 12 0.09473871224165341;
12 6 1 0.08566275834658188;
12 6 2 0.08566275834658188;
12 6 3 0.07931736883942767;
12 6 4 0.09200814785373608;
12 6 5 0.08249006359300477;
12 6 6 0.08724910572337044;
12 6 7 0.06662658982511924;
12 6 8 0.08566275834658188;
12 6 9 0.074558326709062;
12 6 10 0.06504024244833068;
12 6 11 0.07614467408585056;
12 6 12 0.06979928457869634;
13 1 1 0.0963404213036566;
13 1 2 0.10141096979332273;
13 1 3 0.08281895866454689;
13 1 4 0.08281895866454689;
13 1 5 0.07267786168521463;
13 1 6 0.0963404213036566;
13 1 7 0.0692974960254372;
13 1 8 0.09296005564387919;
13 1 9 0.08619932432432433;
13 1 10 0.07098767885532592;
13 1 11 0.07436804451510334;
13 1 12 0.08112877583465819;
13 2 1 0.06860890302066773;
13 2 2 0.04573926868044515;
13 2 3 0.06174801271860096;
13 2 4 0.049169713831478536;
13 2 5 0.059461049284578696;
13 2 6 0.060604531001589836;
13 2 7 0.05488712241653418;
13 2 8 0.049169713831478536;
13 2 9 0.06860890302066773;
13 2 10 0.06517845786963433;
13 2 11 0.060604531001589836;
13 2 12 0.06517845786963433;
13 3 1 0.0946585850556439;
13 3 2 0.0946585850556439;
13 3 3 0.12262589427662958;
13 3 4 0.10971790540540544;
13 3 5 0.08605325914149445;
13 3 6 0.10756657392686805;
13 3 7 0.11832323131955488;
13 3 8 0.10111257949125596;
13 3 9 0.09896124801271862;
13 3 10 0.11617189984101751;
13 3 11 0.12477722575516695;
13 3 12 0.12477722575516695;
13 4 1 0.07682193958664546;
13 4 2 0.08716335453100157;
13 4 3 0.08864069952305245;
13 4 4 0.08568600953895071;
13 4 5 0.06352583465818759;
13 4 6 0.08864069952305245;
13 4 7 0.08420866454689983;
13 4 8 0.08125397456279809;
13 4 9 0.06057114467408584;
13 4 10 0.06943521462639109;
13 4 11 0.06500317965023847;
13 4 12 0.06057114467408584;
13 5 1 0.06827086645468998;
13 5 2 0.07326629570747219;
13 5 3 0.08325715421303656;
13 5 4 0.09324801271860096;
13 5 5 0.09657829888712241;
13 5 6 0.09324801271860096;
13 5 7 0.07326629570747219;
13 5 8 0.09158286963434023;
13 5 9 0.07160115262321144;
13 5 10 0.07659658187599365;
13 5 11 0.06660572337042925;
13 5 12 0.06827086645468998;
13 6 1 0.08894326311605724;
13 6 2 0.09541186406995229;
13 6 3 0.07924036168521462;
13 6 4 0.09541186406995229;
13 6 5 0.09056041335453101;
13 6 6 0.06468600953895072;
13 6 7 0.07115461049284579;
13 6 8 0.08570896263910971;
13 6 9 0.08732611287758348;
13 6 10 0.08570896263910971;
13 6 11 0.09056041335453101;
13 6 12 0.07762321144674085;
14 1 1 0.08731001589825119;
14 1 2 0.08731001589825119;
14 1 3 0.0945858505564388;
14 1 4 0.0945858505564388;
14 1 5 0.090947933227345;
14 1 6 0.08912897456279809;
14 1 7 0.08549105723370429;
14 1 8 0.07457730524642289;
14 1 9 0.0964048092209857;
14 1 10 0.07457730524642289;
14 1 11 0.07821522257551669;
14 1 12 0.10913751987281399;
14 2 1 0.06276081081081082;
14 2 2 0.06522201907790143;
14 2 3 0.06276081081081082;
14 2 4 0.07137503974562798;
14 2 5 0.0738362480127186;
14 2 6 0.05045476947535771;
14 2 7 0.05045476947535771;
14 2 8 0.05045476947535771;
14 2 9 0.06276081081081082;
14 2 10 0.05906899841017488;
14 2 11 0.07137503974562798;
14 2 12 0.06276081081081082;
14 3 1 0.11113163751987282;
14 3 2 0.12965357710651831;
14 3 3 0.11113163751987282;
14 3 4 0.11576212241653419;
14 3 5 0.12039260731319558;
14 3 6 0.10418591017488078;
14 3 7 0.1018706677265501;
14 3 8 0.09492494038155803;
14 3 9 0.1018706677265501;
14 3 10 0.13659930445151036;
14 3 11 0.09260969793322736;
14 3 12 0.09260969793322736;
14 4 1 0.0906245627980922;
14 4 2 0.08744475357710652;
14 4 3 0.06518608903020667;
14 4 4 0.0731356120826709;
14 4 5 0.07790532591414943;
14 4 6 0.0906245627980922;
14 4 7 0.09221446740858504;
14 4 8 0.08426494435612082;
14 4 9 0.08426494435612082;
14 4 10 0.09539427662957074;
14 4 11 0.07949523052464229;
14 4 12 0.08903465818759937;
14 5 1 0.07705647853736089;
14 5 2 0.10572865659777425;
14 5 3 0.09856061208267092;
14 5 4 0.09139256756756757;
14 5 5 0.07884848966613672;
14 5 6 0.09139256756756757;
14 5 7 0.0931845786963434;
14 5 8 0.10572865659777425;
14 5 9 0.1039366454689984;
14 5 10 0.08960055643879174;
14 5 11 0.07705647853736089;
14 5 12 0.08064050079491256;
14 6 1 0.07309519077901432;
14 6 2 0.07657591414944356;
14 6 3 0.08875844594594595;
14 6 4 0.08005663751987283;
14 6 5 0.08353736089030206;
14 6 6 0.09397953100158983;
14 6 7 0.06961446740858505;
14 6 8 0.0922391693163752;
14 6 9 0.07135482909379968;
14 6 10 0.09571989268680446;
14 6 11 0.07135482909379968;
14 6 12 0.08701808426073132;
15 1 1 0.10826828298887121;
15 1 2 0.07340222575516693;
15 1 3 0.08624761526232114;
15 1 4 0.10643322734499204;
15 1 5 0.09909300476947536;
15 1 6 0.09358783783783783;
15 1 7 0.08991772655007949;
15 1 8 0.10643322734499204;
15 1 9 0.10643322734499204;
15 1 10 0.09909300476947536;
15 1 11 0.09725794912559618;
15 1 12 0.09358783783783783;
15 2 1 0.07448966613672495;
15 2 2 0.07076518282988871;
15 2 3 0.06704069952305247;
15 2 4 0.07200667726550078;
15 2 5 0.06828219395866456;
15 2 6 0.05959173290937997;
15 2 7 0.06704069952305247;
15 2 8 0.058350238473767885;
15 2 9 0.062074721780604136;
15 2 10 0.04965977742448331;
15 2 11 0.0645577106518283;
15 2 12 0.052142766295707466;
15 3 1 0.13313668521462638;
15 3 2 0.10744364069952307;
15 3 3 0.1378081478537361;
15 3 4 0.10043644674085851;
15 3 5 0.10744364069952307;
15 3 6 0.09810071542130366;
15 3 7 0.10277217806041337;
15 3 8 0.11445083465818762;
15 3 9 0.09342925278219398;
15 3 10 0.14014387917329094;
15 3 11 0.10510790937996822;
15 3 12 0.10043644674085851;
15 4 1 0.07859475357710652;
15 4 2 0.08340667726550079;
15 4 3 0.06897090620031796;
15 4 4 0.06576295707472177;
15 4 5 0.07699077901430842;
15 4 6 0.06415898251192369;
15 4 7 0.06736693163751986;
15 4 8 0.07057488076311606;
15 4 9 0.06415898251192369;
15 4 10 0.06415898251192369;
15 4 11 0.08019872813990461;
15 4 12 0.07378282988871225;
15 5 1 0.10304856915739267;
15 5 2 0.10124069952305247;
15 5 3 0.0723147853736089;
15 5 4 0.07593052464228935;
15 5 5 0.08135413354531003;
15 5 6 0.0958170906200318;
15 5 7 0.09943282988871224;
15 5 8 0.1048564387917329;
15 5 9 0.10304856915739267;
15 5 10 0.0885856120826709;
15 5 11 0.08677774244833068;
15 5 12 0.10304856915739267;
15 6 1 0.07023052464228935;
15 6 2 0.10183426073131954;
15 6 3 0.07549781399046104;
15 6 4 0.08778815580286169;
15 6 5 0.08778815580286169;
15 6 6 0.07900934022257552;
15 6 7 0.10534578696343401;
15 6 8 0.08252086645468998;
15 6 9 0.09481120826709062;
15 6 10 0.08778815580286169;
15 6 11 0.09481120826709062;
15 6 12 0.07900934022257552;
16 1 1 0.10739904610492845;
16 1 2 0.10292408585055644;
16 1 3 0.08949920508744039;
16 1 4 0.10963652623211446;
16 1 5 0.10739904610492845;
16 1 6 0.12753636724960252;
16 1 7 0.12753636724960252;
16 1 8 0.10739904610492845;
16 1 9 0.08949920508744039;
16 1 10 0.09173668521462638;
16 1 11 0.10516156597774244;
16 1 12 0.13201132750397454;
16 2 1 0.08174260731319555;
16 2 2 0.07871510333863276;
16 2 3 0.07720135135135135;
16 2 4 0.06963259141494436;
16 2 5 0.062063831478537355;
16 2 6 0.08628386327503974;
16 2 7 0.08477011128775835;
16 2 8 0.06963259141494436;
16 2 9 0.07114634340222575;
16 2 10 0.08931136724960254;
16 2 11 0.08931136724960254;
16 2 12 0.07871510333863276;
16 3 1 0.14239765500794915;
16 3 2 0.1338537957074722;
16 3 3 0.1537894674085851;
16 3 4 0.12246198330683626;
16 3 5 0.1537894674085851;
16 3 6 0.1310058426073132;
16 3 7 0.11391812400635933;
16 3 8 0.1509415143084261;
16 3 9 0.11676607710651829;
16 3 10 0.15663742050874407;
16 3 11 0.12246198330683626;
16 3 12 0.12815788950715423;
16 4 1 0.08605182829888712;
16 4 2 0.1075647853736089;
16 4 3 0.10169761526232114;
16 4 4 0.08214038155802861;
16 4 5 0.1075647853736089;
16 4 6 0.1153876788553259;
16 4 7 0.08018465818759936;
16 4 8 0.10952050874403815;
16 4 9 0.11343195548489664;
16 4 10 0.10169761526232114;
16 4 11 0.1153876788553259;
16 4 12 0.08605182829888712;
16 5 1 0.11021661367249602;
16 5 2 0.10360361685214627;
16 5 3 0.10360361685214627;
16 5 4 0.11682961049284579;
16 5 5 0.10139928457869635;
16 5 6 0.11682961049284579;
16 5 7 0.1080122813990461;
16 5 8 0.09037762321144673;
16 5 9 0.11242094594594594;
16 5 10 0.09037762321144673;
16 5 11 0.1080122813990461;
16 5 12 0.12785127186009537;
16 6 1 0.12416633545310014;
16 6 2 0.11346234101748807;
16 6 3 0.10918074324324324;
16 6 4 0.12416633545310014;
16 6 5 0.11132154213036566;
16 6 6 0.09205435214626391;
16 6 7 0.12416633545310014;
16 6 8 0.10489914546899841;
16 6 9 0.09419515103338633;
16 6 10 0.09419515103338633;
16 6 11 0.10918074324324324;
16 6 12 0.08777275437201908;
17 1 1 0.1005739268680445;
17 1 2 0.13257472178060414;
17 1 3 0.09371661367249602;
17 1 4 0.1371462639109698;
17 1 5 0.12571740858505565;
17 1 6 0.1371462639109698;
17 1 7 0.1280031796502385;
17 1 8 0.1371462639109698;
17 1 9 0.1280031796502385;
17 1 10 0.11657432432432432;
17 1 11 0.10285969793322734;
17 1 12 0.1005739268680445;
17 2 1 0.08196041335453101;
17 2 2 0.07577472178060414;
17 2 3 0.08196041335453101;
17 2 4 0.071135453100159;
17 2 5 0.08041399046104929;
17 2 6 0.06649618441971383;
17 2 7 0.07268187599364069;
17 2 8 0.07422829888712242;
17 2 9 0.06494976152623212;
17 2 10 0.07268187599364069;
17 2 11 0.07577472178060414;
17 2 12 0.07577472178060414;
17 3 1 0.13383330683624806;
17 3 2 0.11637678855325917;
17 3 3 0.16874634340222577;
17 3 4 0.1541992448330684;
17 3 5 0.16583692368839428;
17 3 6 0.12219562798092212;
17 3 7 0.17165576311605726;
17 3 8 0.15128982511923691;
17 3 9 0.16583692368839428;
17 3 10 0.12219562798092212;
17 3 11 0.11637678855325917;
17 3 12 0.17165576311605726;
17 4 1 0.08391319554848967;
17 4 2 0.10589046104928458;
17 4 3 0.09590079491255961;
17 4 4 0.08591112877583465;
17 4 5 0.11588012718600953;
17 4 6 0.11588012718600953;
17 4 7 0.10189459459459459;
17 4 8 0.10589046104928458;
17 4 9 0.11987599364069952;
17 4 10 0.10788839427662958;
17 4 11 0.11787806041335452;
17 4 12 0.11588012718600953;
17 5 1 0.12160302066772656;
17 5 2 0.1148472972972973;
17 5 3 0.10358775834658189;
17 5 4 0.11935111287758347;
17 5 5 0.10583966613672495;
17 5 6 0.09458012718600954;
17 5 7 0.13286255961844198;
17 5 8 0.12610683624801272;
17 5 9 0.1306106518282989;
17 5 10 0.09683203497615263;
17 5 11 0.13286255961844198;
17 5 12 0.10583966613672495;
17 6 1 0.08966713036565978;
17 6 2 0.1312201907790143;
17 6 3 0.12465918124006359;
17 6 4 0.09404113672496026;
17 6 5 0.09841514308426073;
17 6 6 0.09185413354531001;
17 6 7 0.1312201907790143;
17 6 8 0.1137241653418124;
17 6 9 0.11153716216216217;
17 6 10 0.1027891494435612;
17 6 11 0.10716315580286168;
17 6 12 0.12028517488076312;
18 1 1 0.12285214626391099;
18 1 2 0.13212400635930047;
18 1 3 0.09271860095389507;
18 1 4 0.12980604133545312;
18 1 5 0.10662639109697934;
18 1 6 0.13675993640699521;
18 1 7 0.09735453100158982;
18 1 8 0.12517011128775835;
18 1 9 0.09967249602543721;
18 1 10 0.12980604133545312;
18 1 11 0.10662639109697934;
18 1 12 0.1390779014308426;
18 2 1 0.06743275039745629;
18 2 2 0.06586454689984102;
18 2 3 0.08938759936406995;
18 2 4 0.07841017488076311;
18 2 5 0.09252400635930047;
18 2 6 0.07056915739268681;
18 2 7 0.0752737678855326;
18 2 8 0.09409220985691573;
18 2 9 0.09095580286168521;
18 2 10 0.07213736089030208;
18 2 11 0.08468298887122418;
18 2 12 0.09095580286168521;
18 3 1 0.13571828298887126;
18 3 2 0.12981748807631163;
18 3 3 0.1180158982511924;
18 3 4 0.13276788553259142;
18 3 5 0.15932146263910973;
18 3 6 0.16227186009538955;
18 3 7 0.1209662957074722;
18 3 8 0.15932146263910973;
18 3 9 0.15637106518282992;
18 3 10 0.15637106518282992;
18 3 11 0.17112305246422896;
18 3 12 0.12686709062003182;
18 4 1 0.11346009538950717;
18 4 2 0.11346009538950717;
18 4 3 0.1073818759936407;
18 4 4 0.08914721780604133;
18 4 5 0.08306899841017487;
18 4 6 0.11346009538950717;
18 4 7 0.08509507154213036;
18 4 8 0.10535580286168521;
18 4 9 0.08914721780604133;
18 4 10 0.10130365659777424;
18 4 11 0.08914721780604133;
18 4 12 0.10332972972972972;
18 5 1 0.09591224165341812;
18 5 2 0.10961399046104929;
18 5 3 0.10961399046104929;
18 5 4 0.11646486486486486;
18 5 5 0.13245023847376788;
18 5 6 0.12331573926868045;
18 5 7 0.11646486486486486;
18 5 8 0.13245023847376788;
18 5 9 0.1255993640699523;
18 5 10 0.13473386327503972;
18 5 11 0.09591224165341812;
18 5 12 0.1027631160572337;
18 6 1 0.09536565977742449;
18 6 2 0.10201907790143086;
18 6 3 0.08871224165341812;
18 6 4 0.08871224165341812;
18 6 5 0.08871224165341812;
18 6 6 0.12197933227344993;
18 6 7 0.1131081081081081;
18 6 8 0.12641494435612083;
18 6 9 0.1086724960254372;
18 6 10 0.10423688394276628;
18 6 11 0.09980127186009538;
18 6 12 0.12197933227344993;
19 1 1 0.10199046104928458;
19 1 2 0.11126232114467409;
19 1 3 0.12980604133545312;
19 1 4 0.09503656597774245;
19 1 5 0.11589825119236884;
19 1 6 0.12517011128775835;
19 1 7 0.11358028616852146;
19 1 8 0.12980604133545312;
19 1 9 0.13444197138314784;
19 1 10 0.13444197138314784;
19 1 11 0.1390779014308426;
19 1 12 0.12285214626391099;
19 2 1 0.07684197138314786;
19 2 2 0.09095580286168521;
19 2 3 0.07997837837837837;
19 2 4 0.07841017488076311;
19 2 5 0.06900095389507155;
19 2 6 0.08781939586645471;
19 2 7 0.08468298887122418;
19 2 8 0.08154658187599363;
19 2 9 0.07841017488076311;
19 2 10 0.08625119236883944;
19 2 11 0.08154658187599363;
19 2 12 0.0752737678855326;
19 3 1 0.1504702702702703;
19 3 2 0.16522225755166936;
19 3 3 0.1504702702702703;
19 3 4 0.1504702702702703;
19 3 5 0.15342066772655008;
19 3 6 0.15932146263910973;
19 3 7 0.15932146263910973;
19 3 8 0.17702384737678856;
19 3 9 0.13276788553259142;
19 3 10 0.16817265500794915;
19 3 11 0.13571828298887126;
19 3 12 0.12686709062003182;
19 4 1 0.12156438791732907;
19 4 2 0.09522543720190778;
19 4 3 0.09927758346581876;
19 4 4 0.11143402225755167;
19 4 5 0.10332972972972972;
19 4 6 0.10332972972972972;
19 4 7 0.10130365659777424;
19 4 8 0.09117329093799681;
19 4 9 0.11751224165341811;
19 4 10 0.10332972972972972;
19 4 11 0.10940794912559619;
19 4 12 0.1073818759936407;
19 5 1 0.1210321144674086;
19 5 2 0.0913449920508744;
19 5 3 0.11189761526232114;
19 5 4 0.09819586645468999;
19 5 5 0.12331573926868045;
19 5 6 0.10961399046104929;
19 5 7 0.1255993640699523;
19 5 8 0.12788298887122418;
19 5 9 0.12331573926868045;
19 5 10 0.10047949125596184;
19 5 11 0.11189761526232114;
19 5 12 0.10733036565977741;
19 6 1 0.13085055643879173;
19 6 2 0.1086724960254372;
19 6 3 0.11532591414944356;
19 6 4 0.09758346581875993;
19 6 5 0.10423688394276628;
19 6 6 0.10201907790143086;
19 6 7 0.09093004769475357;
19 6 8 0.12641494435612083;
19 6 9 0.09758346581875993;
19 6 10 0.11089030206677265;
19 6 11 0.12641494435612083;
19 6 12 0.11532591414944356;
20 1 1 0.11589825119236884;
20 1 2 0.09503656597774245;
20 1 3 0.11358028616852146;
20 1 4 0.11126232114467409;
20 1 5 0.12053418124006358;
20 1 6 0.12053418124006358;
20 1 7 0.11821621621621621;
20 1 8 0.1089443561208267;
20 1 9 0.1390779014308426;
20 1 10 0.10199046104928458;
20 1 11 0.10662639109697934;
20 1 12 0.11589825119236884;
20 2 1 0.06586454689984102;
20 2 2 0.06900095389507155;
20 2 3 0.06743275039745629;
20 2 4 0.09095580286168521;
20 2 5 0.07997837837837837;
20 2 6 0.07370556438791732;
20 2 7 0.07841017488076311;
20 2 8 0.08468298887122418;
20 2 9 0.08625119236883944;
20 2 10 0.0627281399046105;
20 2 11 0.07213736089030208;
20 2 12 0.08311478537360892;
20 3 1 0.14161907790143088;
20 3 2 0.12391669316375199;
20 3 3 0.15637106518282992;
20 3 4 0.1209662957074722;
20 3 5 0.17702384737678856;
20 3 6 0.12391669316375199;
20 3 7 0.12686709062003182;
20 3 8 0.1180158982511924;
20 3 9 0.15637106518282992;
20 3 10 0.14456947535771067;
20 3 11 0.17407344992050874;
20 3 12 0.12686709062003182;
20 4 1 0.08509507154213036;
20 4 2 0.09522543720190778;
20 4 3 0.10535580286168521;
20 4 4 0.08712114467408585;
20 4 5 0.09319936406995231;
20 4 6 0.08712114467408585;
20 4 7 0.11953831478537359;
20 4 8 0.09725151033386327;
20 4 9 0.09117329093799681;
20 4 10 0.09522543720190778;
20 4 11 0.11751224165341811;
20 4 12 0.10940794912559619;
20 5 1 0.1027631160572337;
20 5 2 0.12331573926868045;
20 5 3 0.13473386327503972;
20 5 4 0.0913449920508744;
20 5 5 0.1027631160572337;
20 5 6 0.13473386327503972;
20 5 7 0.11418124006359301;
20 5 8 0.13245023847376788;
20 5 9 0.11646486486486486;
20 5 10 0.10733036565977741;
20 5 11 0.09591224165341812;
20 5 12 0.09591224165341812;
20 6 1 0.12197933227344993;
20 6 2 0.11532591414944356;
20 6 3 0.11089030206677265;
20 6 4 0.10645468998410175;
20 6 5 0.12641494435612083;
20 6 6 0.09314785373608903;
20 6 7 0.10201907790143086;
20 6 8 0.11089030206677265;
20 6 9 0.09314785373608903;
20 6 10 0.1131081081081081;
20 6 11 0.12863275039745628;
20 6 12 0.11976152623211447;
]

global d = [
1 1 1 62;
1 1 2 57;
1 1 3 296;
1 1 4 262;
1 1 5 141;
1 1 6 134;
1 1 7 149;
1 1 8 238;
1 1 9 86;
1 1 10 259;
1 1 11 118;
1 1 12 78;
1 2 1 197;
1 2 2 103;
1 2 3 91;
1 2 4 0;
1 2 5 271;
1 2 6 152;
1 2 7 0;
1 2 8 252;
1 2 9 0;
1 2 10 77;
1 2 11 217;
1 2 12 261;
1 3 1 78;
1 3 2 103;
1 3 3 0;
1 3 4 137;
1 3 5 99;
1 3 6 171;
1 3 7 244;
1 3 8 231;
1 3 9 297;
1 3 10 214;
1 3 11 113;
1 3 12 201;
1 4 1 0;
1 4 2 99;
1 4 3 256;
1 4 4 174;
1 4 5 0;
1 4 6 162;
1 4 7 95;
1 4 8 97;
1 4 9 202;
1 4 10 159;
1 4 11 67;
1 4 12 284;
1 5 1 290;
1 5 2 0;
1 5 3 194;
1 5 4 285;
1 5 5 300;
1 5 6 149;
1 5 7 242;
1 5 8 53;
1 5 9 0;
1 5 10 0;
1 5 11 127;
1 5 12 216;
1 6 1 0;
1 6 2 60;
1 6 3 123;
1 6 4 253;
1 6 5 0;
1 6 6 132;
1 6 7 94;
1 6 8 161;
1 6 9 165;
1 6 10 0;
1 6 11 247;
1 6 12 214;
2 1 1 237;
2 1 2 172;
2 1 3 242;
2 1 4 252;
2 1 5 196;
2 1 6 298;
2 1 7 95;
2 1 8 264;
2 1 9 172;
2 1 10 291;
2 1 11 245;
2 1 12 232;
2 2 1 261;
2 2 2 245;
2 2 3 272;
2 2 4 217;
2 2 5 0;
2 2 6 292;
2 2 7 188;
2 2 8 0;
2 2 9 93;
2 2 10 195;
2 2 11 246;
2 2 12 99;
2 3 1 0;
2 3 2 78;
2 3 3 141;
2 3 4 209;
2 3 5 133;
2 3 6 134;
2 3 7 165;
2 3 8 219;
2 3 9 164;
2 3 10 70;
2 3 11 0;
2 3 12 91;
2 4 1 0;
2 4 2 130;
2 4 3 75;
2 4 4 283;
2 4 5 87;
2 4 6 0;
2 4 7 201;
2 4 8 106;
2 4 9 166;
2 4 10 263;
2 4 11 0;
2 4 12 0;
2 5 1 120;
2 5 2 270;
2 5 3 255;
2 5 4 247;
2 5 5 240;
2 5 6 152;
2 5 7 124;
2 5 8 0;
2 5 9 0;
2 5 10 133;
2 5 11 0;
2 5 12 138;
2 6 1 188;
2 6 2 225;
2 6 3 150;
2 6 4 220;
2 6 5 202;
2 6 6 125;
2 6 7 134;
2 6 8 293;
2 6 9 298;
2 6 10 140;
2 6 11 258;
2 6 12 133;
3 1 1 82;
3 1 2 147;
3 1 3 0;
3 1 4 0;
3 1 5 260;
3 1 6 211;
3 1 7 250;
3 1 8 258;
3 1 9 0;
3 1 10 288;
3 1 11 280;
3 1 12 0;
3 2 1 0;
3 2 2 246;
3 2 3 190;
3 2 4 101;
3 2 5 187;
3 2 6 295;
3 2 7 70;
3 2 8 0;
3 2 9 205;
3 2 10 255;
3 2 11 126;
3 2 12 0;
3 3 1 101;
3 3 2 76;
3 3 3 278;
3 3 4 130;
3 3 5 108;
3 3 6 144;
3 3 7 170;
3 3 8 164;
3 3 9 243;
3 3 10 221;
3 3 11 166;
3 3 12 0;
3 4 1 0;
3 4 2 249;
3 4 3 233;
3 4 4 58;
3 4 5 0;
3 4 6 74;
3 4 7 201;
3 4 8 189;
3 4 9 259;
3 4 10 76;
3 4 11 191;
3 4 12 254;
3 5 1 65;
3 5 2 99;
3 5 3 246;
3 5 4 202;
3 5 5 172;
3 5 6 204;
3 5 7 214;
3 5 8 129;
3 5 9 0;
3 5 10 266;
3 5 11 251;
3 5 12 58;
3 6 1 0;
3 6 2 101;
3 6 3 235;
3 6 4 289;
3 6 5 285;
3 6 6 228;
3 6 7 165;
3 6 8 157;
3 6 9 79;
3 6 10 0;
3 6 11 120;
3 6 12 245;
4 1 1 106;
4 1 2 262;
4 1 3 180;
4 1 4 251;
4 1 5 273;
4 1 6 0;
4 1 7 105;
4 1 8 232;
4 1 9 0;
4 1 10 51;
4 1 11 67;
4 1 12 91;
4 2 1 230;
4 2 2 132;
4 2 3 194;
4 2 4 119;
4 2 5 113;
4 2 6 136;
4 2 7 70;
4 2 8 152;
4 2 9 157;
4 2 10 152;
4 2 11 222;
4 2 12 162;
4 3 1 258;
4 3 2 82;
4 3 3 141;
4 3 4 118;
4 3 5 65;
4 3 6 0;
4 3 7 293;
4 3 8 297;
4 3 9 188;
4 3 10 0;
4 3 11 188;
4 3 12 139;
4 4 1 228;
4 4 2 0;
4 4 3 260;
4 4 4 247;
4 4 5 0;
4 4 6 169;
4 4 7 259;
4 4 8 290;
4 4 9 126;
4 4 10 132;
4 4 11 227;
4 4 12 199;
4 5 1 0;
4 5 2 0;
4 5 3 69;
4 5 4 257;
4 5 5 215;
4 5 6 0;
4 5 7 180;
4 5 8 138;
4 5 9 295;
4 5 10 289;
4 5 11 56;
4 5 12 225;
4 6 1 164;
4 6 2 0;
4 6 3 70;
4 6 4 197;
4 6 5 59;
4 6 6 111;
4 6 7 96;
4 6 8 265;
4 6 9 188;
4 6 10 0;
4 6 11 158;
4 6 12 102;
5 1 1 0;
5 1 2 61;
5 1 3 0;
5 1 4 0;
5 1 5 55;
5 1 6 0;
5 1 7 284;
5 1 8 61;
5 1 9 212;
5 1 10 288;
5 1 11 110;
5 1 12 211;
5 2 1 0;
5 2 2 293;
5 2 3 245;
5 2 4 104;
5 2 5 296;
5 2 6 79;
5 2 7 206;
5 2 8 216;
5 2 9 142;
5 2 10 128;
5 2 11 71;
5 2 12 271;
5 3 1 217;
5 3 2 143;
5 3 3 0;
5 3 4 226;
5 3 5 80;
5 3 6 0;
5 3 7 297;
5 3 8 283;
5 3 9 135;
5 3 10 284;
5 3 11 271;
5 3 12 69;
5 4 1 234;
5 4 2 262;
5 4 3 243;
5 4 4 62;
5 4 5 225;
5 4 6 55;
5 4 7 290;
5 4 8 51;
5 4 9 272;
5 4 10 173;
5 4 11 71;
5 4 12 83;
5 5 1 197;
5 5 2 147;
5 5 3 198;
5 5 4 0;
5 5 5 162;
5 5 6 239;
5 5 7 0;
5 5 8 0;
5 5 9 132;
5 5 10 149;
5 5 11 235;
5 5 12 90;
5 6 1 204;
5 6 2 253;
5 6 3 198;
5 6 4 60;
5 6 5 272;
5 6 6 84;
5 6 7 0;
5 6 8 80;
5 6 9 150;
5 6 10 153;
5 6 11 54;
5 6 12 215;
6 1 1 162;
6 1 2 130;
6 1 3 232;
6 1 4 109;
6 1 5 300;
6 1 6 279;
6 1 7 111;
6 1 8 87;
6 1 9 83;
6 1 10 85;
6 1 11 166;
6 1 12 0;
6 2 1 0;
6 2 2 108;
6 2 3 184;
6 2 4 134;
6 2 5 157;
6 2 6 173;
6 2 7 130;
6 2 8 0;
6 2 9 111;
6 2 10 121;
6 2 11 83;
6 2 12 69;
6 3 1 248;
6 3 2 244;
6 3 3 83;
6 3 4 230;
6 3 5 0;
6 3 6 0;
6 3 7 121;
6 3 8 0;
6 3 9 289;
6 3 10 110;
6 3 11 232;
6 3 12 222;
6 4 1 0;
6 4 2 79;
6 4 3 284;
6 4 4 166;
6 4 5 217;
6 4 6 0;
6 4 7 173;
6 4 8 152;
6 4 9 192;
6 4 10 0;
6 4 11 0;
6 4 12 183;
6 5 1 0;
6 5 2 200;
6 5 3 111;
6 5 4 132;
6 5 5 0;
6 5 6 244;
6 5 7 188;
6 5 8 171;
6 5 9 87;
6 5 10 74;
6 5 11 284;
6 5 12 0;
6 6 1 0;
6 6 2 196;
6 6 3 119;
6 6 4 153;
6 6 5 221;
6 6 6 104;
6 6 7 0;
6 6 8 188;
6 6 9 250;
6 6 10 0;
6 6 11 271;
6 6 12 237;
7 1 1 219;
7 1 2 111;
7 1 3 169;
7 1 4 271;
7 1 5 0;
7 1 6 222;
7 1 7 238;
7 1 8 0;
7 1 9 181;
7 1 10 163;
7 1 11 189;
7 1 12 201;
7 2 1 266;
7 2 2 100;
7 2 3 278;
7 2 4 72;
7 2 5 200;
7 2 6 72;
7 2 7 266;
7 2 8 202;
7 2 9 193;
7 2 10 156;
7 2 11 0;
7 2 12 86;
7 3 1 0;
7 3 2 86;
7 3 3 154;
7 3 4 295;
7 3 5 202;
7 3 6 220;
7 3 7 203;
7 3 8 113;
7 3 9 182;
7 3 10 243;
7 3 11 88;
7 3 12 258;
7 4 1 137;
7 4 2 0;
7 4 3 70;
7 4 4 235;
7 4 5 235;
7 4 6 289;
7 4 7 141;
7 4 8 149;
7 4 9 245;
7 4 10 88;
7 4 11 114;
7 4 12 108;
7 5 1 176;
7 5 2 203;
7 5 3 50;
7 5 4 217;
7 5 5 130;
7 5 6 253;
7 5 7 87;
7 5 8 112;
7 5 9 278;
7 5 10 280;
7 5 11 98;
7 5 12 169;
7 6 1 218;
7 6 2 0;
7 6 3 61;
7 6 4 220;
7 6 5 162;
7 6 6 0;
7 6 7 61;
7 6 8 300;
7 6 9 135;
7 6 10 188;
7 6 11 235;
7 6 12 193;
8 1 1 192;
8 1 2 138;
8 1 3 0;
8 1 4 215;
8 1 5 104;
8 1 6 240;
8 1 7 207;
8 1 8 92;
8 1 9 197;
8 1 10 0;
8 1 11 123;
8 1 12 195;
8 2 1 255;
8 2 2 147;
8 2 3 152;
8 2 4 60;
8 2 5 223;
8 2 6 270;
8 2 7 0;
8 2 8 90;
8 2 9 125;
8 2 10 0;
8 2 11 0;
8 2 12 71;
8 3 1 175;
8 3 2 246;
8 3 3 83;
8 3 4 147;
8 3 5 151;
8 3 6 233;
8 3 7 225;
8 3 8 198;
8 3 9 111;
8 3 10 174;
8 3 11 263;
8 3 12 0;
8 4 1 157;
8 4 2 120;
8 4 3 0;
8 4 4 209;
8 4 5 250;
8 4 6 199;
8 4 7 82;
8 4 8 77;
8 4 9 0;
8 4 10 0;
8 4 11 98;
8 4 12 161;
8 5 1 0;
8 5 2 0;
8 5 3 209;
8 5 4 147;
8 5 5 290;
8 5 6 171;
8 5 7 0;
8 5 8 0;
8 5 9 212;
8 5 10 151;
8 5 11 133;
8 5 12 69;
8 6 1 234;
8 6 2 236;
8 6 3 225;
8 6 4 217;
8 6 5 226;
8 6 6 0;
8 6 7 229;
8 6 8 0;
8 6 9 144;
8 6 10 0;
8 6 11 53;
8 6 12 245;
9 1 1 293;
9 1 2 90;
9 1 3 163;
9 1 4 111;
9 1 5 263;
9 1 6 0;
9 1 7 122;
9 1 8 0;
9 1 9 204;
9 1 10 290;
9 1 11 0;
9 1 12 0;
9 2 1 53;
9 2 2 0;
9 2 3 0;
9 2 4 0;
9 2 5 207;
9 2 6 233;
9 2 7 215;
9 2 8 161;
9 2 9 193;
9 2 10 244;
9 2 11 184;
9 2 12 164;
9 3 1 91;
9 3 2 282;
9 3 3 264;
9 3 4 287;
9 3 5 227;
9 3 6 260;
9 3 7 168;
9 3 8 278;
9 3 9 53;
9 3 10 71;
9 3 11 140;
9 3 12 0;
9 4 1 152;
9 4 2 153;
9 4 3 0;
9 4 4 285;
9 4 5 0;
9 4 6 134;
9 4 7 141;
9 4 8 146;
9 4 9 144;
9 4 10 80;
9 4 11 140;
9 4 12 0;
9 5 1 51;
9 5 2 87;
9 5 3 232;
9 5 4 92;
9 5 5 181;
9 5 6 262;
9 5 7 150;
9 5 8 195;
9 5 9 129;
9 5 10 60;
9 5 11 244;
9 5 12 277;
9 6 1 171;
9 6 2 198;
9 6 3 221;
9 6 4 209;
9 6 5 262;
9 6 6 61;
9 6 7 282;
9 6 8 0;
9 6 9 85;
9 6 10 172;
9 6 11 53;
9 6 12 0;
10 1 1 0;
10 1 2 248;
10 1 3 0;
10 1 4 59;
10 1 5 226;
10 1 6 240;
10 1 7 188;
10 1 8 162;
10 1 9 0;
10 1 10 159;
10 1 11 208;
10 1 12 57;
10 2 1 271;
10 2 2 123;
10 2 3 109;
10 2 4 0;
10 2 5 127;
10 2 6 0;
10 2 7 183;
10 2 8 156;
10 2 9 273;
10 2 10 203;
10 2 11 266;
10 2 12 248;
10 3 1 0;
10 3 2 196;
10 3 3 182;
10 3 4 0;
10 3 5 115;
10 3 6 220;
10 3 7 244;
10 3 8 258;
10 3 9 93;
10 3 10 241;
10 3 11 183;
10 3 12 156;
10 4 1 0;
10 4 2 0;
10 4 3 201;
10 4 4 50;
10 4 5 107;
10 4 6 222;
10 4 7 81;
10 4 8 216;
10 4 9 0;
10 4 10 292;
10 4 11 293;
10 4 12 143;
10 5 1 254;
10 5 2 0;
10 5 3 153;
10 5 4 50;
10 5 5 0;
10 5 6 0;
10 5 7 200;
10 5 8 0;
10 5 9 0;
10 5 10 0;
10 5 11 278;
10 5 12 83;
10 6 1 258;
10 6 2 187;
10 6 3 0;
10 6 4 246;
10 6 5 218;
10 6 6 249;
10 6 7 0;
10 6 8 273;
10 6 9 174;
10 6 10 204;
10 6 11 139;
10 6 12 160;
11 1 1 0;
11 1 2 155;
11 1 3 110;
11 1 4 187;
11 1 5 0;
11 1 6 190;
11 1 7 65;
11 1 8 248;
11 1 9 138;
11 1 10 138;
11 1 11 121;
11 1 12 190;
11 2 1 86;
11 2 2 153;
11 2 3 99;
11 2 4 0;
11 2 5 210;
11 2 6 165;
11 2 7 0;
11 2 8 104;
11 2 9 130;
11 2 10 144;
11 2 11 127;
11 2 12 263;
11 3 1 0;
11 3 2 299;
11 3 3 220;
11 3 4 63;
11 3 5 122;
11 3 6 279;
11 3 7 177;
11 3 8 0;
11 3 9 298;
11 3 10 0;
11 3 11 249;
11 3 12 127;
11 4 1 0;
11 4 2 222;
11 4 3 0;
11 4 4 85;
11 4 5 213;
11 4 6 137;
11 4 7 187;
11 4 8 198;
11 4 9 258;
11 4 10 112;
11 4 11 265;
11 4 12 241;
11 5 1 60;
11 5 2 237;
11 5 3 76;
11 5 4 0;
11 5 5 0;
11 5 6 254;
11 5 7 269;
11 5 8 126;
11 5 9 277;
11 5 10 154;
11 5 11 0;
11 5 12 0;
11 6 1 88;
11 6 2 80;
11 6 3 176;
11 6 4 291;
11 6 5 0;
11 6 6 141;
11 6 7 154;
11 6 8 90;
11 6 9 162;
11 6 10 73;
11 6 11 153;
11 6 12 212;
12 1 1 221;
12 1 2 84;
12 1 3 84;
12 1 4 0;
12 1 5 232;
12 1 6 0;
12 1 7 0;
12 1 8 180;
12 1 9 0;
12 1 10 228;
12 1 11 95;
12 1 12 98;
12 2 1 240;
12 2 2 235;
12 2 3 209;
12 2 4 238;
12 2 5 64;
12 2 6 115;
12 2 7 275;
12 2 8 69;
12 2 9 61;
12 2 10 59;
12 2 11 0;
12 2 12 0;
12 3 1 105;
12 3 2 69;
12 3 3 243;
12 3 4 75;
12 3 5 241;
12 3 6 87;
12 3 7 240;
12 3 8 125;
12 3 9 144;
12 3 10 229;
12 3 11 196;
12 3 12 174;
12 4 1 132;
12 4 2 208;
12 4 3 278;
12 4 4 118;
12 4 5 173;
12 4 6 122;
12 4 7 0;
12 4 8 148;
12 4 9 201;
12 4 10 289;
12 4 11 96;
12 4 12 59;
12 5 1 188;
12 5 2 270;
12 5 3 277;
12 5 4 0;
12 5 5 147;
12 5 6 231;
12 5 7 160;
12 5 8 258;
12 5 9 126;
12 5 10 252;
12 5 11 128;
12 5 12 270;
12 6 1 170;
12 6 2 94;
12 6 3 185;
12 6 4 110;
12 6 5 220;
12 6 6 226;
12 6 7 156;
12 6 8 131;
12 6 9 85;
12 6 10 257;
12 6 11 0;
12 6 12 78;
13 1 1 157;
13 1 2 299;
13 1 3 123;
13 1 4 129;
13 1 5 238;
13 1 6 267;
13 1 7 69;
13 1 8 147;
13 1 9 0;
13 1 10 0;
13 1 11 0;
13 1 12 233;
13 2 1 200;
13 2 2 260;
13 2 3 275;
13 2 4 296;
13 2 5 85;
13 2 6 112;
13 2 7 0;
13 2 8 199;
13 2 9 0;
13 2 10 136;
13 2 11 277;
13 2 12 175;
13 3 1 193;
13 3 2 118;
13 3 3 259;
13 3 4 216;
13 3 5 166;
13 3 6 0;
13 3 7 220;
13 3 8 259;
13 3 9 132;
13 3 10 293;
13 3 11 87;
13 3 12 236;
13 4 1 76;
13 4 2 86;
13 4 3 77;
13 4 4 194;
13 4 5 145;
13 4 6 160;
13 4 7 237;
13 4 8 0;
13 4 9 255;
13 4 10 169;
13 4 11 247;
13 4 12 68;
13 5 1 283;
13 5 2 195;
13 5 3 222;
13 5 4 235;
13 5 5 0;
13 5 6 0;
13 5 7 61;
13 5 8 190;
13 5 9 274;
13 5 10 0;
13 5 11 196;
13 5 12 238;
13 6 1 271;
13 6 2 220;
13 6 3 110;
13 6 4 234;
13 6 5 212;
13 6 6 159;
13 6 7 239;
13 6 8 200;
13 6 9 111;
13 6 10 118;
13 6 11 179;
13 6 12 190;
14 1 1 186;
14 1 2 269;
14 1 3 294;
14 1 4 228;
14 1 5 0;
14 1 6 256;
14 1 7 160;
14 1 8 63;
14 1 9 0;
14 1 10 168;
14 1 11 141;
14 1 12 0;
14 2 1 0;
14 2 2 0;
14 2 3 276;
14 2 4 292;
14 2 5 176;
14 2 6 179;
14 2 7 195;
14 2 8 53;
14 2 9 264;
14 2 10 73;
14 2 11 164;
14 2 12 0;
14 3 1 165;
14 3 2 192;
14 3 3 219;
14 3 4 93;
14 3 5 127;
14 3 6 92;
14 3 7 93;
14 3 8 117;
14 3 9 0;
14 3 10 143;
14 3 11 59;
14 3 12 83;
14 4 1 280;
14 4 2 235;
14 4 3 0;
14 4 4 67;
14 4 5 240;
14 4 6 142;
14 4 7 0;
14 4 8 186;
14 4 9 216;
14 4 10 272;
14 4 11 235;
14 4 12 92;
14 5 1 174;
14 5 2 72;
14 5 3 146;
14 5 4 261;
14 5 5 288;
14 5 6 106;
14 5 7 0;
14 5 8 0;
14 5 9 147;
14 5 10 0;
14 5 11 214;
14 5 12 0;
14 6 1 71;
14 6 2 299;
14 6 3 278;
14 6 4 103;
14 6 5 108;
14 6 6 0;
14 6 7 53;
14 6 8 156;
14 6 9 250;
14 6 10 283;
14 6 11 146;
14 6 12 129;
15 1 1 217;
15 1 2 134;
15 1 3 0;
15 1 4 244;
15 1 5 181;
15 1 6 94;
15 1 7 235;
15 1 8 199;
15 1 9 94;
15 1 10 294;
15 1 11 0;
15 1 12 80;
15 2 1 176;
15 2 2 174;
15 2 3 231;
15 2 4 131;
15 2 5 80;
15 2 6 165;
15 2 7 77;
15 2 8 108;
15 2 9 240;
15 2 10 163;
15 2 11 109;
15 2 12 78;
15 3 1 56;
15 3 2 175;
15 3 3 210;
15 3 4 232;
15 3 5 287;
15 3 6 299;
15 3 7 275;
15 3 8 279;
15 3 9 88;
15 3 10 262;
15 3 11 140;
15 3 12 137;
15 4 1 114;
15 4 2 256;
15 4 3 125;
15 4 4 0;
15 4 5 161;
15 4 6 57;
15 4 7 98;
15 4 8 0;
15 4 9 294;
15 4 10 79;
15 4 11 205;
15 4 12 76;
15 5 1 78;
15 5 2 182;
15 5 3 0;
15 5 4 115;
15 5 5 175;
15 5 6 217;
15 5 7 67;
15 5 8 77;
15 5 9 0;
15 5 10 252;
15 5 11 263;
15 5 12 167;
15 6 1 293;
15 6 2 117;
15 6 3 0;
15 6 4 273;
15 6 5 165;
15 6 6 125;
15 6 7 142;
15 6 8 55;
15 6 9 298;
15 6 10 169;
15 6 11 224;
15 6 12 89;
16 1 1 178;
16 1 2 0;
16 1 3 81;
16 1 4 0;
16 1 5 115;
16 1 6 237;
16 1 7 264;
16 1 8 67;
16 1 9 92;
16 1 10 115;
16 1 11 219;
16 1 12 160;
16 2 1 243;
16 2 2 0;
16 2 3 272;
16 2 4 0;
16 2 5 80;
16 2 6 96;
16 2 7 0;
16 2 8 107;
16 2 9 0;
16 2 10 0;
16 2 11 0;
16 2 12 287;
16 3 1 258;
16 3 2 0;
16 3 3 0;
16 3 4 170;
16 3 5 75;
16 3 6 94;
16 3 7 87;
16 3 8 266;
16 3 9 201;
16 3 10 0;
16 3 11 252;
16 3 12 207;
16 4 1 176;
16 4 2 209;
16 4 3 237;
16 4 4 73;
16 4 5 278;
16 4 6 0;
16 4 7 237;
16 4 8 261;
16 4 9 85;
16 4 10 134;
16 4 11 166;
16 4 12 298;
16 5 1 174;
16 5 2 112;
16 5 3 111;
16 5 4 155;
16 5 5 0;
16 5 6 87;
16 5 7 79;
16 5 8 161;
16 5 9 121;
16 5 10 88;
16 5 11 119;
16 5 12 181;
16 6 1 0;
16 6 2 0;
16 6 3 79;
16 6 4 135;
16 6 5 125;
16 6 6 66;
16 6 7 237;
16 6 8 0;
16 6 9 268;
16 6 10 80;
16 6 11 300;
16 6 12 281;
17 1 1 227;
17 1 2 0;
17 1 3 240;
17 1 4 94;
17 1 5 117;
17 1 6 0;
17 1 7 226;
17 1 8 207;
17 1 9 147;
17 1 10 85;
17 1 11 0;
17 1 12 0;
17 2 1 261;
17 2 2 147;
17 2 3 81;
17 2 4 110;
17 2 5 157;
17 2 6 209;
17 2 7 0;
17 2 8 202;
17 2 9 295;
17 2 10 176;
17 2 11 132;
17 2 12 50;
17 3 1 0;
17 3 2 76;
17 3 3 240;
17 3 4 212;
17 3 5 69;
17 3 6 295;
17 3 7 67;
17 3 8 139;
17 3 9 160;
17 3 10 140;
17 3 11 70;
17 3 12 165;
17 4 1 0;
17 4 2 277;
17 4 3 164;
17 4 4 235;
17 4 5 0;
17 4 6 154;
17 4 7 63;
17 4 8 200;
17 4 9 0;
17 4 10 0;
17 4 11 73;
17 4 12 0;
17 5 1 116;
17 5 2 257;
17 5 3 166;
17 5 4 194;
17 5 5 279;
17 5 6 0;
17 5 7 267;
17 5 8 228;
17 5 9 56;
17 5 10 267;
17 5 11 50;
17 5 12 170;
17 6 1 287;
17 6 2 0;
17 6 3 230;
17 6 4 300;
17 6 5 235;
17 6 6 139;
17 6 7 91;
17 6 8 251;
17 6 9 269;
17 6 10 209;
17 6 11 95;
17 6 12 233;
18 1 1 88;
18 1 2 162;
18 1 3 153;
18 1 4 132;
18 1 5 61;
18 1 6 56;
18 1 7 192;
18 1 8 171;
18 1 9 283;
18 1 10 66;
18 1 11 129;
18 1 12 104;
18 2 1 0;
18 2 2 182;
18 2 3 271;
18 2 4 0;
18 2 5 106;
18 2 6 50;
18 2 7 0;
18 2 8 0;
18 2 9 0;
18 2 10 78;
18 2 11 173;
18 2 12 82;
18 3 1 273;
18 3 2 202;
18 3 3 269;
18 3 4 185;
18 3 5 210;
18 3 6 267;
18 3 7 184;
18 3 8 57;
18 3 9 89;
18 3 10 281;
18 3 11 122;
18 3 12 225;
18 4 1 229;
18 4 2 0;
18 4 3 125;
18 4 4 159;
18 4 5 130;
18 4 6 228;
18 4 7 104;
18 4 8 152;
18 4 9 0;
18 4 10 0;
18 4 11 250;
18 4 12 97;
18 5 1 163;
18 5 2 131;
18 5 3 0;
18 5 4 181;
18 5 5 273;
18 5 6 117;
18 5 7 238;
18 5 8 128;
18 5 9 234;
18 5 10 298;
18 5 11 72;
18 5 12 192;
18 6 1 228;
18 6 2 50;
18 6 3 192;
18 6 4 140;
18 6 5 261;
18 6 6 129;
18 6 7 297;
18 6 8 0;
18 6 9 143;
18 6 10 214;
18 6 11 0;
18 6 12 148;
19 1 1 0;
19 1 2 248;
19 1 3 177;
19 1 4 99;
19 1 5 242;
19 1 6 0;
19 1 7 94;
19 1 8 124;
19 1 9 96;
19 1 10 70;
19 1 11 227;
19 1 12 0;
19 2 1 165;
19 2 2 134;
19 2 3 275;
19 2 4 266;
19 2 5 136;
19 2 6 0;
19 2 7 147;
19 2 8 153;
19 2 9 276;
19 2 10 0;
19 2 11 147;
19 2 12 234;
19 3 1 0;
19 3 2 97;
19 3 3 81;
19 3 4 119;
19 3 5 184;
19 3 6 90;
19 3 7 162;
19 3 8 144;
19 3 9 202;
19 3 10 0;
19 3 11 74;
19 3 12 0;
19 4 1 296;
19 4 2 83;
19 4 3 0;
19 4 4 113;
19 4 5 131;
19 4 6 223;
19 4 7 256;
19 4 8 215;
19 4 9 0;
19 4 10 238;
19 4 11 193;
19 4 12 192;
19 5 1 0;
19 5 2 0;
19 5 3 229;
19 5 4 282;
19 5 5 0;
19 5 6 239;
19 5 7 88;
19 5 8 128;
19 5 9 296;
19 5 10 253;
19 5 11 139;
19 5 12 274;
19 6 1 62;
19 6 2 0;
19 6 3 111;
19 6 4 289;
19 6 5 154;
19 6 6 221;
19 6 7 175;
19 6 8 0;
19 6 9 284;
19 6 10 94;
19 6 11 197;
19 6 12 126;
20 1 1 104;
20 1 2 210;
20 1 3 0;
20 1 4 137;
20 1 5 0;
20 1 6 213;
20 1 7 0;
20 1 8 0;
20 1 9 221;
20 1 10 0;
20 1 11 0;
20 1 12 197;
20 2 1 109;
20 2 2 267;
20 2 3 63;
20 2 4 195;
20 2 5 222;
20 2 6 188;
20 2 7 0;
20 2 8 74;
20 2 9 0;
20 2 10 213;
20 2 11 219;
20 2 12 150;
20 3 1 194;
20 3 2 0;
20 3 3 77;
20 3 4 259;
20 3 5 160;
20 3 6 0;
20 3 7 0;
20 3 8 106;
20 3 9 0;
20 3 10 0;
20 3 11 0;
20 3 12 68;
20 4 1 105;
20 4 2 231;
20 4 3 252;
20 4 4 185;
20 4 5 300;
20 4 6 194;
20 4 7 0;
20 4 8 0;
20 4 9 84;
20 4 10 159;
20 4 11 99;
20 4 12 0;
20 5 1 0;
20 5 2 0;
20 5 3 130;
20 5 4 143;
20 5 5 286;
20 5 6 265;
20 5 7 63;
20 5 8 267;
20 5 9 179;
20 5 10 188;
20 5 11 292;
20 5 12 215;
20 6 1 98;
20 6 2 223;
20 6 3 289;
20 6 4 116;
20 6 5 244;
20 6 6 117;
20 6 7 0;
20 6 8 128;
20 6 9 81;
20 6 10 0;
20 6 11 217;
20 6 12 265;
]

global Cap_c = [
1 1 1 23322.0;
1 1 2 23322.0;
1 1 3 23322.0;
1 1 4 23322.0;
1 1 5 23322.0;
1 1 6 23322.0;
1 1 7 23322.0;
1 1 8 23322.0;
1 1 9 23322.0;
1 1 10 23322.0;
1 1 11 23322.0;
1 1 12 23322.0;
1 2 1 23322.0;
1 2 2 23322.0;
1 2 3 23322.0;
1 2 4 23322.0;
1 2 5 23322.0;
1 2 6 23322.0;
1 2 7 23322.0;
1 2 8 23322.0;
1 2 9 23322.0;
1 2 10 23322.0;
1 2 11 23322.0;
1 2 12 23322.0;
2 1 1 23322.0;
2 1 2 23322.0;
2 1 3 23322.0;
2 1 4 23322.0;
2 1 5 23322.0;
2 1 6 23322.0;
2 1 7 23322.0;
2 1 8 23322.0;
2 1 9 23322.0;
2 1 10 23322.0;
2 1 11 23322.0;
2 1 12 23322.0;
2 2 1 23322.0;
2 2 2 23322.0;
2 2 3 23322.0;
2 2 4 23322.0;
2 2 5 23322.0;
2 2 6 23322.0;
2 2 7 23322.0;
2 2 8 23322.0;
2 2 9 23322.0;
2 2 10 23322.0;
2 2 11 23322.0;
2 2 12 23322.0;
3 1 1 23322.0;
3 1 2 23322.0;
3 1 3 23322.0;
3 1 4 23322.0;
3 1 5 23322.0;
3 1 6 23322.0;
3 1 7 23322.0;
3 1 8 23322.0;
3 1 9 23322.0;
3 1 10 23322.0;
3 1 11 23322.0;
3 1 12 23322.0;
3 2 1 23322.0;
3 2 2 23322.0;
3 2 3 23322.0;
3 2 4 23322.0;
3 2 5 23322.0;
3 2 6 23322.0;
3 2 7 23322.0;
3 2 8 23322.0;
3 2 9 23322.0;
3 2 10 23322.0;
3 2 11 23322.0;
3 2 12 23322.0;
4 1 1 23322.0;
4 1 2 23322.0;
4 1 3 23322.0;
4 1 4 23322.0;
4 1 5 23322.0;
4 1 6 23322.0;
4 1 7 23322.0;
4 1 8 23322.0;
4 1 9 23322.0;
4 1 10 23322.0;
4 1 11 23322.0;
4 1 12 23322.0;
4 2 1 23322.0;
4 2 2 23322.0;
4 2 3 23322.0;
4 2 4 23322.0;
4 2 5 23322.0;
4 2 6 23322.0;
4 2 7 23322.0;
4 2 8 23322.0;
4 2 9 23322.0;
4 2 10 23322.0;
4 2 11 23322.0;
4 2 12 23322.0;
5 1 1 23322.0;
5 1 2 23322.0;
5 1 3 23322.0;
5 1 4 23322.0;
5 1 5 23322.0;
5 1 6 23322.0;
5 1 7 23322.0;
5 1 8 23322.0;
5 1 9 23322.0;
5 1 10 23322.0;
5 1 11 23322.0;
5 1 12 23322.0;
5 2 1 23322.0;
5 2 2 23322.0;
5 2 3 23322.0;
5 2 4 23322.0;
5 2 5 23322.0;
5 2 6 23322.0;
5 2 7 23322.0;
5 2 8 23322.0;
5 2 9 23322.0;
5 2 10 23322.0;
5 2 11 23322.0;
5 2 12 23322.0;
6 1 1 23322.0;
6 1 2 23322.0;
6 1 3 23322.0;
6 1 4 23322.0;
6 1 5 23322.0;
6 1 6 23322.0;
6 1 7 23322.0;
6 1 8 23322.0;
6 1 9 23322.0;
6 1 10 23322.0;
6 1 11 23322.0;
6 1 12 23322.0;
6 2 1 23322.0;
6 2 2 23322.0;
6 2 3 23322.0;
6 2 4 23322.0;
6 2 5 23322.0;
6 2 6 23322.0;
6 2 7 23322.0;
6 2 8 23322.0;
6 2 9 23322.0;
6 2 10 23322.0;
6 2 11 23322.0;
6 2 12 23322.0;
]

global Cap_p = [1.886132e6 1.886132e6 1.886132e6 1.886132e6 1.886132e6 1.886132e6 1.886132e6 1.886132e6 1.886132e6 1.886132e6 1.886132e6 1.886132e6; 1.606705e6 1.606705e6 1.606705e6 1.606705e6 1.606705e6 1.606705e6 1.606705e6 1.606705e6 1.606705e6 1.606705e6 1.606705e6 1.606705e6]
#-----------------------------------------