###################################################
# Classe 27 : K = 6, M = 2, T = 12, N = 20
# Exemplo: 2.   c27ex02.dat          Semente: 4837
#-----------------------Dados----------------------
global K = 6
global M = 2
global T = 12
global N = 20

global L = [540, 460]

global l = [50, 64, 77, 83, 83, 85, 87, 89, 91, 91, 99, 109, 114, 114, 120, 127, 133, 137, 138, 143]

global Q1 = 1e5
global Q2 = 1e5

global rho = [2.0, 2.0, 2.0, 2.0, 2.0, 2.0]

global b = [1080.0 920.0; 1080.0 920.0; 1080.0 920.0; 1080.0 920.0; 1080.0 920.0; 1080.0 920.0]

global f = [23.76 20.24; 23.76 20.24; 23.76 20.24; 23.76 20.24; 23.76 20.24; 23.76 20.24]

global c_km = [38.88 46.0; 28.08 43.24; 52.92 39.56; 49.68 41.4; 22.68 26.68; 37.8 46.0]

global p_km = [4.432 5.244; 3.201 4.929; 6.033 4.51; 5.664 4.72; 2.586 3.042; 4.309 5.244]

global c_x = [
1 1 1 17.064;
1 1 2 17.064;
1 1 3 17.064;
1 1 4 17.064;
1 1 5 17.064;
1 1 6 17.064;
1 1 7 17.064;
1 1 8 17.064;
1 1 9 17.064;
1 1 10 17.064;
1 1 11 17.064;
1 1 12 17.064;
1 2 1 14.812;
1 2 2 14.812;
1 2 3 14.812;
1 2 4 14.812;
1 2 5 14.812;
1 2 6 14.812;
1 2 7 14.812;
1 2 8 14.812;
1 2 9 14.812;
1 2 10 14.812;
1 2 11 14.812;
1 2 12 14.812;
2 1 1 17.604;
2 1 2 17.604;
2 1 3 17.604;
2 1 4 17.604;
2 1 5 17.604;
2 1 6 17.604;
2 1 7 17.604;
2 1 8 17.604;
2 1 9 17.604;
2 1 10 17.604;
2 1 11 17.604;
2 1 12 17.604;
2 2 1 17.204;
2 2 2 17.204;
2 2 3 17.204;
2 2 4 17.204;
2 2 5 17.204;
2 2 6 17.204;
2 2 7 17.204;
2 2 8 17.204;
2 2 9 17.204;
2 2 10 17.204;
2 2 11 17.204;
2 2 12 17.204;
3 1 1 24.624;
3 1 2 24.624;
3 1 3 24.624;
3 1 4 24.624;
3 1 5 24.624;
3 1 6 24.624;
3 1 7 24.624;
3 1 8 24.624;
3 1 9 24.624;
3 1 10 24.624;
3 1 11 24.624;
3 1 12 24.624;
3 2 1 18.86;
3 2 2 18.86;
3 2 3 18.86;
3 2 4 18.86;
3 2 5 18.86;
3 2 6 18.86;
3 2 7 18.86;
3 2 8 18.86;
3 2 9 18.86;
3 2 10 18.86;
3 2 11 18.86;
3 2 12 18.86;
4 1 1 16.848;
4 1 2 16.848;
4 1 3 16.848;
4 1 4 16.848;
4 1 5 16.848;
4 1 6 16.848;
4 1 7 16.848;
4 1 8 16.848;
4 1 9 16.848;
4 1 10 16.848;
4 1 11 16.848;
4 1 12 16.848;
4 2 1 14.536;
4 2 2 14.536;
4 2 3 14.536;
4 2 4 14.536;
4 2 5 14.536;
4 2 6 14.536;
4 2 7 14.536;
4 2 8 14.536;
4 2 9 14.536;
4 2 10 14.536;
4 2 11 14.536;
4 2 12 14.536;
5 1 1 20.735;
5 1 2 20.735;
5 1 3 20.735;
5 1 4 20.735;
5 1 5 20.735;
5 1 6 20.735;
5 1 7 20.735;
5 1 8 20.735;
5 1 9 20.735;
5 1 10 20.735;
5 1 11 20.735;
5 1 12 20.735;
5 2 1 22.264;
5 2 2 22.264;
5 2 3 22.264;
5 2 4 22.264;
5 2 5 22.264;
5 2 6 22.264;
5 2 7 22.264;
5 2 8 22.264;
5 2 9 22.264;
5 2 10 22.264;
5 2 11 22.264;
5 2 12 22.264;
6 1 1 17.604;
6 1 2 17.604;
6 1 3 17.604;
6 1 4 17.604;
6 1 5 17.604;
6 1 6 17.604;
6 1 7 17.604;
6 1 8 17.604;
6 1 9 17.604;
6 1 10 17.604;
6 1 11 17.604;
6 1 12 17.604;
6 2 1 19.688;
6 2 2 19.688;
6 2 3 19.688;
6 2 4 19.688;
6 2 5 19.688;
6 2 6 19.688;
6 2 7 19.688;
6 2 8 19.688;
6 2 9 19.688;
6 2 10 19.688;
6 2 11 19.688;
6 2 12 19.688;
]

global c_z = [
1 1 1 0.717;
1 1 2 0.717;
1 1 3 0.717;
1 1 4 0.717;
1 1 5 0.717;
1 1 6 0.717;
1 1 7 0.717;
1 1 8 0.717;
1 1 9 0.717;
1 1 10 0.717;
1 1 11 0.717;
1 1 12 0.717;
1 2 1 0.711;
1 2 2 0.711;
1 2 3 0.711;
1 2 4 0.711;
1 2 5 0.711;
1 2 6 0.711;
1 2 7 0.711;
1 2 8 0.711;
1 2 9 0.711;
1 2 10 0.711;
1 2 11 0.711;
1 2 12 0.711;
2 1 1 0.757;
2 1 2 0.757;
2 1 3 0.757;
2 1 4 0.757;
2 1 5 0.757;
2 1 6 0.757;
2 1 7 0.757;
2 1 8 0.757;
2 1 9 0.757;
2 1 10 0.757;
2 1 11 0.757;
2 1 12 0.757;
2 2 1 0.74;
2 2 2 0.74;
2 2 3 0.74;
2 2 4 0.74;
2 2 5 0.74;
2 2 6 0.74;
2 2 7 0.74;
2 2 8 0.74;
2 2 9 0.74;
2 2 10 0.74;
2 2 11 0.74;
2 2 12 0.74;
3 1 1 0.985;
3 1 2 0.985;
3 1 3 0.985;
3 1 4 0.985;
3 1 5 0.985;
3 1 6 0.985;
3 1 7 0.985;
3 1 8 0.985;
3 1 9 0.985;
3 1 10 0.985;
3 1 11 0.985;
3 1 12 0.985;
3 2 1 0.792;
3 2 2 0.792;
3 2 3 0.792;
3 2 4 0.792;
3 2 5 0.792;
3 2 6 0.792;
3 2 7 0.792;
3 2 8 0.792;
3 2 9 0.792;
3 2 10 0.792;
3 2 11 0.792;
3 2 12 0.792;
4 1 1 0.556;
4 1 2 0.556;
4 1 3 0.556;
4 1 4 0.556;
4 1 5 0.556;
4 1 6 0.556;
4 1 7 0.556;
4 1 8 0.556;
4 1 9 0.556;
4 1 10 0.556;
4 1 11 0.556;
4 1 12 0.556;
4 2 1 0.625;
4 2 2 0.625;
4 2 3 0.625;
4 2 4 0.625;
4 2 5 0.625;
4 2 6 0.625;
4 2 7 0.625;
4 2 8 0.625;
4 2 9 0.625;
4 2 10 0.625;
4 2 11 0.625;
4 2 12 0.625;
5 1 1 1.037;
5 1 2 1.037;
5 1 3 1.037;
5 1 4 1.037;
5 1 5 1.037;
5 1 6 1.037;
5 1 7 1.037;
5 1 8 1.037;
5 1 9 1.037;
5 1 10 1.037;
5 1 11 1.037;
5 1 12 1.037;
5 2 1 0.913;
5 2 2 0.913;
5 2 3 0.913;
5 2 4 0.913;
5 2 5 0.913;
5 2 6 0.913;
5 2 7 0.913;
5 2 8 0.913;
5 2 9 0.913;
5 2 10 0.913;
5 2 11 0.913;
5 2 12 0.913;
6 1 1 0.775;
6 1 2 0.775;
6 1 3 0.775;
6 1 4 0.775;
6 1 5 0.775;
6 1 6 0.775;
6 1 7 0.775;
6 1 8 0.775;
6 1 9 0.775;
6 1 10 0.775;
6 1 11 0.775;
6 1 12 0.775;
6 2 1 0.748;
6 2 2 0.748;
6 2 3 0.748;
6 2 4 0.748;
6 2 5 0.748;
6 2 6 0.748;
6 2 7 0.748;
6 2 8 0.748;
6 2 9 0.748;
6 2 10 0.748;
6 2 11 0.748;
6 2 12 0.748;
]

global c_y = [
1 1 1 1.877;
1 1 2 1.877;
1 1 3 1.877;
1 1 4 1.877;
1 1 5 1.877;
1 1 6 1.877;
1 1 7 1.877;
1 1 8 1.877;
1 1 9 1.877;
1 1 10 1.877;
1 1 11 1.877;
1 1 12 1.877;
1 2 1 1.481;
1 2 2 1.481;
1 2 3 1.481;
1 2 4 1.481;
1 2 5 1.481;
1 2 6 1.481;
1 2 7 1.481;
1 2 8 1.481;
1 2 9 1.481;
1 2 10 1.481;
1 2 11 1.481;
1 2 12 1.481;
2 1 1 2.289;
2 1 2 2.289;
2 1 3 2.289;
2 1 4 2.289;
2 1 5 2.289;
2 1 6 2.289;
2 1 7 2.289;
2 1 8 2.289;
2 1 9 2.289;
2 1 10 2.289;
2 1 11 2.289;
2 1 12 2.289;
2 2 1 2.581;
2 2 2 2.581;
2 2 3 2.581;
2 2 4 2.581;
2 2 5 2.581;
2 2 6 2.581;
2 2 7 2.581;
2 2 8 2.581;
2 2 9 2.581;
2 2 10 2.581;
2 2 11 2.581;
2 2 12 2.581;
3 1 1 2.709;
3 1 2 2.709;
3 1 3 2.709;
3 1 4 2.709;
3 1 5 2.709;
3 1 6 2.709;
3 1 7 2.709;
3 1 8 2.709;
3 1 9 2.709;
3 1 10 2.709;
3 1 11 2.709;
3 1 12 2.709;
3 2 1 2.452;
3 2 2 2.452;
3 2 3 2.452;
3 2 4 2.452;
3 2 5 2.452;
3 2 6 2.452;
3 2 7 2.452;
3 2 8 2.452;
3 2 9 2.452;
3 2 10 2.452;
3 2 11 2.452;
3 2 12 2.452;
4 1 1 2.022;
4 1 2 2.022;
4 1 3 2.022;
4 1 4 2.022;
4 1 5 2.022;
4 1 6 2.022;
4 1 7 2.022;
4 1 8 2.022;
4 1 9 2.022;
4 1 10 2.022;
4 1 11 2.022;
4 1 12 2.022;
4 2 1 2.035;
4 2 2 2.035;
4 2 3 2.035;
4 2 4 2.035;
4 2 5 2.035;
4 2 6 2.035;
4 2 7 2.035;
4 2 8 2.035;
4 2 9 2.035;
4 2 10 2.035;
4 2 11 2.035;
4 2 12 2.035;
5 1 1 2.281;
5 1 2 2.281;
5 1 3 2.281;
5 1 4 2.281;
5 1 5 2.281;
5 1 6 2.281;
5 1 7 2.281;
5 1 8 2.281;
5 1 9 2.281;
5 1 10 2.281;
5 1 11 2.281;
5 1 12 2.281;
5 2 1 3.34;
5 2 2 3.34;
5 2 3 3.34;
5 2 4 3.34;
5 2 5 3.34;
5 2 6 3.34;
5 2 7 3.34;
5 2 8 3.34;
5 2 9 3.34;
5 2 10 3.34;
5 2 11 3.34;
5 2 12 3.34;
6 1 1 2.465;
6 1 2 2.465;
6 1 3 2.465;
6 1 4 2.465;
6 1 5 2.465;
6 1 6 2.465;
6 1 7 2.465;
6 1 8 2.465;
6 1 9 2.465;
6 1 10 2.465;
6 1 11 2.465;
6 1 12 2.465;
6 2 1 2.559;
6 2 2 2.559;
6 2 3 2.559;
6 2 4 2.559;
6 2 5 2.559;
6 2 6 2.559;
6 2 7 2.559;
6 2 8 2.559;
6 2 9 2.559;
6 2 10 2.559;
6 2 11 2.559;
6 2 12 2.559;
]

global c_sc = [
1 1 1 0.081;
1 1 2 0.081;
1 1 3 0.081;
1 1 4 0.081;
1 1 5 0.081;
1 1 6 0.081;
1 1 7 0.081;
1 1 8 0.081;
1 1 9 0.081;
1 1 10 0.081;
1 1 11 0.081;
1 1 12 0.081;
1 2 1 0.059;
1 2 2 0.059;
1 2 3 0.059;
1 2 4 0.059;
1 2 5 0.059;
1 2 6 0.059;
1 2 7 0.059;
1 2 8 0.059;
1 2 9 0.059;
1 2 10 0.059;
1 2 11 0.059;
1 2 12 0.059;
2 1 1 0.071;
2 1 2 0.071;
2 1 3 0.071;
2 1 4 0.071;
2 1 5 0.071;
2 1 6 0.071;
2 1 7 0.071;
2 1 8 0.071;
2 1 9 0.071;
2 1 10 0.071;
2 1 11 0.071;
2 1 12 0.071;
2 2 1 0.106;
2 2 2 0.106;
2 2 3 0.106;
2 2 4 0.106;
2 2 5 0.106;
2 2 6 0.106;
2 2 7 0.106;
2 2 8 0.106;
2 2 9 0.106;
2 2 10 0.106;
2 2 11 0.106;
2 2 12 0.106;
3 1 1 0.114;
3 1 2 0.114;
3 1 3 0.114;
3 1 4 0.114;
3 1 5 0.114;
3 1 6 0.114;
3 1 7 0.114;
3 1 8 0.114;
3 1 9 0.114;
3 1 10 0.114;
3 1 11 0.114;
3 1 12 0.114;
3 2 1 0.076;
3 2 2 0.076;
3 2 3 0.076;
3 2 4 0.076;
3 2 5 0.076;
3 2 6 0.076;
3 2 7 0.076;
3 2 8 0.076;
3 2 9 0.076;
3 2 10 0.076;
3 2 11 0.076;
3 2 12 0.076;
4 1 1 0.091;
4 1 2 0.091;
4 1 3 0.091;
4 1 4 0.091;
4 1 5 0.091;
4 1 6 0.091;
4 1 7 0.091;
4 1 8 0.091;
4 1 9 0.091;
4 1 10 0.091;
4 1 11 0.091;
4 1 12 0.091;
4 2 1 0.061;
4 2 2 0.061;
4 2 3 0.061;
4 2 4 0.061;
4 2 5 0.061;
4 2 6 0.061;
4 2 7 0.061;
4 2 8 0.061;
4 2 9 0.061;
4 2 10 0.061;
4 2 11 0.061;
4 2 12 0.061;
5 1 1 0.082;
5 1 2 0.082;
5 1 3 0.082;
5 1 4 0.082;
5 1 5 0.082;
5 1 6 0.082;
5 1 7 0.082;
5 1 8 0.082;
5 1 9 0.082;
5 1 10 0.082;
5 1 11 0.082;
5 1 12 0.082;
5 2 1 0.137;
5 2 2 0.137;
5 2 3 0.137;
5 2 4 0.137;
5 2 5 0.137;
5 2 6 0.137;
5 2 7 0.137;
5 2 8 0.137;
5 2 9 0.137;
5 2 10 0.137;
5 2 11 0.137;
5 2 12 0.137;
6 1 1 0.113;
6 1 2 0.113;
6 1 3 0.113;
6 1 4 0.113;
6 1 5 0.113;
6 1 6 0.113;
6 1 7 0.113;
6 1 8 0.113;
6 1 9 0.113;
6 1 10 0.113;
6 1 11 0.113;
6 1 12 0.113;
6 2 1 0.095;
6 2 2 0.095;
6 2 3 0.095;
6 2 4 0.095;
6 2 5 0.095;
6 2 6 0.095;
6 2 7 0.095;
6 2 8 0.095;
6 2 9 0.095;
6 2 10 0.095;
6 2 11 0.095;
6 2 12 0.095;
]

global c_w = [
1 1 1 0.307;
1 1 2 0.307;
1 1 3 0.307;
1 1 4 0.307;
1 1 5 0.307;
1 1 6 0.307;
1 1 7 0.307;
1 1 8 0.307;
1 1 9 0.307;
1 1 10 0.307;
1 1 11 0.307;
1 1 12 0.307;
1 2 1 0.43;
1 2 2 0.43;
1 2 3 0.43;
1 2 4 0.43;
1 2 5 0.43;
1 2 6 0.43;
1 2 7 0.43;
1 2 8 0.43;
1 2 9 0.43;
1 2 10 0.43;
1 2 11 0.43;
1 2 12 0.43;
2 1 1 0.282;
2 1 2 0.282;
2 1 3 0.282;
2 1 4 0.282;
2 1 5 0.282;
2 1 6 0.282;
2 1 7 0.282;
2 1 8 0.282;
2 1 9 0.282;
2 1 10 0.282;
2 1 11 0.282;
2 1 12 0.282;
2 2 1 0.396;
2 2 2 0.396;
2 2 3 0.396;
2 2 4 0.396;
2 2 5 0.396;
2 2 6 0.396;
2 2 7 0.396;
2 2 8 0.396;
2 2 9 0.396;
2 2 10 0.396;
2 2 11 0.396;
2 2 12 0.396;
3 1 1 0.345;
3 1 2 0.345;
3 1 3 0.345;
3 1 4 0.345;
3 1 5 0.345;
3 1 6 0.345;
3 1 7 0.345;
3 1 8 0.345;
3 1 9 0.345;
3 1 10 0.345;
3 1 11 0.345;
3 1 12 0.345;
3 2 1 0.245;
3 2 2 0.245;
3 2 3 0.245;
3 2 4 0.245;
3 2 5 0.245;
3 2 6 0.245;
3 2 7 0.245;
3 2 8 0.245;
3 2 9 0.245;
3 2 10 0.245;
3 2 11 0.245;
3 2 12 0.245;
4 1 1 0.286;
4 1 2 0.286;
4 1 3 0.286;
4 1 4 0.286;
4 1 5 0.286;
4 1 6 0.286;
4 1 7 0.286;
4 1 8 0.286;
4 1 9 0.286;
4 1 10 0.286;
4 1 11 0.286;
4 1 12 0.286;
4 2 1 0.276;
4 2 2 0.276;
4 2 3 0.276;
4 2 4 0.276;
4 2 5 0.276;
4 2 6 0.276;
4 2 7 0.276;
4 2 8 0.276;
4 2 9 0.276;
4 2 10 0.276;
4 2 11 0.276;
4 2 12 0.276;
5 1 1 0.373;
5 1 2 0.373;
5 1 3 0.373;
5 1 4 0.373;
5 1 5 0.373;
5 1 6 0.373;
5 1 7 0.373;
5 1 8 0.373;
5 1 9 0.373;
5 1 10 0.373;
5 1 11 0.373;
5 1 12 0.373;
5 2 1 0.468;
5 2 2 0.468;
5 2 3 0.468;
5 2 4 0.468;
5 2 5 0.468;
5 2 6 0.468;
5 2 7 0.468;
5 2 8 0.468;
5 2 9 0.468;
5 2 10 0.468;
5 2 11 0.468;
5 2 12 0.468;
6 1 1 0.334;
6 1 2 0.334;
6 1 3 0.334;
6 1 4 0.334;
6 1 5 0.334;
6 1 6 0.334;
6 1 7 0.334;
6 1 8 0.334;
6 1 9 0.334;
6 1 10 0.334;
6 1 11 0.334;
6 1 12 0.334;
6 2 1 0.433;
6 2 2 0.433;
6 2 3 0.433;
6 2 4 0.433;
6 2 5 0.433;
6 2 6 0.433;
6 2 7 0.433;
6 2 8 0.433;
6 2 9 0.433;
6 2 10 0.433;
6 2 11 0.433;
6 2 12 0.433;
]

global c_e = [
1 1 1 0.030757154213036562;
1 1 2 0.0417418521462639;
1 1 3 0.03295409379968203;
1 1 4 0.04100953895071542;
1 1 5 0.03441872019077901;
1 1 6 0.03588334658187599;
1 1 7 0.037347972972972966;
1 1 8 0.03808028616852146;
1 1 9 0.029292527821939585;
1 1 10 0.03441872019077901;
1 1 11 0.04027722575516693;
1 1 12 0.038812599364069944;
1 2 1 0.03705286168521463;
1 2 2 0.040421303656597775;
1 2 3 0.035705484896661366;
1 2 4 0.03705286168521463;
1 2 5 0.027621224165341813;
1 2 6 0.03368441971383148;
1 2 7 0.039073926868044506;
1 2 8 0.027621224165341813;
1 2 9 0.040421303656597775;
1 2 10 0.027621224165341813;
1 2 11 0.03705286168521463;
1 2 12 0.035031796502384735;
1 3 1 0.02403616852146264;
1 3 2 0.028726152623211446;
1 3 3 0.02403616852146264;
1 3 4 0.02403616852146264;
1 3 5 0.02989864864864865;
1 3 6 0.02344992050874404;
1 3 7 0.032829888712241656;
1 3 8 0.02579491255961844;
1 3 9 0.027553656597774246;
1 3 10 0.03400238473767885;
1 3 11 0.032243640699523055;
1 3 12 0.03341613672496025;
1 4 1 0.030155007949125595;
1 4 2 0.03294713831478537;
1 4 3 0.033505564387917325;
1 4 4 0.024012321144674085;
1 4 5 0.026246025437201906;
1 4 6 0.026246025437201906;
1 4 7 0.03183028616852146;
1 4 8 0.03183028616852146;
1 4 9 0.022895468998410173;
1 4 10 0.02568759936406995;
1 4 11 0.029038155802861683;
1 4 12 0.03238871224165341;
1 5 1 0.04846780604133545;
1 5 2 0.035933028616852145;
1 5 3 0.04094693958664547;
1 5 4 0.035933028616852145;
1 5 5 0.04930345786963434;
1 5 6 0.04345389507154213;
1 5 7 0.04428954689984102;
1 5 8 0.04178259141494436;
1 5 9 0.04512519872813991;
1 5 10 0.04011128775834658;
1 5 11 0.04846780604133545;
1 5 12 0.04178259141494436;
1 6 1 0.035819753577106525;
1 6 2 0.03734399841017488;
1 6 3 0.032771263910969795;
1 6 4 0.03810612082670907;
1 6 5 0.04420310015898251;
1 6 6 0.03505763116057234;
1 6 7 0.03505763116057234;
1 6 8 0.04420310015898251;
1 6 9 0.03886824324324325;
1 6 10 0.03429550874403816;
1 6 11 0.032009141494435615;
1 6 12 0.04115461049284579;
2 1 1 0.05530429252782193;
2 1 2 0.0478054054054054;
2 1 3 0.039369157392686795;
2 1 4 0.041243879173290934;
2 1 5 0.0478054054054054;
2 1 6 0.04311860095389507;
2 1 7 0.056241653418123996;
2 1 8 0.05249220985691574;
2 1 9 0.0478054054054054;
2 1 10 0.054366931637519864;
2 1 11 0.0449933227344992;
2 1 12 0.048742766295707465;
2 2 1 0.04225373608903021;
2 2 2 0.04311605723370429;
2 2 3 0.05087694753577106;
2 2 4 0.03535516693163752;
2 2 5 0.04311605723370429;
2 2 6 0.0362174880763116;
2 2 7 0.04828998410174881;
2 2 8 0.041391414944356116;
2 2 9 0.04225373608903021;
2 2 10 0.050014626391096974;
2 2 11 0.03535516693163752;
2 2 12 0.03707980922098569;
2 3 1 0.04502384737678855;
2 3 2 0.04502384737678855;
2 3 3 0.03526868044515103;
2 3 4 0.03301748807631161;
2 3 5 0.04202225755166932;
2 3 6 0.032267090620031795;
2 3 7 0.04127186009538951;
2 3 8 0.03151669316375199;
2 3 9 0.044273449920508745;
2 3 10 0.04277265500794912;
2 3 11 0.03376788553259141;
2 3 12 0.03301748807631161;
2 4 1 0.039313195548489666;
2 4 2 0.03788362480127186;
2 4 3 0.04145755166931637;
2 4 4 0.03573926868044515;
2 4 5 0.03573926868044515;
2 4 6 0.03359491255961844;
2 4 7 0.032880127186009536;
2 4 8 0.04145755166931637;
2 4 9 0.03359491255961844;
2 4 10 0.032880127186009536;
2 4 11 0.04002798092209857;
2 4 12 0.02859141494435612;
2 5 1 0.054551351351351356;
2 5 2 0.062038791732909375;
2 5 3 0.049203179650238474;
2 5 4 0.0481335453100159;
2 5 5 0.0609691573926868;
2 5 6 0.0524120826709062;
2 5 7 0.05562098569157393;
2 5 8 0.05669062003179651;
2 5 9 0.05989952305246424;
2 5 10 0.06310842607313195;
2 5 11 0.05989952305246424;
2 5 12 0.06310842607313195;
2 6 1 0.057555484896661374;
2 6 2 0.047800317965023854;
2 6 3 0.048775834658187606;
2 6 4 0.04292273449920509;
2 6 5 0.04975135135135136;
2 6 6 0.05462893481717012;
2 6 7 0.05267790143084262;
2 6 8 0.04389825119236885;
2 6 9 0.04292273449920509;
2 6 10 0.048775834658187606;
2 6 11 0.05462893481717012;
2 6 12 0.05072686804451511;
3 1 1 0.05864364069952304;
3 1 2 0.06202692766295707;
3 1 3 0.05300482909379967;
3 1 4 0.06315468998410174;
3 1 5 0.05413259141494435;
3 1 6 0.06541021462639109;
3 1 7 0.0473660174880763;
3 1 8 0.0642824523052464;
3 1 9 0.05300482909379967;
3 1 10 0.045110492845786956;
3 1 11 0.050749304451510324;
3 1 12 0.0608991653418124;
3 2 1 0.043574165341812396;
3 2 2 0.04876156597774244;
3 2 3 0.043574165341812396;
3 2 4 0.05498644674085851;
3 2 5 0.04876156597774244;
3 2 6 0.059136367249602535;
3 2 7 0.04772408585055644;
3 2 8 0.05187400635930048;
3 2 9 0.05809888712241654;
3 2 10 0.05291148648648649;
3 2 11 0.05187400635930048;
3 2 12 0.057061406995230525;
3 3 1 0.04333545310015898;
3 3 2 0.03611287758346582;
3 3 3 0.0496552066772655;
3 3 4 0.05055802861685215;
3 3 5 0.040626987281399046;
3 3 6 0.047849562798092216;
3 3 7 0.044238275039745624;
3 3 8 0.044238275039745624;
3 3 9 0.044238275039745624;
3 3 10 0.044238275039745624;
3 3 11 0.03701569952305246;
3 3 12 0.039724165341812404;
3 4 1 0.04299880763116057;
3 4 2 0.040418879173290935;
3 4 3 0.049018640699523046;
3 4 4 0.040418879173290935;
3 4 5 0.04471875993640699;
3 4 6 0.03697897456279809;
3 4 7 0.043858783783783786;
3 4 8 0.043858783783783786;
3 4 9 0.03869892686804451;
3 4 10 0.03439904610492846;
3 4 11 0.04815866454689984;
3 4 12 0.04987861685214626;
3 5 1 0.05276305643879173;
3 5 2 0.05147615262321145;
3 5 3 0.05147615262321145;
3 5 4 0.06820590222575518;
3 5 5 0.05533686406995231;
3 5 6 0.06434519077901431;
3 5 7 0.05533686406995231;
3 5 8 0.06434519077901431;
3 5 9 0.0656320945945946;
3 5 10 0.0566237678855326;
3 5 11 0.0746404213036566;
3 5 12 0.05276305643879173;
3 6 1 0.05398875198728141;
3 6 2 0.05985709459459461;
3 6 3 0.05868342607313196;
3 6 4 0.06337810015898253;
3 6 5 0.05164141494435613;
3 6 6 0.06807277424483307;
3 6 7 0.06924644276629571;
3 6 8 0.04694674085850557;
3 6 9 0.05164141494435613;
3 6 10 0.04694674085850557;
3 6 11 0.05985709459459461;
3 6 12 0.06103076311605724;
4 1 1 0.055919435612082666;
4 1 2 0.06321327503974562;
4 1 3 0.06078199523052463;
4 1 4 0.06929147456279808;
4 1 5 0.059566355325914144;
4 1 6 0.05227251589825118;
4 1 7 0.06442891494435611;
4 1 8 0.06442891494435611;
4 1 9 0.05835071542130364;
4 1 10 0.049841236089030204;
4 1 11 0.05348815580286168;
4 1 12 0.06929147456279808;
4 2 1 0.05144284578696343;
4 2 2 0.044732909379968204;
4 2 3 0.05703445945945945;
4 2 4 0.060389427662957074;
4 2 5 0.052561168521462635;
4 2 6 0.04808787758346581;
4 2 7 0.0659810413354531;
4 2 8 0.05927110492845787;
4 2 9 0.05144284578696343;
4 2 10 0.05144284578696343;
4 2 11 0.05591613672496025;
4 2 12 0.06262607313195549;
4 3 1 0.05255127186009539;
4 3 2 0.049631756756756754;
4 3 3 0.05644395866454689;
4 3 4 0.04087321144674086;
4 3 5 0.05644395866454689;
4 3 6 0.04379272655007949;
4 3 7 0.04087321144674086;
4 3 8 0.05060492845786964;
4 3 9 0.04087321144674086;
4 3 10 0.05255127186009539;
4 3 11 0.04184638314785373;
4 3 12 0.04087321144674086;
4 4 1 0.05098430047694754;
4 4 2 0.054692249602543715;
4 4 3 0.03707949125596185;
4 4 4 0.03707949125596185;
4 4 5 0.05561923688394276;
4 4 6 0.044495389507154204;
4 4 7 0.04542237678855326;
4 4 8 0.046349364069952305;
4 4 9 0.047276351351351345;
4 4 10 0.043568402225755164;
4 4 11 0.043568402225755164;
4 4 12 0.044495389507154204;
4 5 1 0.08323092209856915;
4 5 2 0.06381037360890301;
4 5 3 0.06797191971383149;
4 5 4 0.05687446343402226;
4 5 5 0.08045655802861684;
4 5 6 0.06381037360890301;
4 5 7 0.05826164546899841;
4 5 8 0.06519755564387918;
4 5 9 0.08045655802861684;
4 5 10 0.0762950119236884;
4 5 11 0.0762950119236884;
4 5 12 0.06103600953895072;
4 6 1 0.06958177662957077;
4 6 2 0.0708468998410175;
4 6 3 0.050604928457869645;
4 6 4 0.06958177662957077;
4 6 5 0.07337714626391097;
4 6 6 0.0708468998410175;
4 6 7 0.059460790937996826;
4 6 8 0.06578640699523054;
4 6 9 0.050604928457869645;
4 6 10 0.07590739268680445;
4 6 11 0.07211202305246422;
4 6 12 0.06831665341812401;
5 1 1 0.07172275437201907;
5 1 2 0.07172275437201907;
5 1 3 0.06078199523052463;
5 1 4 0.06442891494435611;
5 1 5 0.05835071542130364;
5 1 6 0.07172275437201907;
5 1 7 0.057135075516693154;
5 1 8 0.05227251589825118;
5 1 9 0.06807583465818759;
5 1 10 0.07293839427662956;
5 1 11 0.0668601947535771;
5 1 12 0.05227251589825118;
5 2 1 0.05703445945945945;
5 2 2 0.05703445945945945;
5 2 3 0.06262607313195549;
5 2 4 0.04696955484896661;
5 2 5 0.05479781399046105;
5 2 6 0.05815278219395867;
5 2 7 0.0670993640699523;
5 2 8 0.05032452305246423;
5 2 9 0.04920620031796503;
5 2 10 0.05591613672496025;
5 2 11 0.05703445945945945;
5 2 12 0.04808787758346581;
5 3 1 0.051578100158982516;
5 3 2 0.04184638314785373;
5 3 3 0.04476589825119237;
5 3 4 0.03990003974562798;
5 3 5 0.05255127186009539;
5 3 6 0.04184638314785373;
5 3 7 0.042819554848966615;
5 3 8 0.05352444356120827;
5 3 9 0.05060492845786964;
5 3 10 0.05741713036565978;
5 3 11 0.047685413354531005;
5 3 12 0.03990003974562798;
5 4 1 0.043568402225755164;
5 4 2 0.04078744038155803;
5 4 3 0.05561923688394276;
5 4 4 0.05561923688394276;
5 4 5 0.05283827503974562;
5 4 6 0.044495389507154204;
5 4 7 0.05191128775834658;
5 4 8 0.043568402225755164;
5 4 9 0.050057313195548486;
5 4 10 0.039860453100158975;
5 4 11 0.05376526232114467;
5 4 12 0.050057313195548486;
5 5 1 0.07490782988871224;
5 5 2 0.06519755564387918;
5 5 3 0.07768219395866456;
5 5 4 0.05548728139904611;
5 5 5 0.06519755564387918;
5 5 6 0.06381037360890301;
5 5 7 0.07074628378378378;
5 5 8 0.06797191971383149;
5 5 9 0.07490782988871224;
5 5 10 0.06103600953895072;
5 5 11 0.05548728139904611;
5 5 12 0.05964882750397456;
5 6 1 0.06958177662957077;
5 6 2 0.05693054451510335;
5 6 3 0.07590739268680445;
5 6 4 0.06199103736089031;
5 6 5 0.07337714626391097;
5 6 6 0.050604928457869645;
5 6 7 0.07590739268680445;
5 6 8 0.06705153020667727;
5 6 9 0.050604928457869645;
5 6 10 0.06199103736089031;
5 6 11 0.07464226947535772;
5 6 12 0.0708468998410175;
6 1 1 0.06971621621621621;
6 1 2 0.05602195945945945;
6 1 3 0.061001689189189176;
6 1 4 0.05477702702702702;
6 1 5 0.05602195945945945;
6 1 6 0.05104222972972972;
6 1 7 0.06598141891891891;
6 1 8 0.05851182432432431;
6 1 9 0.05851182432432431;
6 1 10 0.06971621621621621;
6 1 11 0.07469594594594593;
6 1 12 0.07220608108108106;
6 2 1 0.06757094594594594;
6 2 2 0.059554054054054055;
6 2 3 0.05039189189189189;
6 2 4 0.05153716216216216;
6 2 5 0.05268243243243243;
6 2 6 0.06069932432432433;
6 2 7 0.06642567567567567;
6 2 8 0.04581081081081081;
6 2 9 0.06642567567567567;
6 2 10 0.05840878378378379;
6 2 11 0.0618445945945946;
6 2 12 0.05268243243243243;
6 3 1 0.05680743243243243;
6 3 2 0.05880067567567567;
6 3 3 0.0548141891891892;
6 3 4 0.050827702702702704;
6 3 5 0.05182432432432433;
6 3 6 0.05680743243243243;
6 3 7 0.04385135135135135;
6 3 8 0.05581081081081081;
6 3 9 0.05680743243243243;
6 3 10 0.040861486486486485;
6 3 11 0.05581081081081081;
6 3 12 0.03986486486486487;
6 4 1 0.03987162162162162;
6 4 2 0.04366891891891892;
6 4 3 0.05126351351351352;
6 4 4 0.040820945945945944;
6 4 5 0.04461824324324323;
6 4 6 0.04461824324324323;
6 4 7 0.05126351351351352;
6 4 8 0.03987162162162162;
6 4 9 0.05126351351351352;
6 4 10 0.050314189189189194;
6 4 11 0.04841554054054054;
6 4 12 0.040820945945945944;
6 5 1 0.05682432432432433;
6 5 2 0.06250675675675675;
6 5 3 0.06676858108108108;
6 5 4 0.05966554054054053;
6 5 5 0.06108614864864864;
6 5 6 0.08381587837837838;
6 5 7 0.08523648648648649;
6 5 8 0.05966554054054053;
6 5 9 0.058244932432432436;
6 5 10 0.08523648648648649;
6 5 11 0.07245101351351352;
6 5 12 0.08523648648648649;
6 6 1 0.06737162162162164;
6 6 2 0.06737162162162164;
6 6 3 0.06737162162162164;
6 6 4 0.06348479729729731;
6 6 5 0.0777364864864865;
6 6 6 0.05830236486486487;
6 6 7 0.06866722972972975;
6 6 8 0.05182432432432433;
6 6 9 0.0777364864864865;
6 6 10 0.05182432432432433;
6 6 11 0.07125844594594596;
6 6 12 0.05571114864864865;
7 1 1 0.05861434817170111;
7 1 2 0.059888573131955475;
7 1 3 0.06498547297297295;
7 1 4 0.07645349761526231;
7 1 5 0.053517448330683615;
7 1 6 0.07008237281399045;
7 1 7 0.059888573131955475;
7 1 8 0.0675339228934817;
7 1 9 0.053517448330683615;
7 1 10 0.06371124801271859;
7 1 11 0.07645349761526231;
7 1 12 0.07135659777424483;
7 2 1 0.06564419713831479;
7 2 2 0.07033306836248011;
7 2 3 0.06564419713831479;
7 2 4 0.05040536565977742;
7 2 5 0.062127543720190775;
7 2 6 0.06447197933227344;
7 2 7 0.062127543720190775;
7 2 8 0.062127543720190775;
7 2 9 0.05274980127186009;
7 2 10 0.048060930047694746;
7 2 11 0.062127543720190775;
7 2 12 0.05392201907790144;
7 3 1 0.04998350556438792;
7 3 2 0.04488314785373609;
7 3 3 0.04182293322734498;
7 3 4 0.0591641494435612;
7 3 5 0.05712400635930048;
7 3 6 0.04590321939586645;
7 3 7 0.046923290937996825;
7 3 8 0.04590321939586645;
7 3 9 0.04488314785373609;
7 3 10 0.05610393481717011;
7 3 11 0.04080286168521463;
7 3 12 0.05406379173290938;
7 4 1 0.05052639109697933;
7 4 2 0.05344137519872814;
7 4 3 0.05732802066772655;
7 4 4 0.04275310015898251;
7 4 5 0.04955472972972973;
7 4 6 0.04469642289348172;
7 4 7 0.05635635930047694;
7 4 8 0.05149805246422893;
7 4 9 0.0398381160572337;
7 4 10 0.04275310015898251;
7 4 11 0.05052639109697933;
7 4 12 0.04372476152623211;
7 5 1 0.059615401430842596;
7 5 2 0.05816136724960255;
7 5 3 0.07270170906200318;
7 5 4 0.07706381160572337;
7 5 5 0.08724205087440381;
7 5 6 0.0799718799682035;
7 5 7 0.07851784578696344;
7 5 8 0.059615401430842596;
7 5 9 0.05816136724960255;
7 5 10 0.07270170906200318;
7 5 11 0.06543153815580285;
7 5 12 0.06252346979332273;
7 6 1 0.07160902225755168;
7 6 2 0.07823948728139905;
7 6 3 0.0755873012718601;
7 6 4 0.0702829292527822;
7 6 5 0.0596741852146264;
7 6 6 0.06100027821939588;
7 6 7 0.06630465023847378;
7 6 8 0.05834809220985693;
7 6 9 0.07956558028616853;
7 6 10 0.06100027821939588;
7 6 11 0.07956558028616853;
7 6 12 0.0755873012718601;
8 1 1 0.0690864268680445;
8 1 2 0.06517587440381557;
8 1 3 0.07821104928457868;
8 1 4 0.06256883942766295;
8 1 5 0.058658286963434024;
8 1 6 0.06517587440381557;
8 1 7 0.07299697933227345;
8 1 8 0.05344421701112876;
8 1 9 0.0690864268680445;
8 1 10 0.07821104928457868;
8 1 11 0.056051251987281385;
8 1 12 0.07299697933227345;
8 2 1 0.05276327503974563;
8 2 2 0.05995826709062003;
8 2 3 0.05755993640699523;
8 2 4 0.05156410969793322;
8 2 5 0.06475492845786963;
8 2 6 0.06595409379968203;
8 2 7 0.05036494435612082;
8 2 8 0.055161605723370435;
8 2 9 0.05636077106518283;
8 2 10 0.05276327503974563;
8 2 11 0.07194992050874403;
8 2 12 0.06955158982511923;
8 3 1 0.042784379968203494;
8 3 2 0.06261128775834658;
8 3 3 0.05635015898251192;
8 3 4 0.05948072337042925;
8 3 5 0.05113255166931637;
8 3 6 0.05948072337042925;
8 3 7 0.050089030206677265;
8 3 8 0.05948072337042925;
8 3 9 0.04591494435612083;
8 3 10 0.05113255166931637;
8 3 11 0.04174085850556439;
8 3 12 0.04487142289348171;
8 4 1 0.04870592209856915;
8 4 2 0.05765190779014308;
8 4 3 0.04870592209856915;
8 4 4 0.049699920508744035;
8 4 5 0.05268191573926868;
8 4 6 0.055663910969793326;
8 4 7 0.04671792527821939;
8 4 8 0.059639904610492844;
8 4 9 0.05268191573926868;
8 4 10 0.045723926868044516;
8 4 11 0.049699920508744035;
8 4 12 0.049699920508744035;
8 5 1 0.062473330683624796;
8 5 2 0.06842317170111288;
8 5 3 0.077347933227345;
8 5 4 0.06693571144674086;
8 5 5 0.0699106319554849;
8 5 6 0.06098587042925278;
8 5 7 0.059498410174880764;
8 5 8 0.062473330683624796;
8 5 9 0.08032285373608904;
8 5 10 0.06842317170111288;
8 5 11 0.08032285373608904;
8 5 12 0.06842317170111288;
8 6 1 0.06918547297297298;
8 6 2 0.06647231717011129;
8 6 3 0.05833284976152624;
8 6 4 0.06647231717011129;
8 6 5 0.06511573926868046;
8 6 6 0.05426311605723371;
8 6 7 0.06647231717011129;
8 6 8 0.07325520667726551;
8 6 9 0.05426311605723371;
8 6 10 0.05561969395866455;
8 6 11 0.06647231717011129;
8 6 12 0.08139467408585056;
9 1 1 0.0653076907790143;
9 1 2 0.07197174085850555;
9 1 3 0.06664050079491256;
9 1 4 0.07730298092209854;
9 1 5 0.0679733108108108;
9 1 6 0.07463736089030207;
9 1 7 0.054645210651828285;
9 1 8 0.061309260731319544;
9 1 9 0.061309260731319544;
9 1 10 0.0706389308426073;
9 1 11 0.05864364069952304;
9 1 12 0.057310830683624796;
9 2 1 0.05640119236883943;
9 2 2 0.049044515103338626;
9 2 3 0.051496740858505564;
9 2 4 0.057627305246422886;
9 2 5 0.0649839825119237;
9 2 6 0.07111454689984101;
9 2 7 0.06743620826709062;
9 2 8 0.06743620826709062;
9 2 9 0.06621009538950716;
9 2 10 0.053948966613672496;
9 2 11 0.06130564387917329;
9 2 12 0.07111454689984101;
9 3 1 0.042678855325914145;
9 3 2 0.05228159777424483;
9 3 3 0.04481279809220986;
9 3 4 0.05868342607313196;
9 3 5 0.043745826709062;
9 3 6 0.05441554054054055;
9 3 7 0.04587976947535771;
9 3 8 0.04587976947535771;
9 3 9 0.04801371224165342;
9 3 10 0.0576164546899841;
9 3 11 0.06081736883942766;
9 3 12 0.06188434022257551;
9 4 1 0.04166975357710651;
9 4 2 0.049800437201907785;
9 4 3 0.060980127186009536;
9 4 4 0.04878410174880763;
9 4 5 0.042686089030206674;
9 4 6 0.04675143084260731;
9 4 7 0.04878410174880763;
9 4 8 0.04065341812400636;
9 4 9 0.04878410174880763;
9 4 10 0.060980127186009536;
9 4 11 0.043702424483306836;
9 4 12 0.05589844992050875;
9 5 1 0.09125317965023848;
9 5 2 0.06083545310015898;
9 5 3 0.07300254372019079;
9 5 4 0.09125317965023848;
9 5 5 0.06083545310015898;
9 5 6 0.0653981120826709;
9 5 7 0.0714816573926868;
9 5 8 0.08060697535771066;
9 5 9 0.07604431637519873;
9 5 10 0.07604431637519873;
9 5 11 0.08821140699523052;
9 5 12 0.0897322933227345;
9 6 1 0.05686957472178061;
9 6 2 0.06796607710651828;
9 6 3 0.05686957472178061;
9 6 4 0.06796607710651828;
9 6 5 0.07906257949125597;
9 6 6 0.07490139109697934;
9 6 7 0.08183670508744038;
9 6 8 0.07074020270270272;
9 6 9 0.06796607710651828;
9 6 10 0.06519195151033387;
9 6 11 0.06380488871224166;
9 6 12 0.06519195151033387;
10 1 1 0.07996860095389506;
10 1 2 0.0759701709062003;
10 1 3 0.0626420707472178;
10 1 4 0.0679733108108108;
10 1 5 0.05331240063593004;
10 1 6 0.0706389308426073;
10 1 7 0.07330455087440381;
10 1 8 0.0599764507154213;
10 1 9 0.07197174085850555;
10 1 10 0.0653076907790143;
10 1 11 0.06930612082670905;
10 1 12 0.06930612082670905;
10 2 1 0.06743620826709062;
10 2 2 0.06988843402225754;
10 2 3 0.06866232114467409;
10 2 4 0.057627305246422886;
10 2 5 0.06375786963434023;
10 2 6 0.07356677265500795;
10 2 7 0.06007953100158982;
10 2 8 0.05885341812400636;
10 2 9 0.051496740858505564;
10 2 10 0.057627305246422886;
10 2 11 0.06130564387917329;
10 2 12 0.07111454689984101;
10 3 1 0.06295131160572337;
10 3 2 0.05441554054054055;
10 3 3 0.059750397456279816;
10 3 4 0.05334856915739269;
10 3 5 0.059750397456279816;
10 3 6 0.06188434022257551;
10 3 7 0.05228159777424483;
10 3 8 0.06081736883942766;
10 3 9 0.04908068362480127;
10 3 10 0.05014765500794912;
10 3 11 0.04801371224165342;
10 3 12 0.06401828298887123;
10 4 1 0.04878410174880763;
10 4 2 0.04471875993640699;
10 4 3 0.05284944356120826;
10 4 4 0.05081677265500795;
10 4 5 0.04065341812400636;
10 4 6 0.05691478537360891;
10 4 7 0.04675143084260731;
10 4 8 0.04675143084260731;
10 4 9 0.05488211446740858;
10 4 10 0.04776776629570747;
10 4 11 0.053865779014308425;
10 4 12 0.042686089030206674;
10 5 1 0.06387722575516692;
10 5 2 0.06996077106518284;
10 5 3 0.07300254372019079;
10 5 4 0.07756520270270272;
10 5 5 0.08060697535771066;
10 5 6 0.0714816573926868;
10 5 7 0.06691899841017487;
10 5 8 0.06235633942766295;
10 5 9 0.0897322933227345;
10 5 10 0.0714816573926868;
10 5 11 0.0851696343402226;
10 5 12 0.06843988473767885;
10 6 1 0.0554825119236884;
10 6 2 0.0554825119236884;
10 6 3 0.06380488871224166;
10 6 4 0.07906257949125597;
10 6 5 0.06103076311605724;
10 6 6 0.07351432829888714;
10 6 7 0.0693531399046105;
10 6 8 0.07628845389507156;
10 6 9 0.08044964228934817;
10 6 10 0.0554825119236884;
10 6 11 0.05686957472178061;
10 6 12 0.07074020270270272;
11 1 1 0.07249900635930047;
11 1 2 0.05799920508744038;
11 1 3 0.08699880763116057;
11 1 4 0.06089916534181239;
11 1 5 0.06089916534181239;
11 1 6 0.08699880763116057;
11 1 7 0.06379912559618442;
11 1 8 0.07974890699523052;
11 1 9 0.06379912559618442;
11 1 10 0.08699880763116057;
11 1 11 0.08264886724960252;
11 1 12 0.08264886724960252;
11 2 1 0.06135953895071542;
11 2 2 0.07336466613672496;
11 2 3 0.07069686009538952;
11 2 4 0.08003418124006359;
11 2 5 0.08003418124006359;
11 2 6 0.07336466613672496;
11 2 7 0.0760324721780604;
11 2 8 0.05602392686804451;
11 2 9 0.0600256359300477;
11 2 10 0.06802905405405406;
11 2 11 0.05735782988871224;
11 2 12 0.07736637519872813;
11 3 1 0.04991315580286169;
11 3 2 0.04759161367249602;
11 3 3 0.06732472178060413;
11 3 4 0.06616395071542129;
11 3 5 0.04759161367249602;
11 3 6 0.04991315580286169;
11 3 7 0.053395468998410175;
11 3 8 0.06848549284578696;
11 3 9 0.06732472178060413;
11 3 10 0.06732472178060413;
11 3 11 0.06848549284578696;
11 3 12 0.06268163751987281;
11 4 1 0.06302396661367249;
11 4 2 0.050861446740858504;
11 4 3 0.0663410174880763;
11 4 4 0.049755763116057235;
11 4 5 0.05749554848966614;
11 4 6 0.061918282988871226;
11 4 7 0.05528418124006359;
11 4 8 0.06412965023847376;
11 4 9 0.04754439586645469;
11 4 10 0.05970691573926868;
11 4 11 0.06081259936406995;
11 4 12 0.06081259936406995;
11 5 1 0.08603871224165342;
11 5 2 0.09100248410174881;
11 5 3 0.07114739666136725;
11 5 4 0.07776575914149443;
11 5 5 0.07114739666136725;
11 5 6 0.07114739666136725;
11 5 7 0.09927543720190779;
11 5 8 0.09100248410174881;
11 5 9 0.08107494038155802;
11 5 10 0.09762084658187599;
11 5 11 0.07280198728139906;
11 5 12 0.09596625596184419;
11 6 1 0.07092311208267091;
11 6 2 0.08752213831478538;
11 6 3 0.08450413354531003;
11 6 4 0.08148612877583467;
11 6 5 0.08148612877583467;
11 6 6 0.08299513116057235;
11 6 7 0.07243211446740859;
11 6 8 0.0860131359300477;
11 6 9 0.07243211446740859;
11 6 10 0.08752213831478538;
11 6 11 0.07545011923688395;
11 6 12 0.08148612877583467;
12 1 1 0.0670505961844197;
12 1 2 0.07343636724960254;
12 1 3 0.09419012321144674;
12 1 4 0.08301502384737677;
12 1 5 0.09099723767885531;
12 1 6 0.08461146661367248;
12 1 7 0.0686470389507154;
12 1 8 0.08301502384737677;
12 1 9 0.07183992448330684;
12 1 10 0.07662925278219394;
12 1 11 0.0862079093799682;
12 1 12 0.07822569554848965;
12 2 1 0.07783795707472178;
12 2 2 0.08224387917329094;
12 2 3 0.0866498012718601;
12 2 4 0.0646201907790143;
12 2 5 0.08224387917329094;
12 2 6 0.08811844197138313;
12 2 7 0.08224387917329094;
12 2 8 0.08077523847376789;
12 2 9 0.0587456279809221;
12 2 10 0.07049475357710652;
12 2 11 0.061682909379968204;
12 2 12 0.0866498012718601;
12 3 1 0.07284717806041335;
12 3 2 0.06262301271860095;
12 3 3 0.07029113672496026;
12 3 4 0.06390103338632751;
12 3 5 0.07668124006359299;
12 3 6 0.06901311605723372;
12 3 7 0.05751093004769476;
12 3 8 0.0536768680445151;
12 3 9 0.07284717806041335;
12 3 10 0.0536768680445151;
12 3 11 0.06262301271860095;
12 3 12 0.07284717806041335;
12 4 1 0.05599896661367249;
12 4 2 0.054781597774244836;
12 4 3 0.07060739268680445;
12 4 4 0.07182476152623211;
12 4 5 0.06086844197138314;
12 4 6 0.05599896661367249;
12 4 7 0.05112949125596184;
12 4 8 0.05843370429252782;
12 4 9 0.05356422893481717;
12 4 10 0.06695528616852146;
12 4 11 0.0657379173290938;
12 4 12 0.06939002384737677;
12 5 1 0.09290777027027028;
12 5 2 0.07469056041335453;
12 5 3 0.10201637519872815;
12 5 4 0.08744260731319554;
12 5 5 0.08197744435612084;
12 5 6 0.07286883942766297;
12 5 7 0.0765122813990461;
12 5 8 0.08015572337042925;
12 5 9 0.08197744435612084;
12 5 10 0.10019465421303657;
12 5 11 0.09472949125596185;
12 5 12 0.08197744435612084;
12 6 1 0.07476420906200319;
12 6 2 0.08805562400635931;
12 6 3 0.09636275834658188;
12 6 4 0.07974848966613673;
12 6 5 0.08140991653418124;
12 6 6 0.08473277027027029;
12 6 7 0.07310278219395867;
12 6 8 0.08805562400635931;
12 6 9 0.09636275834658188;
12 6 10 0.08971705087440383;
12 6 11 0.07808706279809222;
12 6 12 0.07310278219395867;
13 1 1 0.0985107710651828;
13 1 2 0.10018044515103336;
13 1 3 0.07179598569157392;
13 1 4 0.08181403020667725;
13 1 5 0.09517142289348168;
13 1 6 0.10018044515103336;
13 1 7 0.0801443561208267;
13 1 8 0.08348370429252781;
13 1 9 0.0985107710651828;
13 1 10 0.10018044515103336;
13 1 11 0.08849272655007948;
13 1 12 0.07847468203497614;
13 2 1 0.06451240063593004;
13 2 2 0.07526446740858506;
13 2 3 0.06451240063593004;
13 2 4 0.0691204292527822;
13 2 5 0.06604841017488075;
13 2 6 0.0691204292527822;
13 2 7 0.07833648648648649;
13 2 8 0.07833648648648649;
13 2 9 0.07680047694753576;
13 2 10 0.0691204292527822;
13 2 11 0.07219244833068363;
13 2 12 0.0798724960254372;
13 3 1 0.05480246422893481;
13 3 2 0.05480246422893481;
13 3 3 0.06148569157392687;
13 3 4 0.060149046104928466;
13 3 5 0.05480246422893481;
13 3 6 0.06148569157392687;
13 3 7 0.07618879173290936;
13 3 8 0.0801987281399046;
13 3 9 0.05747575516693163;
13 3 10 0.06415898251192369;
13 3 11 0.07886208267090619;
13 3 12 0.06950556438791733;
13 4 1 0.06620699523052465;
13 4 2 0.07511947535771064;
13 4 3 0.07002662957074722;
13 4 4 0.06366057233704292;
13 4 5 0.07129984101748808;
13 4 6 0.05602130365659778;
13 4 7 0.07384626391096978;
13 4 8 0.05092845786963434;
13 4 9 0.0611141494435612;
13 4 10 0.05092845786963434;
13 4 11 0.05474809220985691;
13 4 12 0.05092845786963434;
13 5 1 0.11241188394276629;
13 5 2 0.11050659777424482;
13 5 3 0.10860131160572335;
13 5 4 0.09145373608903021;
13 5 5 0.10669602543720191;
13 5 6 0.08192730524642289;
13 5 7 0.09526430842607313;
13 5 8 0.11050659777424482;
13 5 9 0.08383259141494437;
13 5 10 0.10860131160572335;
13 5 11 0.11431717011128774;
13 5 12 0.09145373608903021;
13 6 1 0.09730779014308427;
13 6 2 0.09383251192368841;
13 6 3 0.07993139904610494;
13 6 4 0.09904542925278219;
13 6 5 0.0729808426073132;
13 6 6 0.09035723370429254;
13 6 7 0.09730779014308427;
13 6 8 0.09730779014308427;
13 6 9 0.10078306836248012;
13 6 10 0.06950556438791734;
13 6 11 0.09209487281399048;
13 6 12 0.0886195945945946;
14 1 1 0.08181403020667725;
14 1 2 0.07179598569157392;
14 1 3 0.07179598569157392;
14 1 4 0.08348370429252781;
14 1 5 0.07513533386327503;
14 1 6 0.07346565977742447;
14 1 7 0.07346565977742447;
14 1 8 0.09684109697933224;
14 1 9 0.07179598569157392;
14 1 10 0.09350174880763115;
14 1 11 0.08515337837837837;
14 1 12 0.07012631160572336;
14 2 1 0.0798724960254372;
14 2 2 0.08294451510333864;
14 2 3 0.08755254372019076;
14 2 4 0.0798724960254372;
14 2 5 0.08448052464228935;
14 2 6 0.08755254372019076;
14 2 7 0.07833648648648649;
14 2 8 0.07372845786963433;
14 2 9 0.07680047694753576;
14 2 10 0.0691204292527822;
14 2 11 0.06604841017488075;
14 2 12 0.06144038155802862;
14 3 1 0.07217885532591416;
14 3 2 0.07217885532591416;
14 3 3 0.06683227344992052;
14 3 4 0.05480246422893481;
14 3 5 0.07217885532591416;
14 3 6 0.05747575516693163;
14 3 7 0.06282233704292528;
14 3 8 0.0801987281399046;
14 3 9 0.05480246422893481;
14 3 10 0.060149046104928466;
14 3 11 0.06282233704292528;
14 3 12 0.07084220985691574;
14 4 1 0.07257305246422892;
14 4 2 0.05602130365659778;
14 4 3 0.07384626391096978;
14 4 4 0.05347488076311605;
14 4 5 0.057294515103338634;
14 4 6 0.05092845786963434;
14 4 7 0.07257305246422892;
14 4 8 0.07639268680445149;
14 4 9 0.05474809220985691;
14 4 10 0.07257305246422892;
14 4 11 0.05092845786963434;
14 4 12 0.07639268680445149;
14 5 1 0.08573787758346582;
14 5 2 0.09907488076311606;
14 5 3 0.07621144674085852;
14 5 4 0.10098016693163753;
14 5 5 0.11050659777424482;
14 5 6 0.08954844992050874;
14 5 7 0.08383259141494437;
14 5 8 0.08954844992050874;
14 5 9 0.11050659777424482;
14 5 10 0.08764316375198729;
14 5 11 0.08954844992050874;
14 5 12 0.07621144674085852;
14 6 1 0.09730779014308427;
14 6 2 0.07124320349761526;
14 6 3 0.09904542925278219;
14 6 4 0.06950556438791734;
14 6 5 0.08166903815580287;
14 6 6 0.104258346581876;
14 6 7 0.08514431637519874;
14 6 8 0.0886195945945946;
14 6 9 0.08688195548489668;
14 6 10 0.0729808426073132;
14 6 11 0.08688195548489668;
14 6 12 0.07471848171701113;
15 1 1 0.08084737678855325;
15 1 2 0.08612003179650236;
15 1 3 0.10369554848966613;
15 1 4 0.10018044515103336;
15 1 5 0.09666534181240062;
15 1 6 0.08436248012718599;
15 1 7 0.08260492845786963;
15 1 8 0.08084737678855325;
15 1 9 0.07205961844197137;
15 1 10 0.09315023847376788;
15 1 11 0.08084737678855325;
15 1 12 0.08787758346581875;
15 2 1 0.09377742448330682;
15 2 2 0.09701112877583465;
15 2 3 0.08084260731319555;
15 2 4 0.06629093799682034;
15 2 5 0.07114149443561207;
15 2 6 0.07760890302066771;
15 2 7 0.07922575516693163;
15 2 8 0.0759920508744038;
15 2 9 0.0889268680445151;
15 2 10 0.09701112877583465;
15 2 11 0.08569316375198728;
15 2 12 0.06629093799682034;
15 3 1 0.07034976152623211;
15 3 2 0.07457074721780604;
15 3 3 0.07316375198728141;
15 3 4 0.08160572337042925;
15 3 5 0.05627980922098569;
15 3 6 0.06894276629570747;
15 3 7 0.07175675675675676;
15 3 8 0.05627980922098569;
15 3 9 0.06753577106518283;
15 3 10 0.06050079491255962;
15 3 11 0.07879173290937998;
15 3 12 0.07879173290937998;
15 4 1 0.06969157392686805;
15 4 2 0.057629570747217806;
15 4 3 0.07103179650238474;
15 4 4 0.06299046104928457;
15 4 5 0.05896979332273449;
15 4 6 0.06567090620031796;
15 4 7 0.06433068362480127;
15 4 8 0.0777329093799682;
15 4 9 0.06567090620031796;
15 4 10 0.05896979332273449;
15 4 11 0.0777329093799682;
15 4 12 0.05494912559618441;
15 5 1 0.10027821939586645;
15 5 2 0.08824483306836248;
15 5 3 0.10027821939586645;
15 5 4 0.08824483306836248;
15 5 5 0.09225596184419714;
15 5 6 0.10027821939586645;
15 5 7 0.08022257551669316;
15 5 8 0.08022257551669316;
15 5 9 0.08623926868044515;
15 5 10 0.10830047694753579;
15 5 11 0.11832829888712242;
15 5 12 0.10629491255961844;
15 6 1 0.104258346581876;
15 6 2 0.10791653418124007;
15 6 3 0.08962559618441972;
15 6 4 0.08230922098569159;
15 6 5 0.07499284578696344;
15 6 6 0.104258346581876;
15 6 7 0.08779650238473768;
15 6 8 0.09694197138314786;
15 6 9 0.07682193958664547;
15 6 10 0.09694197138314786;
15 6 11 0.10608744038155804;
15 6 12 0.10242925278219397;
16 1 1 0.10974445548489664;
16 1 2 0.09858400238473768;
16 1 3 0.08556347376788552;
16 1 4 0.10788437996820348;
16 1 5 0.0762630961844197;
16 1 6 0.09486385135135134;
16 1 7 0.09672392686804451;
16 1 8 0.102304153418124;
16 1 9 0.09858400238473768;
16 1 10 0.07440302066772654;
16 1 11 0.11160453100158982;
16 1 12 0.10788437996820348;
16 2 1 0.07186907790143084;
16 2 2 0.10095894276629569;
16 2 3 0.09753660572337043;
16 2 4 0.08726959459459459;
16 2 5 0.07700258346581876;
16 2 6 0.0787137519872814;
16 2 7 0.06844674085850556;
16 2 8 0.07358024642289347;
16 2 9 0.08555842607313195;
16 2 10 0.0958254372019078;
16 2 11 0.10267011128775835;
16 2 12 0.0701579093799682;
16 3 1 0.07147535771065183;
16 3 2 0.08785512718600953;
16 3 3 0.0640300079491256;
16 3 4 0.07892070747217807;
16 3 5 0.07892070747217807;
16 3 6 0.059562798092209865;
16 3 7 0.0640300079491256;
16 3 8 0.07147535771065183;
16 3 9 0.059562798092209865;
16 3 10 0.06849721780604134;
16 3 11 0.08189884737678857;
16 3 12 0.07892070747217807;
16 4 1 0.07517531796502384;
16 4 2 0.07092011128775834;
16 4 3 0.07092011128775834;
16 4 4 0.06240969793322734;
16 4 5 0.06524650238473768;
16 4 6 0.06666490461049283;
16 4 7 0.06240969793322734;
16 4 8 0.07517531796502384;
16 4 9 0.0638281001589825;
16 4 10 0.05673608903020668;
16 4 11 0.059572893481717;
16 4 12 0.08226732909379968;
16 5 1 0.10825033783783783;
16 5 2 0.09763755961844198;
16 5 3 0.12098567170111288;
16 5 4 0.10825033783783783;
16 5 5 0.09551500397456279;
16 5 6 0.1273533386327504;
16 5 7 0.11249544912559618;
16 5 8 0.10612778219395867;
16 5 9 0.10188267090620032;
16 5 10 0.11461800476947535;
16 5 11 0.12098567170111288;
16 5 12 0.11037289348171703;
16 6 1 0.08130321939586646;
16 6 2 0.09098217408585056;
16 6 3 0.07936742845786965;
16 6 4 0.10646850158982514;
16 6 5 0.0948537559618442;
16 6 6 0.07743163751987284;
16 6 7 0.10453271065182831;
16 6 8 0.08130321939586646;
16 6 9 0.08904638314785375;
16 6 10 0.08711059220985692;
16 6 11 0.08130321939586646;
16 6 12 0.07743163751987284;
17 1 1 0.11103332670906198;
17 1 2 0.11103332670906198;
17 1 3 0.0993456081081081;
17 1 4 0.11492923290937995;
17 1 5 0.08765788950715421;
17 1 6 0.10324151430842607;
17 1 7 0.09544970190779013;
17 1 8 0.08181403020667725;
17 1 9 0.10129356120826707;
17 1 10 0.08570993640699523;
17 1 11 0.08376198330683624;
17 1 12 0.0779181240063593;
17 2 1 0.10752066772655007;
17 2 2 0.1039366454689984;
17 2 3 0.09139256756756756;
17 2 4 0.09497658982511925;
17 2 5 0.08064050079491256;
17 2 6 0.10035262321144674;
17 2 7 0.09139256756756756;
17 2 8 0.1039366454689984;
17 2 9 0.09318457869634339;
17 2 10 0.08601653418124006;
17 2 11 0.08422452305246422;
17 2 12 0.07884848966613672;
17 3 1 0.08888692368839426;
17 3 2 0.06237678855325914;
17 3 3 0.0795304054054054;
17 3 4 0.08576808426073132;
17 3 5 0.07797098569157393;
17 3 6 0.08108982511923687;
17 3 7 0.0654956279809221;
17 3 8 0.0873275039745628;
17 3 9 0.07485214626391097;
17 3 10 0.06393620826709061;
17 3 11 0.0654956279809221;
17 3 12 0.08264924483306837;
17 4 1 0.0802123211446741;
17 4 2 0.0802123211446741;
17 4 3 0.0802123211446741;
17 4 4 0.06832901430842607;
17 4 5 0.0861539745627981;
17 4 6 0.06832901430842607;
17 4 7 0.07872690779014309;
17 4 8 0.059416534181240065;
17 4 9 0.07129984101748807;
17 4 10 0.06090194753577106;
17 4 11 0.062387360890302064;
17 4 12 0.0861539745627981;
17 5 1 0.09335902225755167;
17 5 2 0.12670153020667724;
17 5 3 0.11781019475357712;
17 5 4 0.11558736089030207;
17 5 5 0.12670153020667724;
17 5 6 0.1066960254372019;
17 5 7 0.09113618839427662;
17 5 8 0.0955818561208267;
17 5 9 0.11114169316375198;
17 5 10 0.10891885930047696;
17 5 11 0.1066960254372019;
17 5 12 0.11558736089030207;
17 6 1 0.11352575516693166;
17 6 2 0.12163473767885534;
17 6 3 0.09122605325914152;
17 6 4 0.08919880763116059;
17 6 5 0.08717156200317966;
17 6 6 0.08717156200317966;
17 6 7 0.10338952702702704;
17 6 8 0.08514431637519874;
17 6 9 0.11352575516693166;
17 6 10 0.09730779014308427;
17 6 11 0.11352575516693166;
17 6 12 0.09528054451510334;
18 1 1 0.09230075516693163;
18 1 2 0.09230075516693163;
18 1 3 0.09631383147853734;
18 1 4 0.08628114069952304;
18 1 5 0.09832036963434021;
18 1 6 0.09832036963434021;
18 1 7 0.10233344594594594;
18 1 8 0.11838575119236883;
18 1 9 0.08628114069952304;
18 1 10 0.09029421701112876;
18 1 11 0.11035959856915739;
18 1 12 0.08628114069952304;
18 2 1 0.09044940381558028;
18 2 2 0.10706255961844197;
18 2 3 0.07752806041335453;
18 2 4 0.07937396661367249;
18 2 5 0.10152484101748808;
18 2 6 0.07937396661367249;
18 2 7 0.07568215421303656;
18 2 8 0.09229531001589825;
18 2 9 0.09044940381558028;
18 2 10 0.08306577901430842;
18 2 11 0.0886034976152623;
18 2 12 0.08121987281399046;
18 3 1 0.07389069952305247;
18 3 2 0.06425278219395866;
18 3 3 0.07549701907790143;
18 3 4 0.07067806041335453;
18 3 5 0.08995389507154214;
18 3 6 0.0867412559618442;
18 3 7 0.07870965818759935;
18 3 8 0.08031597774244834;
18 3 9 0.0819222972972973;
18 3 10 0.0722843799682035;
18 3 11 0.08031597774244834;
18 3 12 0.07549701907790143;
18 4 1 0.06732384737678855;
18 4 2 0.0841548092209857;
18 4 3 0.06273358505564387;
18 4 4 0.08874507154213035;
18 4 5 0.0765043720190779;
18 4 6 0.06579375993640699;
18 4 7 0.0765043720190779;
18 4 8 0.06426367249602544;
18 4 9 0.08721498410174879;
18 4 10 0.08109463434022257;
18 4 11 0.07344419713831477;
18 4 12 0.07191410969793323;
18 5 1 0.11448430047694753;
18 5 2 0.09616681240063593;
18 5 3 0.1259327305246423;
18 5 4 0.10532555643879174;
18 5 5 0.11906367249602545;
18 5 6 0.12822241653418126;
18 5 7 0.09387712639109697;
18 5 8 0.11448430047694753;
18 5 9 0.13280178855325914;
18 5 10 0.09387712639109697;
18 5 11 0.10532555643879174;
18 5 12 0.10990492845786962;
18 6 1 0.08770504769475358;
18 6 2 0.12529292527821942;
18 6 3 0.11485184817170115;
18 6 4 0.11485184817170115;
18 6 5 0.10441077106518284;
18 6 6 0.08352861685214628;
18 6 7 0.12529292527821942;
18 6 8 0.08352861685214628;
18 6 9 0.10023434022257552;
18 6 10 0.10441077106518284;
18 6 11 0.09814612480127187;
18 6 12 0.11902827901430843;
19 1 1 0.1172286963434022;
19 1 2 0.0909532988871224;
19 1 3 0.0909532988871224;
19 1 4 0.09701685214626389;
19 1 5 0.1091439586645469;
19 1 6 0.12127106518282987;
19 1 7 0.08286856120826708;
19 1 8 0.08691093004769473;
19 1 9 0.10712277424483306;
19 1 10 0.0909532988871224;
19 1 11 0.11318632750397455;
19 1 12 0.08084737678855325;
19 2 1 0.11156279809220986;
19 2 2 0.10226589825119238;
19 2 3 0.07995333863275039;
19 2 4 0.10970341812400636;
19 2 5 0.09854713831478537;
19 2 6 0.08925023847376788;
19 2 7 0.09296899841017488;
19 2 8 0.09854713831478537;
19 2 9 0.09482837837837838;
19 2 10 0.08181271860095389;
19 2 11 0.09668775834658189;
19 2 12 0.10970341812400636;
19 3 1 0.08413831478537362;
19 3 2 0.06633982511923688;
19 3 3 0.09546462639109699;
19 3 4 0.09546462639109699;
19 3 5 0.07604809220985692;
19 3 6 0.06633982511923688;
19 3 7 0.08899244833068364;
19 3 8 0.07443004769475359;
19 3 9 0.0711939586645469;
19 3 10 0.0873744038155803;
19 3 11 0.07604809220985692;
19 3 12 0.08575635930047695;
19 4 1 0.08322782193958665;
19 4 2 0.08785158982511923;
19 4 3 0.09093410174880763;
19 4 4 0.06781526232114467;
19 4 5 0.07552154213036566;
19 4 6 0.08939284578696342;
19 4 7 0.08785158982511923;
19 4 8 0.06319149443561208;
19 4 9 0.08785158982511923;
19 4 10 0.06781526232114467;
19 4 11 0.07860405405405405;
19 4 12 0.06473275039745628;
19 5 1 0.11070715421303656;
19 5 2 0.1268519475357711;
19 5 3 0.13377114467408585;
19 5 4 0.10148155802861686;
19 5 5 0.12454554848966616;
19 5 6 0.11531995230524643;
19 5 7 0.11531995230524643;
19 5 8 0.13377114467408585;
19 5 9 0.09456236089030207;
19 5 10 0.10378795707472178;
19 5 11 0.1268519475357711;
19 5 12 0.1268519475357711;
19 6 1 0.09675906200317967;
19 6 2 0.10096597774244834;
19 6 3 0.10727635135135136;
19 6 4 0.11148326709062005;
19 6 5 0.098862519872814;
19 6 6 0.098862519872814;
19 6 7 0.10517289348171703;
19 6 8 0.12410401430842609;
19 6 9 0.10727635135135136;
19 6 10 0.09465560413354532;
19 6 11 0.12620747217806041;
19 6 12 0.10096597774244834;
20 1 1 0.11309844992050873;
20 1 2 0.10472078696343401;
20 1 3 0.11519286565977742;
20 1 4 0.10053195548489664;
20 1 5 0.12147611287758345;
20 1 6 0.12357052861685211;
20 1 7 0.11309844992050873;
20 1 8 0.0837766295707472;
20 1 9 0.10472078696343401;
20 1 10 0.10053195548489664;
20 1 11 0.09634312400635929;
20 1 12 0.12147611287758345;
20 2 1 0.09055719395866453;
20 2 2 0.09055719395866453;
20 2 3 0.10211768680445152;
20 2 4 0.10019093799682034;
20 2 5 0.09055719395866453;
20 2 6 0.11560492845786963;
20 2 7 0.10211768680445152;
20 2 8 0.1117514308426073;
20 2 9 0.11560492845786963;
20 2 10 0.09441069157392686;
20 2 11 0.08477694753577107;
20 2 12 0.08477694753577107;
20 3 1 0.09557015103338631;
20 3 2 0.09054014308426073;
20 3 3 0.09221681240063594;
20 3 4 0.09892348966613672;
20 3 5 0.07712678855325915;
20 3 6 0.08383346581875993;
20 3 7 0.07209678060413355;
20 3 8 0.06874344197138314;
20 3 9 0.09221681240063594;
20 3 10 0.07545011923688395;
20 3 11 0.08551013513513514;
20 3 12 0.09557015103338631;
20 4 1 0.089437519872814;
20 4 2 0.07666073131955485;
20 4 3 0.09422881558028616;
20 4 4 0.06867523847376789;
20 4 5 0.07825782988871223;
20 4 6 0.09582591414944355;
20 4 7 0.06548104133545309;
20 4 8 0.07825782988871223;
20 4 9 0.08304912559618441;
20 4 10 0.07985492845786964;
20 4 11 0.06548104133545309;
20 4 12 0.089437519872814;
20 5 1 0.10037849761526231;
20 5 2 0.14339785373608901;
20 5 3 0.1386179252782194;
20 5 4 0.1242781399046105;
20 5 5 0.12905806836248013;
20 5 6 0.13383799682034977;
20 5 7 0.12188817567567568;
20 5 8 0.1410078895071542;
20 5 9 0.12188817567567568;
20 5 10 0.11471828298887123;
20 5 11 0.09559856915739269;
20 5 12 0.10754839030206678;
20 6 1 0.0893664745627981;
20 6 2 0.1220615262321145;
20 6 3 0.10462416534181242;
20 6 4 0.1111631756756757;
20 6 5 0.11770218600953897;
20 6 6 0.09372581478537362;
20 6 7 0.10462416534181242;
20 6 8 0.12860053656597775;
20 6 9 0.11334284578696345;
20 6 10 0.10898350556438793;
20 6 11 0.11988185612082673;
20 6 12 0.11770218600953897;
]

global d = [
1 1 1 0;
1 1 2 222;
1 1 3 193;
1 1 4 96;
1 1 5 0;
1 1 6 276;
1 1 7 151;
1 1 8 238;
1 1 9 149;
1 1 10 57;
1 1 11 247;
1 1 12 0;
1 2 1 272;
1 2 2 141;
1 2 3 171;
1 2 4 211;
1 2 5 97;
1 2 6 228;
1 2 7 116;
1 2 8 208;
1 2 9 0;
1 2 10 123;
1 2 11 273;
1 2 12 284;
1 3 1 0;
1 3 2 78;
1 3 3 0;
1 3 4 0;
1 3 5 143;
1 3 6 227;
1 3 7 296;
1 3 8 297;
1 3 9 103;
1 3 10 0;
1 3 11 58;
1 3 12 161;
1 4 1 90;
1 4 2 118;
1 4 3 276;
1 4 4 200;
1 4 5 252;
1 4 6 94;
1 4 7 278;
1 4 8 288;
1 4 9 0;
1 4 10 82;
1 4 11 61;
1 4 12 55;
1 5 1 258;
1 5 2 274;
1 5 3 59;
1 5 4 286;
1 5 5 194;
1 5 6 293;
1 5 7 65;
1 5 8 174;
1 5 9 0;
1 5 10 170;
1 5 11 203;
1 5 12 0;
1 6 1 136;
1 6 2 90;
1 6 3 207;
1 6 4 235;
1 6 5 0;
1 6 6 89;
1 6 7 282;
1 6 8 131;
1 6 9 128;
1 6 10 0;
1 6 11 112;
1 6 12 191;
2 1 1 80;
2 1 2 137;
2 1 3 53;
2 1 4 87;
2 1 5 100;
2 1 6 247;
2 1 7 78;
2 1 8 165;
2 1 9 107;
2 1 10 177;
2 1 11 0;
2 1 12 151;
2 2 1 235;
2 2 2 74;
2 2 3 0;
2 2 4 0;
2 2 5 173;
2 2 6 0;
2 2 7 251;
2 2 8 169;
2 2 9 67;
2 2 10 121;
2 2 11 269;
2 2 12 206;
2 3 1 160;
2 3 2 212;
2 3 3 232;
2 3 4 0;
2 3 5 210;
2 3 6 130;
2 3 7 240;
2 3 8 131;
2 3 9 96;
2 3 10 249;
2 3 11 86;
2 3 12 143;
2 4 1 235;
2 4 2 0;
2 4 3 0;
2 4 4 138;
2 4 5 214;
2 4 6 122;
2 4 7 240;
2 4 8 226;
2 4 9 281;
2 4 10 230;
2 4 11 186;
2 4 12 250;
2 5 1 125;
2 5 2 251;
2 5 3 59;
2 5 4 0;
2 5 5 93;
2 5 6 259;
2 5 7 282;
2 5 8 0;
2 5 9 241;
2 5 10 258;
2 5 11 186;
2 5 12 260;
2 6 1 0;
2 6 2 143;
2 6 3 277;
2 6 4 287;
2 6 5 148;
2 6 6 0;
2 6 7 174;
2 6 8 194;
2 6 9 270;
2 6 10 203;
2 6 11 134;
2 6 12 139;
3 1 1 147;
3 1 2 232;
3 1 3 160;
3 1 4 128;
3 1 5 153;
3 1 6 50;
3 1 7 264;
3 1 8 144;
3 1 9 248;
3 1 10 170;
3 1 11 216;
3 1 12 0;
3 2 1 0;
3 2 2 53;
3 2 3 272;
3 2 4 128;
3 2 5 0;
3 2 6 146;
3 2 7 0;
3 2 8 248;
3 2 9 230;
3 2 10 172;
3 2 11 215;
3 2 12 142;
3 3 1 244;
3 3 2 109;
3 3 3 123;
3 3 4 161;
3 3 5 273;
3 3 6 241;
3 3 7 137;
3 3 8 137;
3 3 9 0;
3 3 10 286;
3 3 11 131;
3 3 12 163;
3 4 1 63;
3 4 2 181;
3 4 3 294;
3 4 4 146;
3 4 5 0;
3 4 6 94;
3 4 7 64;
3 4 8 0;
3 4 9 270;
3 4 10 275;
3 4 11 131;
3 4 12 81;
3 5 1 64;
3 5 2 202;
3 5 3 72;
3 5 4 299;
3 5 5 0;
3 5 6 271;
3 5 7 187;
3 5 8 0;
3 5 9 221;
3 5 10 232;
3 5 11 50;
3 5 12 254;
3 6 1 74;
3 6 2 209;
3 6 3 240;
3 6 4 248;
3 6 5 87;
3 6 6 189;
3 6 7 233;
3 6 8 0;
3 6 9 240;
3 6 10 220;
3 6 11 257;
3 6 12 181;
4 1 1 113;
4 1 2 289;
4 1 3 263;
4 1 4 213;
4 1 5 287;
4 1 6 268;
4 1 7 174;
4 1 8 91;
4 1 9 236;
4 1 10 155;
4 1 11 257;
4 1 12 205;
4 2 1 136;
4 2 2 205;
4 2 3 290;
4 2 4 142;
4 2 5 278;
4 2 6 76;
4 2 7 69;
4 2 8 186;
4 2 9 192;
4 2 10 0;
4 2 11 0;
4 2 12 198;
4 3 1 229;
4 3 2 0;
4 3 3 257;
4 3 4 228;
4 3 5 87;
4 3 6 74;
4 3 7 0;
4 3 8 0;
4 3 9 190;
4 3 10 73;
4 3 11 168;
4 3 12 0;
4 4 1 92;
4 4 2 282;
4 4 3 244;
4 4 4 196;
4 4 5 152;
4 4 6 205;
4 4 7 269;
4 4 8 125;
4 4 9 0;
4 4 10 124;
4 4 11 73;
4 4 12 224;
4 5 1 52;
4 5 2 0;
4 5 3 146;
4 5 4 84;
4 5 5 88;
4 5 6 136;
4 5 7 113;
4 5 8 183;
4 5 9 124;
4 5 10 202;
4 5 11 225;
4 5 12 220;
4 6 1 77;
4 6 2 217;
4 6 3 101;
4 6 4 83;
4 6 5 158;
4 6 6 263;
4 6 7 224;
4 6 8 56;
4 6 9 269;
4 6 10 127;
4 6 11 0;
4 6 12 281;
5 1 1 296;
5 1 2 291;
5 1 3 236;
5 1 4 225;
5 1 5 231;
5 1 6 57;
5 1 7 0;
5 1 8 0;
5 1 9 261;
5 1 10 115;
5 1 11 245;
5 1 12 122;
5 2 1 231;
5 2 2 0;
5 2 3 0;
5 2 4 228;
5 2 5 94;
5 2 6 0;
5 2 7 104;
5 2 8 252;
5 2 9 239;
5 2 10 240;
5 2 11 150;
5 2 12 54;
5 3 1 0;
5 3 2 95;
5 3 3 133;
5 3 4 94;
5 3 5 0;
5 3 6 276;
5 3 7 123;
5 3 8 108;
5 3 9 0;
5 3 10 291;
5 3 11 170;
5 3 12 252;
5 4 1 291;
5 4 2 216;
5 4 3 0;
5 4 4 253;
5 4 5 0;
5 4 6 0;
5 4 7 240;
5 4 8 0;
5 4 9 153;
5 4 10 276;
5 4 11 92;
5 4 12 0;
5 5 1 119;
5 5 2 163;
5 5 3 101;
5 5 4 75;
5 5 5 209;
5 5 6 256;
5 5 7 212;
5 5 8 280;
5 5 9 120;
5 5 10 76;
5 5 11 228;
5 5 12 140;
5 6 1 0;
5 6 2 216;
5 6 3 0;
5 6 4 0;
5 6 5 60;
5 6 6 0;
5 6 7 287;
5 6 8 111;
5 6 9 125;
5 6 10 273;
5 6 11 168;
5 6 12 241;
6 1 1 173;
6 1 2 0;
6 1 3 179;
6 1 4 100;
6 1 5 0;
6 1 6 213;
6 1 7 0;
6 1 8 270;
6 1 9 197;
6 1 10 75;
6 1 11 162;
6 1 12 0;
6 2 1 175;
6 2 2 0;
6 2 3 103;
6 2 4 224;
6 2 5 139;
6 2 6 180;
6 2 7 204;
6 2 8 261;
6 2 9 260;
6 2 10 296;
6 2 11 53;
6 2 12 161;
6 3 1 114;
6 3 2 228;
6 3 3 171;
6 3 4 0;
6 3 5 0;
6 3 6 0;
6 3 7 283;
6 3 8 0;
6 3 9 188;
6 3 10 252;
6 3 11 179;
6 3 12 269;
6 4 1 0;
6 4 2 0;
6 4 3 283;
6 4 4 219;
6 4 5 295;
6 4 6 270;
6 4 7 252;
6 4 8 218;
6 4 9 134;
6 4 10 50;
6 4 11 231;
6 4 12 116;
6 5 1 185;
6 5 2 232;
6 5 3 64;
6 5 4 257;
6 5 5 106;
6 5 6 153;
6 5 7 218;
6 5 8 104;
6 5 9 222;
6 5 10 247;
6 5 11 156;
6 5 12 0;
6 6 1 195;
6 6 2 136;
6 6 3 0;
6 6 4 0;
6 6 5 200;
6 6 6 0;
6 6 7 67;
6 6 8 198;
6 6 9 99;
6 6 10 245;
6 6 11 296;
6 6 12 162;
7 1 1 160;
7 1 2 142;
7 1 3 62;
7 1 4 293;
7 1 5 191;
7 1 6 64;
7 1 7 289;
7 1 8 235;
7 1 9 150;
7 1 10 53;
7 1 11 64;
7 1 12 0;
7 2 1 162;
7 2 2 169;
7 2 3 0;
7 2 4 202;
7 2 5 0;
7 2 6 57;
7 2 7 71;
7 2 8 176;
7 2 9 270;
7 2 10 0;
7 2 11 203;
7 2 12 123;
7 3 1 288;
7 3 2 156;
7 3 3 259;
7 3 4 94;
7 3 5 93;
7 3 6 91;
7 3 7 117;
7 3 8 81;
7 3 9 233;
7 3 10 0;
7 3 11 244;
7 3 12 176;
7 4 1 206;
7 4 2 60;
7 4 3 209;
7 4 4 95;
7 4 5 55;
7 4 6 107;
7 4 7 248;
7 4 8 283;
7 4 9 228;
7 4 10 158;
7 4 11 160;
7 4 12 0;
7 5 1 178;
7 5 2 57;
7 5 3 85;
7 5 4 269;
7 5 5 188;
7 5 6 283;
7 5 7 182;
7 5 8 264;
7 5 9 264;
7 5 10 74;
7 5 11 207;
7 5 12 112;
7 6 1 159;
7 6 2 252;
7 6 3 134;
7 6 4 0;
7 6 5 120;
7 6 6 187;
7 6 7 130;
7 6 8 73;
7 6 9 55;
7 6 10 270;
7 6 11 155;
7 6 12 268;
8 1 1 252;
8 1 2 265;
8 1 3 0;
8 1 4 202;
8 1 5 94;
8 1 6 213;
8 1 7 204;
8 1 8 174;
8 1 9 144;
8 1 10 195;
8 1 11 168;
8 1 12 87;
8 2 1 191;
8 2 2 286;
8 2 3 0;
8 2 4 0;
8 2 5 238;
8 2 6 0;
8 2 7 114;
8 2 8 237;
8 2 9 0;
8 2 10 131;
8 2 11 244;
8 2 12 64;
8 3 1 213;
8 3 2 188;
8 3 3 178;
8 3 4 63;
8 3 5 265;
8 3 6 173;
8 3 7 198;
8 3 8 286;
8 3 9 50;
8 3 10 58;
8 3 11 254;
8 3 12 118;
8 4 1 84;
8 4 2 300;
8 4 3 293;
8 4 4 0;
8 4 5 79;
8 4 6 101;
8 4 7 112;
8 4 8 92;
8 4 9 196;
8 4 10 186;
8 4 11 88;
8 4 12 120;
8 5 1 156;
8 5 2 0;
8 5 3 122;
8 5 4 300;
8 5 5 0;
8 5 6 252;
8 5 7 269;
8 5 8 55;
8 5 9 0;
8 5 10 162;
8 5 11 147;
8 5 12 283;
8 6 1 57;
8 6 2 246;
8 6 3 285;
8 6 4 136;
8 6 5 90;
8 6 6 0;
8 6 7 74;
8 6 8 82;
8 6 9 0;
8 6 10 184;
8 6 11 86;
8 6 12 192;
9 1 1 198;
9 1 2 226;
9 1 3 0;
9 1 4 201;
9 1 5 107;
9 1 6 268;
9 1 7 77;
9 1 8 217;
9 1 9 59;
9 1 10 92;
9 1 11 252;
9 1 12 71;
9 2 1 82;
9 2 2 0;
9 2 3 99;
9 2 4 108;
9 2 5 218;
9 2 6 275;
9 2 7 0;
9 2 8 260;
9 2 9 290;
9 2 10 0;
9 2 11 295;
9 2 12 285;
9 3 1 0;
9 3 2 197;
9 3 3 163;
9 3 4 98;
9 3 5 87;
9 3 6 80;
9 3 7 160;
9 3 8 112;
9 3 9 210;
9 3 10 238;
9 3 11 54;
9 3 12 106;
9 4 1 217;
9 4 2 235;
9 4 3 287;
9 4 4 278;
9 4 5 84;
9 4 6 296;
9 4 7 72;
9 4 8 202;
9 4 9 76;
9 4 10 297;
9 4 11 293;
9 4 12 227;
9 5 1 140;
9 5 2 189;
9 5 3 247;
9 5 4 0;
9 5 5 192;
9 5 6 184;
9 5 7 279;
9 5 8 0;
9 5 9 232;
9 5 10 0;
9 5 11 51;
9 5 12 0;
9 6 1 0;
9 6 2 0;
9 6 3 256;
9 6 4 61;
9 6 5 166;
9 6 6 269;
9 6 7 0;
9 6 8 0;
9 6 9 57;
9 6 10 235;
9 6 11 58;
9 6 12 155;
10 1 1 0;
10 1 2 244;
10 1 3 198;
10 1 4 0;
10 1 5 206;
10 1 6 0;
10 1 7 132;
10 1 8 277;
10 1 9 0;
10 1 10 300;
10 1 11 93;
10 1 12 182;
10 2 1 0;
10 2 2 188;
10 2 3 153;
10 2 4 166;
10 2 5 173;
10 2 6 57;
10 2 7 255;
10 2 8 239;
10 2 9 0;
10 2 10 52;
10 2 11 0;
10 2 12 294;
10 3 1 242;
10 3 2 137;
10 3 3 68;
10 3 4 0;
10 3 5 112;
10 3 6 181;
10 3 7 140;
10 3 8 155;
10 3 9 290;
10 3 10 0;
10 3 11 97;
10 3 12 241;
10 4 1 192;
10 4 2 214;
10 4 3 0;
10 4 4 205;
10 4 5 103;
10 4 6 0;
10 4 7 245;
10 4 8 136;
10 4 9 244;
10 4 10 230;
10 4 11 95;
10 4 12 69;
10 5 1 220;
10 5 2 167;
10 5 3 279;
10 5 4 82;
10 5 5 202;
10 5 6 222;
10 5 7 89;
10 5 8 201;
10 5 9 136;
10 5 10 235;
10 5 11 201;
10 5 12 0;
10 6 1 0;
10 6 2 215;
10 6 3 102;
10 6 4 182;
10 6 5 291;
10 6 6 0;
10 6 7 182;
10 6 8 167;
10 6 9 0;
10 6 10 230;
10 6 11 239;
10 6 12 181;
11 1 1 196;
11 1 2 0;
11 1 3 216;
11 1 4 271;
11 1 5 216;
11 1 6 178;
11 1 7 116;
11 1 8 78;
11 1 9 242;
11 1 10 0;
11 1 11 181;
11 1 12 0;
11 2 1 134;
11 2 2 296;
11 2 3 132;
11 2 4 292;
11 2 5 0;
11 2 6 0;
11 2 7 61;
11 2 8 56;
11 2 9 219;
11 2 10 99;
11 2 11 0;
11 2 12 0;
11 3 1 0;
11 3 2 64;
11 3 3 266;
11 3 4 0;
11 3 5 255;
11 3 6 238;
11 3 7 293;
11 3 8 297;
11 3 9 216;
11 3 10 299;
11 3 11 208;
11 3 12 296;
11 4 1 180;
11 4 2 114;
11 4 3 292;
11 4 4 286;
11 4 5 217;
11 4 6 292;
11 4 7 0;
11 4 8 55;
11 4 9 98;
11 4 10 54;
11 4 11 96;
11 4 12 243;
11 5 1 177;
11 5 2 0;
11 5 3 98;
11 5 4 104;
11 5 5 204;
11 5 6 139;
11 5 7 221;
11 5 8 191;
11 5 9 249;
11 5 10 168;
11 5 11 106;
11 5 12 228;
11 6 1 260;
11 6 2 144;
11 6 3 165;
11 6 4 296;
11 6 5 250;
11 6 6 300;
11 6 7 134;
11 6 8 265;
11 6 9 0;
11 6 10 232;
11 6 11 224;
11 6 12 246;
12 1 1 248;
12 1 2 70;
12 1 3 206;
12 1 4 237;
12 1 5 68;
12 1 6 229;
12 1 7 278;
12 1 8 230;
12 1 9 103;
12 1 10 0;
12 1 11 0;
12 1 12 249;
12 2 1 139;
12 2 2 83;
12 2 3 286;
12 2 4 160;
12 2 5 0;
12 2 6 0;
12 2 7 194;
12 2 8 194;
12 2 9 0;
12 2 10 53;
12 2 11 65;
12 2 12 0;
12 3 1 0;
12 3 2 95;
12 3 3 181;
12 3 4 207;
12 3 5 64;
12 3 6 176;
12 3 7 197;
12 3 8 83;
12 3 9 250;
12 3 10 200;
12 3 11 197;
12 3 12 56;
12 4 1 162;
12 4 2 0;
12 4 3 197;
12 4 4 287;
12 4 5 154;
12 4 6 0;
12 4 7 266;
12 4 8 110;
12 4 9 108;
12 4 10 0;
12 4 11 130;
12 4 12 57;
12 5 1 93;
12 5 2 213;
12 5 3 0;
12 5 4 155;
12 5 5 222;
12 5 6 0;
12 5 7 0;
12 5 8 233;
12 5 9 110;
12 5 10 110;
12 5 11 112;
12 5 12 184;
12 6 1 112;
12 6 2 94;
12 6 3 290;
12 6 4 170;
12 6 5 71;
12 6 6 155;
12 6 7 249;
12 6 8 55;
12 6 9 221;
12 6 10 124;
12 6 11 179;
12 6 12 0;
13 1 1 51;
13 1 2 167;
13 1 3 261;
13 1 4 63;
13 1 5 0;
13 1 6 212;
13 1 7 61;
13 1 8 217;
13 1 9 164;
13 1 10 57;
13 1 11 94;
13 1 12 107;
13 2 1 290;
13 2 2 246;
13 2 3 85;
13 2 4 95;
13 2 5 0;
13 2 6 138;
13 2 7 282;
13 2 8 291;
13 2 9 191;
13 2 10 300;
13 2 11 59;
13 2 12 300;
13 3 1 81;
13 3 2 297;
13 3 3 270;
13 3 4 166;
13 3 5 241;
13 3 6 97;
13 3 7 0;
13 3 8 110;
13 3 9 127;
13 3 10 255;
13 3 11 256;
13 3 12 64;
13 4 1 157;
13 4 2 0;
13 4 3 118;
13 4 4 80;
13 4 5 155;
13 4 6 112;
13 4 7 198;
13 4 8 113;
13 4 9 288;
13 4 10 50;
13 4 11 266;
13 4 12 73;
13 5 1 52;
13 5 2 231;
13 5 3 50;
13 5 4 146;
13 5 5 108;
13 5 6 182;
13 5 7 218;
13 5 8 0;
13 5 9 0;
13 5 10 294;
13 5 11 0;
13 5 12 120;
13 6 1 223;
13 6 2 202;
13 6 3 208;
13 6 4 275;
13 6 5 241;
13 6 6 222;
13 6 7 113;
13 6 8 245;
13 6 9 151;
13 6 10 166;
13 6 11 291;
13 6 12 272;
14 1 1 268;
14 1 2 0;
14 1 3 0;
14 1 4 126;
14 1 5 256;
14 1 6 238;
14 1 7 70;
14 1 8 198;
14 1 9 57;
14 1 10 162;
14 1 11 0;
14 1 12 267;
14 2 1 287;
14 2 2 276;
14 2 3 58;
14 2 4 261;
14 2 5 214;
14 2 6 172;
14 2 7 184;
14 2 8 254;
14 2 9 0;
14 2 10 0;
14 2 11 207;
14 2 12 243;
14 3 1 107;
14 3 2 110;
14 3 3 266;
14 3 4 147;
14 3 5 203;
14 3 6 277;
14 3 7 0;
14 3 8 170;
14 3 9 152;
14 3 10 253;
14 3 11 124;
14 3 12 296;
14 4 1 74;
14 4 2 0;
14 4 3 300;
14 4 4 135;
14 4 5 87;
14 4 6 119;
14 4 7 79;
14 4 8 0;
14 4 9 160;
14 4 10 162;
14 4 11 120;
14 4 12 195;
14 5 1 212;
14 5 2 172;
14 5 3 197;
14 5 4 181;
14 5 5 262;
14 5 6 0;
14 5 7 82;
14 5 8 202;
14 5 9 131;
14 5 10 109;
14 5 11 227;
14 5 12 150;
14 6 1 96;
14 6 2 72;
14 6 3 244;
14 6 4 195;
14 6 5 0;
14 6 6 134;
14 6 7 289;
14 6 8 281;
14 6 9 281;
14 6 10 95;
14 6 11 263;
14 6 12 247;
15 1 1 56;
15 1 2 216;
15 1 3 78;
15 1 4 130;
15 1 5 148;
15 1 6 179;
15 1 7 0;
15 1 8 91;
15 1 9 247;
15 1 10 292;
15 1 11 255;
15 1 12 260;
15 2 1 124;
15 2 2 65;
15 2 3 171;
15 2 4 235;
15 2 5 174;
15 2 6 81;
15 2 7 0;
15 2 8 0;
15 2 9 181;
15 2 10 209;
15 2 11 208;
15 2 12 113;
15 3 1 238;
15 3 2 165;
15 3 3 264;
15 3 4 237;
15 3 5 234;
15 3 6 187;
15 3 7 98;
15 3 8 57;
15 3 9 242;
15 3 10 227;
15 3 11 220;
15 3 12 59;
15 4 1 0;
15 4 2 181;
15 4 3 250;
15 4 4 79;
15 4 5 283;
15 4 6 299;
15 4 7 194;
15 4 8 0;
15 4 9 176;
15 4 10 146;
15 4 11 126;
15 4 12 160;
15 5 1 279;
15 5 2 110;
15 5 3 268;
15 5 4 0;
15 5 5 157;
15 5 6 187;
15 5 7 94;
15 5 8 0;
15 5 9 56;
15 5 10 273;
15 5 11 280;
15 5 12 206;
15 6 1 136;
15 6 2 222;
15 6 3 78;
15 6 4 218;
15 6 5 233;
15 6 6 279;
15 6 7 190;
15 6 8 219;
15 6 9 79;
15 6 10 0;
15 6 11 272;
15 6 12 0;
16 1 1 0;
16 1 2 284;
16 1 3 83;
16 1 4 197;
16 1 5 93;
16 1 6 211;
16 1 7 194;
16 1 8 61;
16 1 9 173;
16 1 10 85;
16 1 11 255;
16 1 12 89;
16 2 1 222;
16 2 2 81;
16 2 3 71;
16 2 4 0;
16 2 5 85;
16 2 6 258;
16 2 7 162;
16 2 8 160;
16 2 9 147;
16 2 10 198;
16 2 11 226;
16 2 12 0;
16 3 1 245;
16 3 2 99;
16 3 3 234;
16 3 4 61;
16 3 5 127;
16 3 6 276;
16 3 7 83;
16 3 8 261;
16 3 9 0;
16 3 10 156;
16 3 11 203;
16 3 12 273;
16 4 1 0;
16 4 2 192;
16 4 3 0;
16 4 4 0;
16 4 5 85;
16 4 6 196;
16 4 7 0;
16 4 8 161;
16 4 9 64;
16 4 10 281;
16 4 11 211;
16 4 12 185;
16 5 1 173;
16 5 2 267;
16 5 3 85;
16 5 4 110;
16 5 5 94;
16 5 6 108;
16 5 7 71;
16 5 8 91;
16 5 9 242;
16 5 10 254;
16 5 11 65;
16 5 12 60;
16 6 1 212;
16 6 2 60;
16 6 3 259;
16 6 4 299;
16 6 5 97;
16 6 6 120;
16 6 7 298;
16 6 8 108;
16 6 9 0;
16 6 10 86;
16 6 11 58;
16 6 12 96;
17 1 1 0;
17 1 2 66;
17 1 3 157;
17 1 4 0;
17 1 5 182;
17 1 6 83;
17 1 7 204;
17 1 8 254;
17 1 9 250;
17 1 10 104;
17 1 11 292;
17 1 12 212;
17 2 1 206;
17 2 2 0;
17 2 3 134;
17 2 4 177;
17 2 5 172;
17 2 6 74;
17 2 7 177;
17 2 8 244;
17 2 9 97;
17 2 10 237;
17 2 11 162;
17 2 12 242;
17 3 1 115;
17 3 2 156;
17 3 3 251;
17 3 4 52;
17 3 5 0;
17 3 6 94;
17 3 7 270;
17 3 8 281;
17 3 9 299;
17 3 10 195;
17 3 11 204;
17 3 12 258;
17 4 1 0;
17 4 2 0;
17 4 3 94;
17 4 4 176;
17 4 5 255;
17 4 6 109;
17 4 7 0;
17 4 8 108;
17 4 9 234;
17 4 10 159;
17 4 11 0;
17 4 12 192;
17 5 1 193;
17 5 2 217;
17 5 3 152;
17 5 4 0;
17 5 5 261;
17 5 6 63;
17 5 7 264;
17 5 8 264;
17 5 9 114;
17 5 10 124;
17 5 11 51;
17 5 12 0;
17 6 1 187;
17 6 2 155;
17 6 3 0;
17 6 4 205;
17 6 5 271;
17 6 6 290;
17 6 7 154;
17 6 8 0;
17 6 9 228;
17 6 10 108;
17 6 11 0;
17 6 12 108;
18 1 1 187;
18 1 2 284;
18 1 3 221;
18 1 4 86;
18 1 5 205;
18 1 6 202;
18 1 7 178;
18 1 8 184;
18 1 9 272;
18 1 10 296;
18 1 11 279;
18 1 12 295;
18 2 1 58;
18 2 2 91;
18 2 3 93;
18 2 4 144;
18 2 5 167;
18 2 6 286;
18 2 7 174;
18 2 8 0;
18 2 9 0;
18 2 10 0;
18 2 11 260;
18 2 12 182;
18 3 1 270;
18 3 2 0;
18 3 3 290;
18 3 4 144;
18 3 5 265;
18 3 6 112;
18 3 7 177;
18 3 8 225;
18 3 9 170;
18 3 10 147;
18 3 11 210;
18 3 12 0;
18 4 1 283;
18 4 2 294;
18 4 3 286;
18 4 4 162;
18 4 5 275;
18 4 6 71;
18 4 7 0;
18 4 8 120;
18 4 9 0;
18 4 10 0;
18 4 11 50;
18 4 12 248;
18 5 1 124;
18 5 2 252;
18 5 3 118;
18 5 4 189;
18 5 5 51;
18 5 6 292;
18 5 7 224;
18 5 8 77;
18 5 9 297;
18 5 10 182;
18 5 11 92;
18 5 12 163;
18 6 1 55;
18 6 2 208;
18 6 3 0;
18 6 4 168;
18 6 5 203;
18 6 6 289;
18 6 7 293;
18 6 8 99;
18 6 9 60;
18 6 10 165;
18 6 11 107;
18 6 12 271;
19 1 1 126;
19 1 2 232;
19 1 3 152;
19 1 4 50;
19 1 5 92;
19 1 6 0;
19 1 7 232;
19 1 8 273;
19 1 9 179;
19 1 10 0;
19 1 11 180;
19 1 12 205;
19 2 1 0;
19 2 2 158;
19 2 3 274;
19 2 4 0;
19 2 5 71;
19 2 6 100;
19 2 7 191;
19 2 8 299;
19 2 9 0;
19 2 10 230;
19 2 11 80;
19 2 12 158;
19 3 1 263;
19 3 2 240;
19 3 3 93;
19 3 4 0;
19 3 5 0;
19 3 6 62;
19 3 7 0;
19 3 8 187;
19 3 9 176;
19 3 10 55;
19 3 11 184;
19 3 12 178;
19 4 1 159;
19 4 2 115;
19 4 3 270;
19 4 4 136;
19 4 5 167;
19 4 6 271;
19 4 7 138;
19 4 8 165;
19 4 9 203;
19 4 10 53;
19 4 11 218;
19 4 12 162;
19 5 1 0;
19 5 2 102;
19 5 3 213;
19 5 4 263;
19 5 5 279;
19 5 6 96;
19 5 7 0;
19 5 8 146;
19 5 9 73;
19 5 10 178;
19 5 11 280;
19 5 12 299;
19 6 1 72;
19 6 2 93;
19 6 3 271;
19 6 4 255;
19 6 5 0;
19 6 6 122;
19 6 7 126;
19 6 8 123;
19 6 9 253;
19 6 10 189;
19 6 11 54;
19 6 12 142;
20 1 1 208;
20 1 2 115;
20 1 3 215;
20 1 4 88;
20 1 5 124;
20 1 6 110;
20 1 7 71;
20 1 8 279;
20 1 9 152;
20 1 10 241;
20 1 11 100;
20 1 12 51;
20 2 1 63;
20 2 2 271;
20 2 3 187;
20 2 4 0;
20 2 5 98;
20 2 6 194;
20 2 7 219;
20 2 8 246;
20 2 9 182;
20 2 10 115;
20 2 11 91;
20 2 12 234;
20 3 1 107;
20 3 2 66;
20 3 3 122;
20 3 4 0;
20 3 5 261;
20 3 6 297;
20 3 7 297;
20 3 8 260;
20 3 9 245;
20 3 10 190;
20 3 11 299;
20 3 12 179;
20 4 1 0;
20 4 2 0;
20 4 3 63;
20 4 4 71;
20 4 5 0;
20 4 6 197;
20 4 7 295;
20 4 8 146;
20 4 9 108;
20 4 10 163;
20 4 11 212;
20 4 12 151;
20 5 1 248;
20 5 2 187;
20 5 3 139;
20 5 4 289;
20 5 5 169;
20 5 6 0;
20 5 7 112;
20 5 8 159;
20 5 9 70;
20 5 10 161;
20 5 11 191;
20 5 12 190;
20 6 1 162;
20 6 2 204;
20 6 3 178;
20 6 4 228;
20 6 5 0;
20 6 6 0;
20 6 7 247;
20 6 8 202;
20 6 9 77;
20 6 10 292;
20 6 11 277;
20 6 12 132;
]

global Cap_c = [
1 1 1 28977.0;
1 1 2 28977.0;
1 1 3 28977.0;
1 1 4 28977.0;
1 1 5 28977.0;
1 1 6 28977.0;
1 1 7 28977.0;
1 1 8 28977.0;
1 1 9 28977.0;
1 1 10 28977.0;
1 1 11 28977.0;
1 1 12 28977.0;
1 2 1 28977.0;
1 2 2 28977.0;
1 2 3 28977.0;
1 2 4 28977.0;
1 2 5 28977.0;
1 2 6 28977.0;
1 2 7 28977.0;
1 2 8 28977.0;
1 2 9 28977.0;
1 2 10 28977.0;
1 2 11 28977.0;
1 2 12 28977.0;
2 1 1 28977.0;
2 1 2 28977.0;
2 1 3 28977.0;
2 1 4 28977.0;
2 1 5 28977.0;
2 1 6 28977.0;
2 1 7 28977.0;
2 1 8 28977.0;
2 1 9 28977.0;
2 1 10 28977.0;
2 1 11 28977.0;
2 1 12 28977.0;
2 2 1 28977.0;
2 2 2 28977.0;
2 2 3 28977.0;
2 2 4 28977.0;
2 2 5 28977.0;
2 2 6 28977.0;
2 2 7 28977.0;
2 2 8 28977.0;
2 2 9 28977.0;
2 2 10 28977.0;
2 2 11 28977.0;
2 2 12 28977.0;
3 1 1 28977.0;
3 1 2 28977.0;
3 1 3 28977.0;
3 1 4 28977.0;
3 1 5 28977.0;
3 1 6 28977.0;
3 1 7 28977.0;
3 1 8 28977.0;
3 1 9 28977.0;
3 1 10 28977.0;
3 1 11 28977.0;
3 1 12 28977.0;
3 2 1 28977.0;
3 2 2 28977.0;
3 2 3 28977.0;
3 2 4 28977.0;
3 2 5 28977.0;
3 2 6 28977.0;
3 2 7 28977.0;
3 2 8 28977.0;
3 2 9 28977.0;
3 2 10 28977.0;
3 2 11 28977.0;
3 2 12 28977.0;
4 1 1 28977.0;
4 1 2 28977.0;
4 1 3 28977.0;
4 1 4 28977.0;
4 1 5 28977.0;
4 1 6 28977.0;
4 1 7 28977.0;
4 1 8 28977.0;
4 1 9 28977.0;
4 1 10 28977.0;
4 1 11 28977.0;
4 1 12 28977.0;
4 2 1 28977.0;
4 2 2 28977.0;
4 2 3 28977.0;
4 2 4 28977.0;
4 2 5 28977.0;
4 2 6 28977.0;
4 2 7 28977.0;
4 2 8 28977.0;
4 2 9 28977.0;
4 2 10 28977.0;
4 2 11 28977.0;
4 2 12 28977.0;
5 1 1 28977.0;
5 1 2 28977.0;
5 1 3 28977.0;
5 1 4 28977.0;
5 1 5 28977.0;
5 1 6 28977.0;
5 1 7 28977.0;
5 1 8 28977.0;
5 1 9 28977.0;
5 1 10 28977.0;
5 1 11 28977.0;
5 1 12 28977.0;
5 2 1 28977.0;
5 2 2 28977.0;
5 2 3 28977.0;
5 2 4 28977.0;
5 2 5 28977.0;
5 2 6 28977.0;
5 2 7 28977.0;
5 2 8 28977.0;
5 2 9 28977.0;
5 2 10 28977.0;
5 2 11 28977.0;
5 2 12 28977.0;
6 1 1 28977.0;
6 1 2 28977.0;
6 1 3 28977.0;
6 1 4 28977.0;
6 1 5 28977.0;
6 1 6 28977.0;
6 1 7 28977.0;
6 1 8 28977.0;
6 1 9 28977.0;
6 1 10 28977.0;
6 1 11 28977.0;
6 1 12 28977.0;
6 2 1 28977.0;
6 2 2 28977.0;
6 2 3 28977.0;
6 2 4 28977.0;
6 2 5 28977.0;
6 2 6 28977.0;
6 2 7 28977.0;
6 2 8 28977.0;
6 2 9 28977.0;
6 2 10 28977.0;
6 2 11 28977.0;
6 2 12 28977.0;
]

global Cap_p = [1.985373e6 1.985373e6 1.985373e6 1.985373e6 1.985373e6 1.985373e6 1.985373e6 1.985373e6 1.985373e6 1.985373e6 1.985373e6 1.985373e6; 1.691244e6 1.691244e6 1.691244e6 1.691244e6 1.691244e6 1.691244e6 1.691244e6 1.691244e6 1.691244e6 1.691244e6 1.691244e6 1.691244e6]
#-----------------------------------------