###################################################
# Classe 27 : K = 6, M = 2, T = 12, N = 20
# Exemplo: 7.   c27ex07.dat          Semente: 3006
#-----------------------Dados----------------------
global K = 6
global M = 2
global T = 12
global N = 20

global L = [540, 460]

global l = [52, 64, 69, 71, 75, 83, 92, 97, 99, 100, 102, 105, 112, 118, 120, 124, 127, 138, 139, 142]

global Q1 = 1e5
global Q2 = 1e5

global rho = [2.0, 2.0, 2.0, 2.0, 2.0, 2.0]

global b = [1080.0 920.0; 1080.0 920.0; 1080.0 920.0; 1080.0 920.0; 1080.0 920.0; 1080.0 920.0]

global f = [46.44 39.56; 46.44 39.56; 46.44 39.56; 46.44 39.56; 46.44 39.56; 46.44 39.56]

global c_km = [23.76 19.32; 42.12 32.2; 41.04 25.76; 21.6 34.04; 25.92 39.56; 36.72 25.76]

global p_km = [3.255 2.647; 5.77 4.411; 5.622 3.529; 2.959 4.663; 3.551 5.42; 5.031 3.529]

global c_x = [
1 1 1 26.568;
1 1 2 26.568;
1 1 3 26.568;
1 1 4 26.568;
1 1 5 26.568;
1 1 6 26.568;
1 1 7 26.568;
1 1 8 26.568;
1 1 9 26.568;
1 1 10 26.568;
1 1 11 26.568;
1 1 12 26.568;
1 2 1 17.02;
1 2 2 17.02;
1 2 3 17.02;
1 2 4 17.02;
1 2 5 17.02;
1 2 6 17.02;
1 2 7 17.02;
1 2 8 17.02;
1 2 9 17.02;
1 2 10 17.02;
1 2 11 17.02;
1 2 12 17.02;
2 1 1 21.6;
2 1 2 21.6;
2 1 3 21.6;
2 1 4 21.6;
2 1 5 21.6;
2 1 6 21.6;
2 1 7 21.6;
2 1 8 21.6;
2 1 9 21.6;
2 1 10 21.6;
2 1 11 21.6;
2 1 12 21.6;
2 2 1 16.652;
2 2 2 16.652;
2 2 3 16.652;
2 2 4 16.652;
2 2 5 16.652;
2 2 6 16.652;
2 2 7 16.652;
2 2 8 16.652;
2 2 9 16.652;
2 2 10 16.652;
2 2 11 16.652;
2 2 12 16.652;
3 1 1 26.136;
3 1 2 26.136;
3 1 3 26.136;
3 1 4 26.136;
3 1 5 26.136;
3 1 6 26.136;
3 1 7 26.136;
3 1 8 26.136;
3 1 9 26.136;
3 1 10 26.136;
3 1 11 26.136;
3 1 12 26.136;
3 2 1 20.516;
3 2 2 20.516;
3 2 3 20.516;
3 2 4 20.516;
3 2 5 20.516;
3 2 6 20.516;
3 2 7 20.516;
3 2 8 20.516;
3 2 9 20.516;
3 2 10 20.516;
3 2 11 20.516;
3 2 12 20.516;
4 1 1 25.704;
4 1 2 25.704;
4 1 3 25.704;
4 1 4 25.704;
4 1 5 25.704;
4 1 6 25.704;
4 1 7 25.704;
4 1 8 25.704;
4 1 9 25.704;
4 1 10 25.704;
4 1 11 25.704;
4 1 12 25.704;
4 2 1 19.227;
4 2 2 19.227;
4 2 3 19.227;
4 2 4 19.227;
4 2 5 19.227;
4 2 6 19.227;
4 2 7 19.227;
4 2 8 19.227;
4 2 9 19.227;
4 2 10 19.227;
4 2 11 19.227;
4 2 12 19.227;
5 1 1 19.764;
5 1 2 19.764;
5 1 3 19.764;
5 1 4 19.764;
5 1 5 19.764;
5 1 6 19.764;
5 1 7 19.764;
5 1 8 19.764;
5 1 9 19.764;
5 1 10 19.764;
5 1 11 19.764;
5 1 12 19.764;
5 2 1 19.044;
5 2 2 19.044;
5 2 3 19.044;
5 2 4 19.044;
5 2 5 19.044;
5 2 6 19.044;
5 2 7 19.044;
5 2 8 19.044;
5 2 9 19.044;
5 2 10 19.044;
5 2 11 19.044;
5 2 12 19.044;
6 1 1 23.544;
6 1 2 23.544;
6 1 3 23.544;
6 1 4 23.544;
6 1 5 23.544;
6 1 6 23.544;
6 1 7 23.544;
6 1 8 23.544;
6 1 9 23.544;
6 1 10 23.544;
6 1 11 23.544;
6 1 12 23.544;
6 2 1 17.204;
6 2 2 17.204;
6 2 3 17.204;
6 2 4 17.204;
6 2 5 17.204;
6 2 6 17.204;
6 2 7 17.204;
6 2 8 17.204;
6 2 9 17.204;
6 2 10 17.204;
6 2 11 17.204;
6 2 12 17.204;
]

global c_z = [
1 1 1 1.222;
1 1 2 1.222;
1 1 3 1.222;
1 1 4 1.222;
1 1 5 1.222;
1 1 6 1.222;
1 1 7 1.222;
1 1 8 1.222;
1 1 9 1.222;
1 1 10 1.222;
1 1 11 1.222;
1 1 12 1.222;
1 2 1 0.783;
1 2 2 0.783;
1 2 3 0.783;
1 2 4 0.783;
1 2 5 0.783;
1 2 6 0.783;
1 2 7 0.783;
1 2 8 0.783;
1 2 9 0.783;
1 2 10 0.783;
1 2 11 0.783;
1 2 12 0.783;
2 1 1 0.907;
2 1 2 0.907;
2 1 3 0.907;
2 1 4 0.907;
2 1 5 0.907;
2 1 6 0.907;
2 1 7 0.907;
2 1 8 0.907;
2 1 9 0.907;
2 1 10 0.907;
2 1 11 0.907;
2 1 12 0.907;
2 2 1 0.716;
2 2 2 0.716;
2 2 3 0.716;
2 2 4 0.716;
2 2 5 0.716;
2 2 6 0.716;
2 2 7 0.716;
2 2 8 0.716;
2 2 9 0.716;
2 2 10 0.716;
2 2 11 0.716;
2 2 12 0.716;
3 1 1 0.889;
3 1 2 0.889;
3 1 3 0.889;
3 1 4 0.889;
3 1 5 0.889;
3 1 6 0.889;
3 1 7 0.889;
3 1 8 0.889;
3 1 9 0.889;
3 1 10 0.889;
3 1 11 0.889;
3 1 12 0.889;
3 2 1 0.657;
3 2 2 0.657;
3 2 3 0.657;
3 2 4 0.657;
3 2 5 0.657;
3 2 6 0.657;
3 2 7 0.657;
3 2 8 0.657;
3 2 9 0.657;
3 2 10 0.657;
3 2 11 0.657;
3 2 12 0.657;
4 1 1 0.925;
4 1 2 0.925;
4 1 3 0.925;
4 1 4 0.925;
4 1 5 0.925;
4 1 6 0.925;
4 1 7 0.925;
4 1 8 0.925;
4 1 9 0.925;
4 1 10 0.925;
4 1 11 0.925;
4 1 12 0.925;
4 2 1 0.654;
4 2 2 0.654;
4 2 3 0.654;
4 2 4 0.654;
4 2 5 0.654;
4 2 6 0.654;
4 2 7 0.654;
4 2 8 0.654;
4 2 9 0.654;
4 2 10 0.654;
4 2 11 0.654;
4 2 12 0.654;
5 1 1 0.909;
5 1 2 0.909;
5 1 3 0.909;
5 1 4 0.909;
5 1 5 0.909;
5 1 6 0.909;
5 1 7 0.909;
5 1 8 0.909;
5 1 9 0.909;
5 1 10 0.909;
5 1 11 0.909;
5 1 12 0.909;
5 2 1 0.8;
5 2 2 0.8;
5 2 3 0.8;
5 2 4 0.8;
5 2 5 0.8;
5 2 6 0.8;
5 2 7 0.8;
5 2 8 0.8;
5 2 9 0.8;
5 2 10 0.8;
5 2 11 0.8;
5 2 12 0.8;
6 1 1 0.918;
6 1 2 0.918;
6 1 3 0.918;
6 1 4 0.918;
6 1 5 0.918;
6 1 6 0.918;
6 1 7 0.918;
6 1 8 0.918;
6 1 9 0.918;
6 1 10 0.918;
6 1 11 0.918;
6 1 12 0.918;
6 2 1 0.723;
6 2 2 0.723;
6 2 3 0.723;
6 2 4 0.723;
6 2 5 0.723;
6 2 6 0.723;
6 2 7 0.723;
6 2 8 0.723;
6 2 9 0.723;
6 2 10 0.723;
6 2 11 0.723;
6 2 12 0.723;
]

global c_y = [
1 1 1 3.454;
1 1 2 3.454;
1 1 3 3.454;
1 1 4 3.454;
1 1 5 3.454;
1 1 6 3.454;
1 1 7 3.454;
1 1 8 3.454;
1 1 9 3.454;
1 1 10 3.454;
1 1 11 3.454;
1 1 12 3.454;
1 2 1 2.042;
1 2 2 2.042;
1 2 3 2.042;
1 2 4 2.042;
1 2 5 2.042;
1 2 6 2.042;
1 2 7 2.042;
1 2 8 2.042;
1 2 9 2.042;
1 2 10 2.042;
1 2 11 2.042;
1 2 12 2.042;
2 1 1 2.16;
2 1 2 2.16;
2 1 3 2.16;
2 1 4 2.16;
2 1 5 2.16;
2 1 6 2.16;
2 1 7 2.16;
2 1 8 2.16;
2 1 9 2.16;
2 1 10 2.16;
2 1 11 2.16;
2 1 12 2.16;
2 2 1 2.165;
2 2 2 2.165;
2 2 3 2.165;
2 2 4 2.165;
2 2 5 2.165;
2 2 6 2.165;
2 2 7 2.165;
2 2 8 2.165;
2 2 9 2.165;
2 2 10 2.165;
2 2 11 2.165;
2 2 12 2.165;
3 1 1 3.136;
3 1 2 3.136;
3 1 3 3.136;
3 1 4 3.136;
3 1 5 3.136;
3 1 6 3.136;
3 1 7 3.136;
3 1 8 3.136;
3 1 9 3.136;
3 1 10 3.136;
3 1 11 3.136;
3 1 12 3.136;
3 2 1 2.052;
3 2 2 2.052;
3 2 3 2.052;
3 2 4 2.052;
3 2 5 2.052;
3 2 6 2.052;
3 2 7 2.052;
3 2 8 2.052;
3 2 9 2.052;
3 2 10 2.052;
3 2 11 2.052;
3 2 12 2.052;
4 1 1 3.084;
4 1 2 3.084;
4 1 3 3.084;
4 1 4 3.084;
4 1 5 3.084;
4 1 6 3.084;
4 1 7 3.084;
4 1 8 3.084;
4 1 9 3.084;
4 1 10 3.084;
4 1 11 3.084;
4 1 12 3.084;
4 2 1 1.923;
4 2 2 1.923;
4 2 3 1.923;
4 2 4 1.923;
4 2 5 1.923;
4 2 6 1.923;
4 2 7 1.923;
4 2 8 1.923;
4 2 9 1.923;
4 2 10 1.923;
4 2 11 1.923;
4 2 12 1.923;
5 1 1 2.174;
5 1 2 2.174;
5 1 3 2.174;
5 1 4 2.174;
5 1 5 2.174;
5 1 6 2.174;
5 1 7 2.174;
5 1 8 2.174;
5 1 9 2.174;
5 1 10 2.174;
5 1 11 2.174;
5 1 12 2.174;
5 2 1 1.904;
5 2 2 1.904;
5 2 3 1.904;
5 2 4 1.904;
5 2 5 1.904;
5 2 6 1.904;
5 2 7 1.904;
5 2 8 1.904;
5 2 9 1.904;
5 2 10 1.904;
5 2 11 1.904;
5 2 12 1.904;
6 1 1 2.354;
6 1 2 2.354;
6 1 3 2.354;
6 1 4 2.354;
6 1 5 2.354;
6 1 6 2.354;
6 1 7 2.354;
6 1 8 2.354;
6 1 9 2.354;
6 1 10 2.354;
6 1 11 2.354;
6 1 12 2.354;
6 2 1 2.064;
6 2 2 2.064;
6 2 3 2.064;
6 2 4 2.064;
6 2 5 2.064;
6 2 6 2.064;
6 2 7 2.064;
6 2 8 2.064;
6 2 9 2.064;
6 2 10 2.064;
6 2 11 2.064;
6 2 12 2.064;
]

global c_sc = [
1 1 1 0.117;
1 1 2 0.117;
1 1 3 0.117;
1 1 4 0.117;
1 1 5 0.117;
1 1 6 0.117;
1 1 7 0.117;
1 1 8 0.117;
1 1 9 0.117;
1 1 10 0.117;
1 1 11 0.117;
1 1 12 0.117;
1 2 1 0.084;
1 2 2 0.084;
1 2 3 0.084;
1 2 4 0.084;
1 2 5 0.084;
1 2 6 0.084;
1 2 7 0.084;
1 2 8 0.084;
1 2 9 0.084;
1 2 10 0.084;
1 2 11 0.084;
1 2 12 0.084;
2 1 1 0.065;
2 1 2 0.065;
2 1 3 0.065;
2 1 4 0.065;
2 1 5 0.065;
2 1 6 0.065;
2 1 7 0.065;
2 1 8 0.065;
2 1 9 0.065;
2 1 10 0.065;
2 1 11 0.065;
2 1 12 0.065;
2 2 1 0.078;
2 2 2 0.078;
2 2 3 0.078;
2 2 4 0.078;
2 2 5 0.078;
2 2 6 0.078;
2 2 7 0.078;
2 2 8 0.078;
2 2 9 0.078;
2 2 10 0.078;
2 2 11 0.078;
2 2 12 0.078;
3 1 1 0.147;
3 1 2 0.147;
3 1 3 0.147;
3 1 4 0.147;
3 1 5 0.147;
3 1 6 0.147;
3 1 7 0.147;
3 1 8 0.147;
3 1 9 0.147;
3 1 10 0.147;
3 1 11 0.147;
3 1 12 0.147;
3 2 1 0.082;
3 2 2 0.082;
3 2 3 0.082;
3 2 4 0.082;
3 2 5 0.082;
3 2 6 0.082;
3 2 7 0.082;
3 2 8 0.082;
3 2 9 0.082;
3 2 10 0.082;
3 2 11 0.082;
3 2 12 0.082;
4 1 1 0.145;
4 1 2 0.145;
4 1 3 0.145;
4 1 4 0.145;
4 1 5 0.145;
4 1 6 0.145;
4 1 7 0.145;
4 1 8 0.145;
4 1 9 0.145;
4 1 10 0.145;
4 1 11 0.145;
4 1 12 0.145;
4 2 1 0.077;
4 2 2 0.077;
4 2 3 0.077;
4 2 4 0.077;
4 2 5 0.077;
4 2 6 0.077;
4 2 7 0.077;
4 2 8 0.077;
4 2 9 0.077;
4 2 10 0.077;
4 2 11 0.077;
4 2 12 0.077;
5 1 1 0.087;
5 1 2 0.087;
5 1 3 0.087;
5 1 4 0.087;
5 1 5 0.087;
5 1 6 0.087;
5 1 7 0.087;
5 1 8 0.087;
5 1 9 0.087;
5 1 10 0.087;
5 1 11 0.087;
5 1 12 0.087;
5 2 1 0.093;
5 2 2 0.093;
5 2 3 0.093;
5 2 4 0.093;
5 2 5 0.093;
5 2 6 0.093;
5 2 7 0.093;
5 2 8 0.093;
5 2 9 0.093;
5 2 10 0.093;
5 2 11 0.093;
5 2 12 0.093;
6 1 1 0.073;
6 1 2 0.073;
6 1 3 0.073;
6 1 4 0.073;
6 1 5 0.073;
6 1 6 0.073;
6 1 7 0.073;
6 1 8 0.073;
6 1 9 0.073;
6 1 10 0.073;
6 1 11 0.073;
6 1 12 0.073;
6 2 1 0.074;
6 2 2 0.074;
6 2 3 0.074;
6 2 4 0.074;
6 2 5 0.074;
6 2 6 0.074;
6 2 7 0.074;
6 2 8 0.074;
6 2 9 0.074;
6 2 10 0.074;
6 2 11 0.074;
6 2 12 0.074;
]

global c_w = [
1 1 1 0.638;
1 1 2 0.638;
1 1 3 0.638;
1 1 4 0.638;
1 1 5 0.638;
1 1 6 0.638;
1 1 7 0.638;
1 1 8 0.638;
1 1 9 0.638;
1 1 10 0.638;
1 1 11 0.638;
1 1 12 0.638;
1 2 1 0.187;
1 2 2 0.187;
1 2 3 0.187;
1 2 4 0.187;
1 2 5 0.187;
1 2 6 0.187;
1 2 7 0.187;
1 2 8 0.187;
1 2 9 0.187;
1 2 10 0.187;
1 2 11 0.187;
1 2 12 0.187;
2 1 1 0.562;
2 1 2 0.562;
2 1 3 0.562;
2 1 4 0.562;
2 1 5 0.562;
2 1 6 0.562;
2 1 7 0.562;
2 1 8 0.562;
2 1 9 0.562;
2 1 10 0.562;
2 1 11 0.562;
2 1 12 0.562;
2 2 1 0.5;
2 2 2 0.5;
2 2 3 0.5;
2 2 4 0.5;
2 2 5 0.5;
2 2 6 0.5;
2 2 7 0.5;
2 2 8 0.5;
2 2 9 0.5;
2 2 10 0.5;
2 2 11 0.5;
2 2 12 0.5;
3 1 1 0.444;
3 1 2 0.444;
3 1 3 0.444;
3 1 4 0.444;
3 1 5 0.444;
3 1 6 0.444;
3 1 7 0.444;
3 1 8 0.444;
3 1 9 0.444;
3 1 10 0.444;
3 1 11 0.444;
3 1 12 0.444;
3 2 1 0.574;
3 2 2 0.574;
3 2 3 0.574;
3 2 4 0.574;
3 2 5 0.574;
3 2 6 0.574;
3 2 7 0.574;
3 2 8 0.574;
3 2 9 0.574;
3 2 10 0.574;
3 2 11 0.574;
3 2 12 0.574;
4 1 1 0.514;
4 1 2 0.514;
4 1 3 0.514;
4 1 4 0.514;
4 1 5 0.514;
4 1 6 0.514;
4 1 7 0.514;
4 1 8 0.514;
4 1 9 0.514;
4 1 10 0.514;
4 1 11 0.514;
4 1 12 0.514;
4 2 1 0.404;
4 2 2 0.404;
4 2 3 0.404;
4 2 4 0.404;
4 2 5 0.404;
4 2 6 0.404;
4 2 7 0.404;
4 2 8 0.404;
4 2 9 0.404;
4 2 10 0.404;
4 2 11 0.404;
4 2 12 0.404;
5 1 1 0.336;
5 1 2 0.336;
5 1 3 0.336;
5 1 4 0.336;
5 1 5 0.336;
5 1 6 0.336;
5 1 7 0.336;
5 1 8 0.336;
5 1 9 0.336;
5 1 10 0.336;
5 1 11 0.336;
5 1 12 0.336;
5 2 1 0.514;
5 2 2 0.514;
5 2 3 0.514;
5 2 4 0.514;
5 2 5 0.514;
5 2 6 0.514;
5 2 7 0.514;
5 2 8 0.514;
5 2 9 0.514;
5 2 10 0.514;
5 2 11 0.514;
5 2 12 0.514;
6 1 1 0.589;
6 1 2 0.589;
6 1 3 0.589;
6 1 4 0.589;
6 1 5 0.589;
6 1 6 0.589;
6 1 7 0.589;
6 1 8 0.589;
6 1 9 0.589;
6 1 10 0.589;
6 1 11 0.589;
6 1 12 0.589;
6 2 1 0.189;
6 2 2 0.189;
6 2 3 0.189;
6 2 4 0.189;
6 2 5 0.189;
6 2 6 0.189;
6 2 7 0.189;
6 2 8 0.189;
6 2 9 0.189;
6 2 10 0.189;
6 2 11 0.189;
6 2 12 0.189;
]

global c_e = [
1 1 1 0.04603736089030207;
1 1 2 0.04688990461049285;
1 1 3 0.035806836248012716;
1 1 4 0.04603736089030207;
1 1 5 0.03495429252782194;
1 1 6 0.03921701112877584;
1 1 7 0.04262718600953895;
1 1 8 0.04518481717011129;
1 1 9 0.050300079491255964;
1 1 10 0.035806836248012716;
1 1 11 0.04262718600953895;
1 1 12 0.050300079491255964;
1 2 1 0.04499570747217807;
1 2 2 0.05816518282988872;
1 2 3 0.05487281399046106;
1 2 4 0.05597027027027028;
1 2 5 0.050482988871224176;
1 2 6 0.04499570747217807;
1 2 7 0.06584737678855326;
1 2 8 0.05267790143084262;
1 2 9 0.05597027027027028;
1 2 10 0.04389825119236885;
1 2 11 0.04499570747217807;
1 2 12 0.05597027027027028;
1 3 1 0.05154737678855326;
1 3 2 0.06206724960254372;
1 3 3 0.05365135135135135;
1 3 4 0.058911287758346594;
1 3 5 0.04839141494435612;
1 3 6 0.04733942766295708;
1 3 7 0.04944340222575516;
1 3 8 0.04628744038155803;
1 3 9 0.052599364069952304;
1 3 10 0.04944340222575516;
1 3 11 0.05365135135135135;
1 3 12 0.05996327503974562;
1 4 1 0.05597027027027027;
1 4 2 0.04932972972972973;
1 4 3 0.04553513513513514;
1 4 4 0.04838108108108108;
1 4 5 0.055021621621621615;
1 4 6 0.05597027027027027;
1 4 7 0.04079189189189189;
1 4 8 0.042689189189189194;
1 4 9 0.039843243243243245;
1 4 10 0.05691891891891892;
1 4 11 0.05217567567567568;
1 4 12 0.05597027027027027;
1 5 1 0.04743243243243244;
1 5 2 0.045675675675675674;
1 5 3 0.050945945945945946;
1 5 4 0.041283783783783785;
1 5 5 0.045675675675675674;
1 5 6 0.05182432432432433;
1 5 7 0.041283783783783785;
1 5 8 0.04655405405405406;
1 5 9 0.041283783783783785;
1 5 10 0.03513513513513514;
1 5 11 0.03777027027027027;
1 5 12 0.0491891891891892;
1 6 1 0.035374880763116054;
1 6 2 0.03939475357710652;
1 6 3 0.04502257551669317;
1 6 4 0.03296295707472178;
1 6 5 0.036982829888712244;
1 6 6 0.03617885532591415;
1 6 7 0.04743449920508744;
1 6 8 0.03859077901430843;
1 6 9 0.04341462639109698;
1 6 10 0.03215898251192369;
1 6 11 0.041002702702702704;
1 6 12 0.04502257551669317;
2 1 1 0.058759936406995235;
2 1 2 0.053513513513513515;
2 1 3 0.04406995230524642;
2 1 4 0.05771065182829889;
2 1 5 0.04406995230524642;
2 1 6 0.05456279809220986;
2 1 7 0.04721780604133546;
2 1 8 0.059809220985691566;
2 1 9 0.04721780604133546;
2 1 10 0.06190779014308426;
2 1 11 0.05456279809220986;
2 1 12 0.05771065182829889;
2 2 1 0.06348362480127187;
2 2 2 0.07564006359300479;
2 2 3 0.06483434022257552;
2 2 4 0.06618505564387918;
2 2 5 0.07293863275039747;
2 2 6 0.07564006359300479;
2 2 7 0.06213290937996822;
2 2 8 0.060782193958664556;
2 2 9 0.07969220985691575;
2 2 10 0.0688864864864865;
2 2 11 0.0688864864864865;
2 2 12 0.07293863275039747;
2 3 1 0.07121144674085851;
2 3 2 0.06344292527821939;
2 3 3 0.06862193958664548;
2 3 4 0.06732718600953895;
2 3 5 0.06603243243243244;
2 3 6 0.07380095389507153;
2 3 7 0.05955866454689984;
2 3 8 0.06214817170111288;
2 3 9 0.06603243243243244;
2 3 10 0.06991669316375199;
2 3 11 0.06473767885532591;
2 3 12 0.05437965023847376;
2 4 1 0.05370810810810811;
2 4 2 0.056043243243243245;
2 4 3 0.06304864864864865;
2 4 4 0.054875675675675674;
2 4 5 0.06304864864864865;
2 4 6 0.051372972972972976;
2 4 7 0.051372972972972976;
2 4 8 0.05254054054054054;
2 4 9 0.06421621621621622;
2 4 10 0.06421621621621622;
2 4 11 0.054875675675675674;
2 4 12 0.06655135135135135;
2 5 1 0.051891891891891896;
2 5 2 0.04648648648648649;
2 5 3 0.05405405405405406;
2 5 4 0.06486486486486487;
2 5 5 0.04540540540540541;
2 5 6 0.06054054054054055;
2 5 7 0.049729729729729735;
2 5 8 0.06486486486486487;
2 5 9 0.049729729729729735;
2 5 10 0.05621621621621622;
2 5 11 0.06486486486486487;
2 5 12 0.05081081081081081;
2 6 1 0.04749634340222575;
2 6 2 0.053433386327503975;
2 6 3 0.04947535771065183;
2 6 4 0.04452782193958665;
2 6 5 0.053433386327503975;
2 6 6 0.04650683624801272;
2 6 7 0.04155930047694753;
2 6 8 0.05541240063593005;
2 6 9 0.05442289348171701;
2 6 10 0.04254880763116057;
2 6 11 0.05640190779014308;
2 6 12 0.04947535771065183;
3 1 1 0.06448181637519873;
3 1 2 0.0463816573926868;
3 1 3 0.06674433624801272;
3 1 4 0.0475129173290938;
3 1 5 0.059956776629570746;
3 1 6 0.06674433624801272;
3 1 7 0.057694256756756754;
3 1 8 0.05882551669316376;
3 1 9 0.06787559618441971;
3 1 10 0.04525039745627981;
3 1 11 0.05543173688394277;
3 1 12 0.054300476947535765;
3 2 1 0.06553080286168522;
3 2 2 0.07718072337042926;
3 2 3 0.0597058426073132;
3 2 4 0.07572448330683626;
3 2 5 0.07718072337042926;
3 2 6 0.058249602543720205;
3 2 7 0.06261832273449922;
3 2 8 0.058249602543720205;
3 2 9 0.07718072337042926;
3 2 10 0.07863696343402228;
3 2 11 0.0859181637519873;
3 2 12 0.06407456279809222;
3 3 1 0.07537893481717012;
3 3 2 0.07398302861685215;
3 3 3 0.0558362480127186;
3 3 4 0.06002396661367249;
3 3 5 0.06700349761526232;
3 3 6 0.0558362480127186;
3 3 7 0.06281577901430843;
3 3 8 0.07258712241653419;
3 3 9 0.0837543720190779;
3 3 10 0.06281577901430843;
3 3 11 0.0683994038155803;
3 3 12 0.058628060413354534;
3 4 1 0.05916283783783784;
3 4 2 0.05916283783783784;
3 4 3 0.0541277027027027;
3 4 4 0.07552702702702703;
3 4 5 0.05538648648648649;
3 4 6 0.051610135135135134;
3 4 7 0.06168040540540541;
3 4 8 0.05286891891891892;
3 4 9 0.05286891891891892;
3 4 10 0.05035135135135135;
3 4 11 0.0704918918918919;
3 4 12 0.06545675675675676;
3 5 1 0.050118243243243245;
3 5 2 0.046621621621621624;
3 5 3 0.05711148648648649;
3 5 4 0.06527027027027027;
3 5 5 0.05244932432432433;
3 5 6 0.06527027027027027;
3 5 7 0.060608108108108114;
3 5 8 0.06876689189189189;
3 5 9 0.06993243243243244;
3 5 10 0.04895270270270271;
3 5 11 0.06527027027027027;
3 5 12 0.050118243243243245;
3 6 1 0.05120699523052464;
3 6 2 0.049073370429252784;
3 6 3 0.042672496025437205;
3 6 4 0.05120699523052464;
3 6 5 0.04800655802861685;
3 6 6 0.05120699523052464;
3 6 7 0.0533406200317965;
3 6 8 0.05120699523052464;
3 6 9 0.04693974562798092;
3 6 10 0.042672496025437205;
3 6 11 0.06080830683624801;
3 6 12 0.043739308426073126;
4 1 1 0.04889010333863275;
4 1 2 0.05121820349761526;
4 1 3 0.050054153418124005;
4 1 4 0.05587440381558028;
4 1 5 0.06751490461049285;
4 1 6 0.04772605325914149;
4 1 7 0.058202503974562794;
4 1 8 0.06635085453100159;
4 1 9 0.06518680445151034;
4 1 10 0.06169465421303657;
4 1 11 0.059366554054054055;
4 1 12 0.06984300476947536;
4 2 1 0.06743024642289348;
4 2 2 0.0779193958664547;
4 2 3 0.08091629570747219;
4 2 4 0.0839131955484897;
4 2 5 0.07342404610492846;
4 2 6 0.06892869634340225;
4 2 7 0.06143644674085851;
4 2 8 0.07941784578696345;
4 2 9 0.08691009538950717;
4 2 10 0.07192559618441972;
4 2 11 0.06293489666136726;
4 2 12 0.07042714626391097;
4 3 1 0.07469109697933228;
4 3 2 0.08330930047694754;
4 3 3 0.07900019872813992;
4 3 4 0.07900019872813992;
4 3 5 0.06607289348171702;
4 3 6 0.06894562798092209;
4 3 7 0.061763791732909384;
4 3 8 0.08187293322734499;
4 3 9 0.07469109697933228;
4 3 10 0.061763791732909384;
4 3 11 0.07038199523052464;
4 3 12 0.061763791732909384;
4 4 1 0.06864932432432433;
4 4 2 0.05699189189189189;
4 4 3 0.05440135135135135;
4 4 4 0.07771621621621622;
4 4 5 0.06864932432432433;
4 4 6 0.06217297297297297;
4 4 7 0.055696621621621624;
4 4 8 0.0738304054054054;
4 4 9 0.07253513513513514;
4 4 10 0.06476351351351352;
4 4 11 0.07512567567567567;
4 4 12 0.05440135135135135;
4 5 1 0.06596283783783785;
4 5 2 0.05277027027027027;
4 5 3 0.051570945945945953;
4 5 4 0.06116554054054055;
4 5 5 0.058766891891891895;
4 5 6 0.07195945945945946;
4 5 7 0.0491722972972973;
4 5 8 0.05756756756756757;
4 5 9 0.0539695945945946;
4 5 10 0.05756756756756757;
4 5 11 0.06836148648648649;
4 5 12 0.04797297297297298;
4 6 1 0.04720258346581876;
4 6 2 0.05817992845786964;
4 6 3 0.053788990461049284;
4 6 4 0.0439093799682035;
4 6 5 0.06037539745627982;
4 6 6 0.053788990461049284;
4 6 7 0.04610484896661367;
4 6 8 0.0614731319554849;
4 6 9 0.04939805246422893;
4 6 10 0.05927766295707473;
4 6 11 0.05598445945945946;
4 6 12 0.05817992845786964;
5 1 1 0.07254819157392686;
5 1 2 0.06148151828298887;
5 1 3 0.06271114864864864;
5 1 4 0.050414844992050865;
5 1 5 0.06025188791732909;
5 1 6 0.05779262718600954;
5 1 7 0.06271114864864864;
5 1 8 0.05164447535771065;
5 1 9 0.07254819157392686;
5 1 10 0.06271114864864864;
5 1 11 0.05779262718600954;
5 1 12 0.0491852146263911;
5 2 1 0.0633147853736089;
5 2 2 0.0633147853736089;
5 2 3 0.0838920906200318;
5 2 4 0.0838920906200318;
5 2 5 0.0838920906200318;
5 2 6 0.07439487281399047;
5 2 7 0.06489765500794913;
5 2 8 0.07914348171701115;
5 2 9 0.09338930842607314;
5 2 10 0.07439487281399047;
5 2 11 0.06806339427662958;
5 2 12 0.07597774244833069;
5 3 1 0.07131259936406996;
5 3 2 0.06979531001589825;
5 3 3 0.06676073131955484;
5 3 4 0.08041633545310016;
5 3 5 0.07586446740858506;
5 3 6 0.06220886327503974;
5 3 7 0.07434717806041335;
5 3 8 0.07738175675675675;
5 3 9 0.07434717806041335;
5 3 10 0.08800278219395867;
5 3 11 0.08041633545310016;
5 3 12 0.08648549284578695;
5 4 1 0.0725168918918919;
5 4 2 0.07525337837837838;
5 4 3 0.06430743243243243;
5 4 4 0.07388513513513513;
5 4 5 0.060202702702702705;
5 4 6 0.07662162162162163;
5 4 7 0.0793581081081081;
5 4 8 0.05746621621621622;
5 4 9 0.060202702702702705;
5 4 10 0.07662162162162163;
5 4 11 0.06704391891891892;
5 4 12 0.07114864864864864;
5 5 1 0.05574324324324324;
5 5 2 0.05827702702702703;
5 5 3 0.05574324324324324;
5 5 4 0.06841216216216217;
5 5 5 0.06967905405405406;
5 5 6 0.0633445945945946;
5 5 7 0.06841216216216217;
5 5 8 0.07601351351351351;
5 5 9 0.06841216216216217;
5 5 10 0.05574324324324324;
5 5 11 0.07221283783783783;
5 5 12 0.06587837837837839;
5 6 1 0.04986188394276629;
5 6 2 0.06609598569157392;
5 6 3 0.06841514308426073;
5 6 4 0.06609598569157392;
5 6 5 0.04870230524642289;
5 6 6 0.0510214626391097;
5 6 7 0.05797893481717011;
5 6 8 0.04754272655007948;
5 6 9 0.06493640699523054;
5 6 10 0.06725556438791733;
5 6 11 0.0556597774244833;
5 6 12 0.056819356120826704;
6 1 1 0.0598748012718601;
6 1 2 0.061235592209856915;
6 1 3 0.0802866653418124;
6 1 4 0.0598748012718601;
6 1 5 0.06395717408585055;
6 1 6 0.07892587440381557;
6 1 7 0.07076112877583467;
6 1 8 0.07620429252782195;
6 1 9 0.054431637519872816;
6 1 10 0.057153219395866456;
6 1 11 0.07348271065182829;
6 1 12 0.07484350158982513;
6 2 1 0.0788269077901431;
6 2 2 0.09108887122416537;
6 2 3 0.0700683624801272;
6 2 4 0.10510254372019079;
6 2 5 0.09284058028616854;
6 2 6 0.09809570747217808;
6 2 7 0.08933716216216217;
6 2 8 0.09284058028616854;
6 2 9 0.09984741653418125;
6 2 10 0.0788269077901431;
6 2 11 0.0700683624801272;
6 2 12 0.09284058028616854;
6 3 1 0.07556100953895072;
6 3 2 0.07724014308426073;
6 3 3 0.09235234499205089;
6 3 4 0.08227754372019078;
6 3 5 0.07891927662957074;
6 3 6 0.09906887917329094;
6 3 7 0.0973897456279809;
6 3 8 0.07388187599364071;
6 3 9 0.0839566772655008;
6 3 10 0.07220274244833068;
6 3 11 0.06884447535771065;
6 3 12 0.06716534181240064;
6 4 1 0.08176621621621621;
6 4 2 0.0696527027027027;
6 4 3 0.08176621621621621;
6 4 4 0.06662432432432433;
6 4 5 0.07419527027027027;
6 4 6 0.08328040540540542;
6 4 7 0.06056756756756757;
6 4 8 0.08328040540540542;
6 4 9 0.08782297297297297;
6 4 10 0.06056756756756757;
6 4 11 0.08782297297297297;
6 4 12 0.07268108108108108;
6 5 1 0.07991554054054054;
6 5 2 0.0616891891891892;
6 5 3 0.07570945945945946;
6 5 4 0.07150337837837838;
6 5 5 0.05888513513513514;
6 5 6 0.06869932432432434;
6 5 7 0.07150337837837838;
6 5 8 0.06309121621621622;
6 5 9 0.05748310810810811;
6 5 10 0.06449324324324325;
6 5 11 0.0771114864864865;
6 5 12 0.07150337837837838;
6 6 1 0.07442949125596184;
6 6 2 0.052613950715421305;
6 6 3 0.06801315580286169;
6 6 4 0.07442949125596184;
6 6 5 0.055180484896661365;
6 6 6 0.06031355325914149;
6 6 7 0.05774701907790143;
6 6 8 0.06544662162162161;
6 6 9 0.06288008744038155;
6 6 10 0.0564637519872814;
6 6 11 0.06288008744038155;
6 6 12 0.06672988871224166;
7 1 1 0.0708922893481717;
7 1 2 0.07692567567567568;
7 1 3 0.0905007949125596;
7 1 4 0.06636724960254371;
7 1 5 0.06636724960254371;
7 1 6 0.06938394276629571;
7 1 7 0.07692567567567568;
7 1 8 0.07692567567567568;
7 1 9 0.08899244833068362;
7 1 10 0.0708922893481717;
7 1 11 0.061842209856915735;
7 1 12 0.08748410174880764;
7 2 1 0.09514101748807632;
7 2 2 0.0912577106518283;
7 2 3 0.08543275039745629;
7 2 4 0.10290763116057236;
7 2 5 0.10679093799682036;
7 2 6 0.11067424483306837;
7 2 7 0.10484928457869637;
7 2 8 0.09902432432432434;
7 2 9 0.09514101748807632;
7 2 10 0.11067424483306837;
7 2 11 0.10873259141494437;
7 2 12 0.08154944356120827;
7 3 1 0.07630953895071542;
7 3 2 0.08933799682034975;
7 3 3 0.08747678855325913;
7 3 4 0.11167249602543719;
7 3 5 0.08561558028616852;
7 3 6 0.09492162162162163;
7 3 7 0.08561558028616852;
7 3 8 0.093060413354531;
7 3 9 0.09119920508744038;
7 3 10 0.093060413354531;
7 3 11 0.08003195548489667;
7 3 12 0.11167249602543719;
7 4 1 0.07552702702702703;
7 4 2 0.08727567567567568;
7 4 3 0.08391891891891892;
7 4 4 0.08391891891891892;
7 4 5 0.07384864864864864;
7 4 6 0.09566756756756756;
7 4 7 0.08224054054054054;
7 4 8 0.09734594594594595;
7 4 9 0.0704918918918919;
7 4 10 0.08056216216216215;
7 4 11 0.0704918918918919;
7 4 12 0.06881351351351352;
7 5 1 0.06682432432432434;
7 5 2 0.08858108108108108;
7 5 3 0.07614864864864865;
7 5 4 0.08547297297297297;
7 5 5 0.06216216216216217;
7 5 6 0.08391891891891894;
7 5 7 0.06682432432432434;
7 5 8 0.09324324324324323;
7 5 9 0.08858108108108108;
7 5 10 0.08702702702702704;
7 5 11 0.06216216216216217;
7 5 12 0.07614864864864865;
7 6 1 0.06685357710651828;
7 6 2 0.08392257551669315;
7 6 3 0.06543116057233704;
7 6 4 0.07681049284578698;
7 6 5 0.05831907790143084;
7 6 6 0.05831907790143084;
7 6 7 0.06258632750397455;
7 6 8 0.08392257551669315;
7 6 9 0.07538807631160573;
7 6 10 0.07396565977742449;
7 6 11 0.07538807631160573;
7 6 12 0.08107774244833067;
8 1 1 0.09541931637519872;
8 1 2 0.0874677066772655;
8 1 3 0.06679352146263912;
8 1 4 0.0731548092209857;
8 1 5 0.07156448728139904;
8 1 6 0.07792577503974563;
8 1 7 0.06838384340222575;
8 1 8 0.06838384340222575;
8 1 9 0.09382899443561207;
8 1 10 0.07474513116057233;
8 1 11 0.06520319952305245;
8 1 12 0.09223867249602544;
8 2 1 0.10645325914149446;
8 2 2 0.1044060810810811;
8 2 3 0.09212301271860096;
8 2 4 0.09212301271860096;
8 2 5 0.09417019077901433;
8 2 6 0.0818871224165342;
8 2 7 0.10850043720190782;
8 2 8 0.08802865659777426;
8 2 9 0.09212301271860096;
8 2 10 0.11668914944356121;
8 2 11 0.11054761526232117;
8 2 12 0.11464197138314788;
8 3 1 0.117741653418124;
8 3 2 0.1000804054054054;
8 3 3 0.10400512718600954;
8 3 4 0.09811804451510334;
8 3 5 0.08438151828298887;
8 3 6 0.10596748807631161;
8 3 7 0.09223096184419713;
8 3 8 0.09223096184419713;
8 3 9 0.08045679650238473;
8 3 10 0.10792984896661367;
8 3 11 0.0824191573926868;
8 3 12 0.088306240063593;
8 4 1 0.10086689189189188;
8 4 2 0.10263648648648649;
8 4 3 0.07786216216216216;
8 4 4 0.07078378378378379;
8 4 5 0.08671013513513513;
8 4 6 0.09555810810810811;
8 4 7 0.09555810810810811;
8 4 8 0.07078378378378379;
8 4 9 0.09024932432432432;
8 4 10 0.08494054054054054;
8 4 11 0.09201891891891893;
8 4 12 0.08671013513513513;
8 5 1 0.0966722972972973;
8 5 2 0.07701013513513513;
8 5 3 0.0720945945945946;
8 5 4 0.0966722972972973;
8 5 5 0.07373310810810811;
8 5 6 0.06554054054054055;
8 5 7 0.09503378378378378;
8 5 8 0.08028716216216217;
8 5 9 0.06717905405405405;
8 5 10 0.08520270270270272;
8 5 11 0.09339527027027027;
8 5 12 0.07045608108108109;
8 6 1 0.06598775834658187;
8 6 2 0.0809849761526232;
8 6 3 0.08398441971383148;
8 6 4 0.08698386327503974;
8 6 5 0.067487480127186;
8 6 6 0.08398441971383148;
8 6 7 0.061488593004769464;
8 6 8 0.0629883147853736;
8 6 9 0.07348636724960254;
8 6 10 0.08698386327503974;
8 6 11 0.07348636724960254;
8 6 12 0.067487480127186;
9 1 1 0.09089427662957075;
9 1 2 0.07628626788553258;
9 1 3 0.08602494038155804;
9 1 4 0.07790937996820349;
9 1 5 0.06492448330683626;
9 1 6 0.07304004372019078;
9 1 7 0.07141693163751987;
9 1 8 0.07628626788553258;
9 1 9 0.07466315580286169;
9 1 10 0.09251738871224165;
9 1 11 0.09089427662957075;
9 1 12 0.07304004372019078;
9 2 1 0.08775429252782195;
9 2 2 0.08566490461049285;
9 2 3 0.09193306836248015;
9 2 4 0.08984368044515105;
9 2 5 0.09193306836248015;
9 2 6 0.110737559618442;
9 2 7 0.12118449920508745;
9 2 8 0.11909511128775835;
9 2 9 0.11491633545310018;
9 2 10 0.08566490461049285;
9 2 11 0.09611184419713832;
9 2 12 0.1086481717011129;
9 3 1 0.10414674085850557;
9 3 2 0.10414674085850557;
9 3 3 0.10815238473767885;
9 3 4 0.09413263116057233;
9 3 5 0.08211569952305246;
9 3 6 0.0881241653418124;
9 3 7 0.10214391891891893;
9 3 8 0.0921298092209857;
9 3 9 0.11816649443561207;
9 3 10 0.09813827503974562;
9 3 11 0.10214391891891893;
9 3 12 0.0921298092209857;
9 4 1 0.07404932432432432;
9 4 2 0.0758554054054054;
9 4 3 0.07224324324324324;
9 4 4 0.10655878378378378;
9 4 5 0.0848858108108108;
9 4 6 0.08669189189189189;
9 4 7 0.10475270270270269;
9 4 8 0.1029466216216216;
9 4 9 0.07404932432432432;
9 4 10 0.09391621621621622;
9 4 11 0.08307972972972973;
9 4 12 0.0758554054054054;
9 5 1 0.09866554054054054;
9 5 2 0.07358108108108109;
9 5 3 0.0668918918918919;
9 5 4 0.09030405405405406;
9 5 5 0.09532094594594594;
9 5 6 0.07692567567567568;
9 5 7 0.09532094594594594;
9 5 8 0.07190878378378379;
9 5 9 0.10033783783783784;
9 5 10 0.08863175675675677;
9 5 11 0.08194256756756757;
9 5 12 0.0668918918918919;
9 6 1 0.08571605723370429;
9 6 2 0.08571605723370429;
9 6 3 0.08724670111287756;
9 6 4 0.09030798887122415;
9 6 5 0.07347090620031796;
9 6 6 0.09030798887122415;
9 6 7 0.084185413354531;
9 6 8 0.09030798887122415;
9 6 9 0.07347090620031796;
9 6 10 0.08265476947535771;
9 6 11 0.06428704292527822;
9 6 12 0.08724670111287756;
10 1 1 0.08361486486486486;
10 1 2 0.0803358505564388;
10 1 3 0.07541732909379968;
10 1 4 0.06558028616852146;
10 1 5 0.0983704292527822;
10 1 6 0.09345190779014308;
10 1 7 0.07705683624801271;
10 1 8 0.07377782193958665;
10 1 9 0.07049880763116056;
10 1 10 0.08361486486486486;
10 1 11 0.08689387917329094;
10 1 12 0.0803358505564388;
10 2 1 0.08864069952305248;
10 2 2 0.11396661367249604;
10 2 3 0.10552464228934819;
10 2 4 0.11607710651828303;
10 2 5 0.11185612082670908;
10 2 6 0.08864069952305248;
10 2 7 0.09075119236883944;
10 2 8 0.11396661367249604;
10 2 9 0.09708267090620033;
10 2 10 0.09708267090620033;
10 2 11 0.10130365659777427;
10 2 12 0.12451907790143087;
10 3 1 0.08901430842607314;
10 3 2 0.1173370429252782;
10 3 3 0.10519872813990461;
10 3 4 0.08496820349761526;
10 3 5 0.10924483306836248;
10 3 6 0.10519872813990461;
10 3 7 0.11531399046104927;
10 3 8 0.1173370429252782;
10 3 9 0.093060413354531;
10 3 10 0.0991295707472178;
10 3 11 0.08294515103338633;
10 3 12 0.09508346581875994;
10 4 1 0.07297297297297298;
10 4 2 0.0747972972972973;
10 4 3 0.09486486486486487;
10 4 4 0.10033783783783785;
10 4 5 0.10033783783783785;
10 4 6 0.1058108108108108;
10 4 7 0.08209459459459459;
10 4 8 0.10398648648648648;
10 4 9 0.1058108108108108;
10 4 10 0.08574324324324324;
10 4 11 0.08574324324324324;
10 4 12 0.0893918918918919;
10 5 1 0.06925675675675676;
10 5 2 0.06925675675675676;
10 5 3 0.09290540540540543;
10 5 4 0.08108108108108109;
10 5 5 0.07432432432432433;
10 5 6 0.09628378378378377;
10 5 7 0.08277027027027027;
10 5 8 0.08952702702702703;
10 5 9 0.08783783783783784;
10 5 10 0.09121621621621623;
10 5 11 0.08783783783783784;
10 5 12 0.0793918918918919;
10 6 1 0.08039745627980922;
10 6 2 0.07421303656597775;
10 6 3 0.0664825119236884;
10 6 4 0.08658187599364071;
10 6 5 0.07730524642289348;
10 6 6 0.08039745627980922;
10 6 7 0.06184419713831478;
10 6 8 0.08503577106518284;
10 6 9 0.07266693163751987;
10 6 10 0.07885135135135135;
10 6 11 0.0757591414944356;
10 6 12 0.07730524642289348;
11 1 1 0.10033783783783783;
11 1 2 0.07190878378378378;
11 1 3 0.07692567567567568;
11 1 4 0.08027027027027027;
11 1 5 0.09364864864864865;
11 1 6 0.07859797297297297;
11 1 7 0.08863175675675676;
11 1 8 0.09197635135135135;
11 1 9 0.09699324324324324;
11 1 10 0.07190878378378378;
11 1 11 0.09699324324324324;
11 1 12 0.09197635135135135;
11 2 1 0.10332972972972974;
11 2 2 0.10117702702702704;
11 2 3 0.10548243243243244;
11 2 4 0.11839864864864867;
11 2 5 0.09902432432432434;
11 2 6 0.12055135135135138;
11 2 7 0.11839864864864867;
11 2 8 0.11624594594594598;
11 2 9 0.11839864864864867;
11 2 10 0.09687162162162163;
11 2 11 0.09256621621621623;
11 2 12 0.09687162162162163;
11 3 1 0.08254054054054055;
11 3 2 0.09492162162162163;
11 3 3 0.11968378378378378;
11 3 4 0.08460405405405405;
11 3 5 0.0907945945945946;
11 3 6 0.10317567567567568;
11 3 7 0.11349324324324325;
11 3 8 0.09698513513513513;
11 3 9 0.08460405405405405;
11 3 10 0.1073027027027027;
11 3 11 0.1073027027027027;
11 3 12 0.11555675675675676;
11 4 1 0.07815405405405405;
11 4 2 0.09304054054054055;
11 4 3 0.07815405405405405;
11 4 4 0.08187567567567568;
11 4 5 0.10792702702702703;
11 4 6 0.0874581081081081;
11 4 7 0.08187567567567568;
11 4 8 0.09117972972972972;
11 4 9 0.0874581081081081;
11 4 10 0.11164864864864864;
11 4 11 0.11164864864864864;
11 4 12 0.08931891891891892;
11 5 1 0.08097972972972974;
11 5 2 0.07753378378378378;
11 5 3 0.06891891891891894;
11 5 4 0.09304054054054056;
11 5 5 0.08787162162162163;
11 5 6 0.0827027027027027;
11 5 7 0.0964864864864865;
11 5 8 0.09304054054054056;
11 5 9 0.08097972972972974;
11 5 10 0.0964864864864865;
11 5 11 0.09131756756756758;
11 5 12 0.09131756756756758;
11 6 1 0.08989054054054053;
11 6 2 0.07885135135135135;
11 6 3 0.08200540540540541;
11 6 4 0.08200540540540541;
11 6 5 0.06308108108108108;
11 6 6 0.08673648648648649;
11 6 7 0.06781216216216215;
11 6 8 0.08358243243243244;
11 6 9 0.07727432432432432;
11 6 10 0.08831351351351352;
11 6 11 0.07254324324324324;
11 6 12 0.08042837837837838;
12 1 1 0.09640302066772656;
12 1 2 0.08435264308426073;
12 1 3 0.0757452305246423;
12 1 4 0.09468153815580287;
12 1 5 0.09468153815580287;
12 1 6 0.09123857313195549;
12 1 7 0.0895170906200318;
12 1 8 0.07230226550079491;
12 1 9 0.1032889507154213;
12 1 10 0.07058078298887122;
12 1 11 0.0740237480127186;
12 1 12 0.07746671303656598;
12 2 1 0.09750476947535773;
12 2 2 0.10858485691573927;
12 2 3 0.12188096184419717;
12 2 4 0.10415282193958665;
12 2 5 0.1285290143084261;
12 2 6 0.10858485691573927;
12 2 7 0.13296104928457872;
12 2 8 0.1108008744038156;
12 2 9 0.12631299682034977;
12 2 10 0.08864069952305248;
12 2 11 0.13296104928457872;
12 2 12 0.1285290143084261;
12 3 1 0.09558922893481717;
12 3 2 0.09558922893481717;
12 3 3 0.12107968998410173;
12 3 4 0.10196184419713832;
12 3 5 0.09983763910969792;
12 3 6 0.08709240858505564;
12 3 7 0.09983763910969792;
12 3 8 0.10196184419713832;
12 3 9 0.11470707472178061;
12 3 10 0.1040860492845787;
12 3 11 0.09346502384737679;
12 3 12 0.11258286963434024;
12 4 1 0.10343918918918919;
12 4 2 0.09577702702702703;
12 4 3 0.08619932432432433;
12 4 4 0.09577702702702703;
12 4 5 0.10152364864864866;
12 4 6 0.09386148648648648;
12 4 7 0.09769256756756757;
12 4 8 0.09577702702702703;
12 4 9 0.11110135135135135;
12 4 10 0.11110135135135135;
12 4 11 0.11493243243243244;
12 4 12 0.11301689189189189;
12 5 1 0.08513513513513514;
12 5 2 0.09577702702702703;
12 5 3 0.10109797297297297;
12 5 4 0.0904560810810811;
12 5 5 0.10287162162162163;
12 5 6 0.10464527027027026;
12 5 7 0.09932432432432434;
12 5 8 0.08690878378378378;
12 5 9 0.0940033783783784;
12 5 10 0.08868243243243244;
12 5 11 0.0762668918918919;
12 5 12 0.10287162162162163;
12 6 1 0.07630027821939586;
12 6 2 0.09740461049284578;
12 6 3 0.08928755961844198;
12 6 4 0.07954709856915738;
12 6 5 0.08279391891891892;
12 6 6 0.08117050874403815;
12 6 7 0.09091096979332274;
12 6 8 0.06493640699523053;
12 6 9 0.09415779014308426;
12 6 10 0.07792368839427663;
12 6 11 0.09578120031796501;
12 6 12 0.08117050874403815;
13 1 1 0.07528616852146262;
13 1 2 0.11017488076311606;
13 1 3 0.09915739268680446;
13 1 4 0.11017488076311606;
13 1 5 0.07712241653418124;
13 1 6 0.09915739268680446;
13 1 7 0.10466613672496025;
13 1 8 0.08997615262321144;
13 1 9 0.08446740858505565;
13 1 10 0.10650238473767884;
13 1 11 0.08813990461049284;
13 1 12 0.10466613672496025;
13 2 1 0.130006359300477;
13 2 2 0.12055135135135138;
13 2 3 0.11582384737678857;
13 2 4 0.12764260731319557;
13 2 5 0.11582384737678857;
13 2 6 0.09691383147853737;
13 2 7 0.11109634340222577;
13 2 8 0.09455007949125599;
13 2 9 0.12291510333863277;
13 2 10 0.14182511923688396;
13 2 11 0.13473386327503975;
13 2 12 0.10873259141494437;
13 3 1 0.10649348171701113;
13 3 2 0.11102511923688393;
13 3 3 0.10875930047694753;
13 3 4 0.09969602543720191;
13 3 5 0.12008839427662957;
13 3 6 0.1246200317965024;
13 3 7 0.10196184419713832;
13 3 8 0.0974302066772655;
13 3 9 0.13368330683624802;
13 3 10 0.09969602543720191;
13 3 11 0.10422766295707472;
13 3 12 0.13594912559618444;
13 4 1 0.08377297297297297;
13 4 2 0.09807567567567567;
13 4 3 0.09603243243243244;
13 4 4 0.10624864864864865;
13 4 5 0.09194594594594595;
13 4 6 0.10011891891891891;
13 4 7 0.10011891891891891;
13 4 8 0.1123783783783784;
13 4 9 0.09603243243243244;
13 4 10 0.08785945945945946;
13 4 11 0.1123783783783784;
13 4 12 0.1123783783783784;
13 5 1 0.0927027027027027;
13 5 2 0.11162162162162162;
13 5 3 0.11351351351351352;
13 5 4 0.09837837837837839;
13 5 5 0.09081081081081081;
13 5 6 0.0945945945945946;
13 5 7 0.11162162162162162;
13 5 8 0.09081081081081081;
13 5 9 0.09837837837837839;
13 5 10 0.10405405405405407;
13 5 11 0.10027027027027027;
13 5 12 0.08324324324324325;
13 6 1 0.08831351351351352;
13 6 2 0.09697170111287759;
13 6 3 0.09177678855325913;
13 6 4 0.08138696343402226;
13 6 5 0.1004349761526232;
13 6 6 0.10389825119236884;
13 6 7 0.08311860095389506;
13 6 8 0.09177678855325913;
13 6 9 0.07792368839427663;
13 6 10 0.10216661367249602;
13 6 11 0.09004515103338633;
13 6 12 0.07619205087440381;
14 1 1 0.10253477742448332;
14 1 2 0.07738473767885533;
14 1 3 0.10060015898251193;
14 1 4 0.09866554054054054;
14 1 5 0.08705782988871225;
14 1 6 0.10640401430842608;
14 1 7 0.08125397456279808;
14 1 8 0.11220786963434022;
14 1 9 0.10640401430842608;
14 1 10 0.08125397456279808;
14 1 11 0.09673092209856915;
14 1 12 0.10253477742448332;
14 2 1 0.12451907790143087;
14 2 2 0.12451907790143087;
14 2 3 0.09961526232114469;
14 2 4 0.11455755166931639;
14 2 5 0.11953831478537363;
14 2 6 0.11953831478537363;
14 2 7 0.12451907790143087;
14 2 8 0.117047933227345;
14 2 9 0.11206717011128778;
14 2 10 0.11953831478537363;
14 2 11 0.12451907790143087;
14 2 12 0.117047933227345;
14 3 1 0.1217472972972973;
14 3 2 0.13368330683624804;
14 3 3 0.11697289348171701;
14 3 4 0.11219848966613671;
14 3 5 0.14323211446740858;
14 3 6 0.13368330683624804;
14 3 7 0.10981128775834659;
14 3 8 0.14323211446740858;
14 3 9 0.11458569157392687;
14 3 10 0.10981128775834659;
14 3 11 0.1050368839427663;
14 3 12 0.1312961049284579;
14 4 1 0.11409324324324326;
14 4 2 0.11839864864864866;
14 4 3 0.08610810810810811;
14 4 4 0.11839864864864866;
14 4 5 0.11839864864864866;
14 4 6 0.10978783783783784;
14 4 7 0.10332972972972973;
14 4 8 0.09256621621621622;
14 4 9 0.10332972972972973;
14 4 10 0.12485675675675675;
14 4 11 0.11624594594594596;
14 4 12 0.11409324324324326;
14 5 1 0.1195945945945946;
14 5 2 0.09966216216216217;
14 5 3 0.09766891891891892;
14 5 4 0.11162162162162165;
14 5 5 0.10165540540540541;
14 5 6 0.08570945945945947;
14 5 7 0.09966216216216217;
14 5 8 0.11760135135135134;
14 5 9 0.07972972972972973;
14 5 10 0.08371621621621621;
14 5 11 0.08570945945945947;
14 5 12 0.08570945945945947;
14 6 1 0.09304459459459459;
14 6 2 0.10034220985691575;
14 6 3 0.07480055643879173;
14 6 4 0.09304459459459459;
14 6 5 0.09304459459459459;
14 6 6 0.10581542130365659;
14 6 7 0.09304459459459459;
14 6 8 0.10216661367249603;
14 6 9 0.09304459459459459;
14 6 10 0.09669340222575518;
14 6 11 0.0912201907790143;
14 6 12 0.08757138314785373;
15 1 1 0.10230524642289349;
15 1 2 0.07869634340222575;
15 1 3 0.0983704292527822;
15 1 4 0.10427265500794913;
15 1 5 0.10427265500794913;
15 1 6 0.0983704292527822;
15 1 7 0.1062400635930048;
15 1 8 0.10427265500794913;
15 1 9 0.10230524642289349;
15 1 10 0.11214228934817169;
15 1 11 0.10230524642289349;
15 1 12 0.08853338632750397;
15 2 1 0.13422734499205088;
15 2 2 0.11903179650238475;
15 2 3 0.13169475357710655;
15 2 4 0.11396661367249604;
15 2 5 0.1392925278219396;
15 2 6 0.13169475357710655;
15 2 7 0.10383624801271861;
15 2 8 0.11396661367249604;
15 2 9 0.11143402225755168;
15 2 10 0.13675993640699527;
15 2 11 0.15195548489666139;
15 2 12 0.11143402225755168;
15 3 1 0.11652782193958663;
15 3 2 0.09710651828298887;
15 3 3 0.1456597774244833;
15 3 4 0.10196184419713832;
15 3 5 0.131093799682035;
15 3 6 0.131093799682035;
15 3 7 0.13594912559618444;
15 3 8 0.13594912559618444;
15 3 9 0.12623847376788555;
15 3 10 0.12138314785373609;
15 3 11 0.09953418124006358;
15 3 12 0.12138314785373609;
15 4 1 0.09194594594594595;
15 4 2 0.09851351351351352;
15 4 3 0.11383783783783785;
15 4 4 0.11602702702702702;
15 4 5 0.12478378378378377;
15 4 6 0.08975675675675675;
15 4 7 0.09413513513513513;
15 4 8 0.11164864864864865;
15 4 9 0.1225945945945946;
15 4 10 0.09851351351351352;
15 4 11 0.11383783783783785;
15 4 12 0.09194594594594595;
15 5 1 0.09527027027027027;
15 5 2 0.11148648648648649;
15 5 3 0.09324324324324325;
15 5 4 0.1195945945945946;
15 5 5 0.08716216216216217;
15 5 6 0.08108108108108109;
15 5 7 0.09324324324324325;
15 5 8 0.11148648648648649;
15 5 9 0.12162162162162163;
15 5 10 0.10743243243243245;
15 5 11 0.10945945945945948;
15 5 12 0.10337837837837839;
15 6 1 0.10575357710651827;
15 6 2 0.07977901430842607;
15 6 3 0.10946422893481716;
15 6 4 0.10760890302066771;
15 6 5 0.09462162162162162;
15 6 6 0.08348966613672495;
15 6 7 0.08905564387917328;
15 6 8 0.10946422893481716;
15 6 9 0.09462162162162162;
15 6 10 0.09647694753577107;
15 6 11 0.07421303656597775;
15 6 12 0.10018759936406997;
16 1 1 0.0935174880763116;
16 1 2 0.0935174880763116;
16 1 3 0.1118143879173291;
16 1 4 0.0874185214626391;
16 1 5 0.10978139904610494;
16 1 6 0.12197933227344991;
16 1 7 0.1118143879173291;
16 1 8 0.0996164546899841;
16 1 9 0.08945151033386328;
16 1 10 0.09148449920508744;
16 1 11 0.11791335453100159;
16 1 12 0.0874185214626391;
16 2 1 0.1465526232114468;
16 2 2 0.15702066772655007;
16 2 3 0.14916963434022257;
16 2 4 0.11776550079491259;
16 2 5 0.11776550079491259;
16 2 6 0.13870158982511926;
16 2 7 0.12299952305246424;
16 2 8 0.13085055643879176;
16 2 9 0.15440365659777425;
16 2 10 0.14393561208267094;
16 2 11 0.12561653418124008;
16 2 12 0.11776550079491259;
16 3 1 0.13797217806041337;
16 3 2 0.11037774244833069;
16 3 3 0.11790349761526231;
16 3 4 0.1078691573926868;
16 3 5 0.1429893481717011;
16 3 6 0.10034340222575518;
16 3 7 0.13797217806041337;
16 3 8 0.11288632750397457;
16 3 9 0.14048076311605726;
16 3 10 0.145497933227345;
16 3 11 0.15051510333863274;
16 3 12 0.1429893481717011;
16 4 1 0.13346756756756756;
16 4 2 0.11084594594594595;
16 4 3 0.09727297297297298;
16 4 4 0.11989459459459459;
16 4 5 0.11537027027027028;
16 4 6 0.13572972972972971;
16 4 7 0.1312054054054054;
16 4 8 0.1017972972972973;
16 4 9 0.11537027027027028;
16 4 10 0.1312054054054054;
16 4 11 0.11989459459459459;
16 4 12 0.09501081081081081;
16 5 1 0.10891891891891893;
16 5 2 0.11520270270270272;
16 5 3 0.10891891891891893;
16 5 4 0.08378378378378379;
16 5 5 0.10682432432432433;
16 5 6 0.11310810810810813;
16 5 7 0.09006756756756758;
16 5 8 0.09844594594594594;
16 5 9 0.09844594594594594;
16 5 10 0.11101351351351352;
16 5 11 0.09216216216216216;
16 5 12 0.10472972972972974;
16 6 1 0.08818982511923688;
16 6 2 0.08052114467408585;
16 6 3 0.10736152623211448;
16 6 4 0.1092786963434022;
16 6 5 0.08052114467408585;
16 6 6 0.1016100158982512;
16 6 7 0.09010699523052464;
16 6 8 0.09585850556438791;
16 6 9 0.09777567567567567;
16 6 10 0.10544435612082671;
16 6 11 0.09394133545310016;
16 6 12 0.08435548489666136;
17 1 1 0.09161565977742449;
17 1 2 0.1103552265500795;
17 1 3 0.09786218203497615;
17 1 4 0.08953348569157392;
17 1 5 0.12076609697933227;
17 1 6 0.11868392289348172;
17 1 7 0.09161565977742449;
17 1 8 0.10202653020667726;
17 1 9 0.08328696343402227;
17 1 10 0.12076609697933227;
17 1 11 0.08745131160572336;
17 1 12 0.11660174880763116;
17 2 1 0.14741792527821942;
17 2 2 0.1393769475357711;
17 2 3 0.15545890302066775;
17 2 4 0.13669662162162163;
17 2 5 0.15545890302066775;
17 2 6 0.14205727344992053;
17 2 7 0.13669662162162163;
17 2 8 0.1527785771065183;
17 2 9 0.13669662162162163;
17 2 10 0.15009825119236886;
17 2 11 0.1286556438791733;
17 2 12 0.11525401430842609;
17 3 1 0.12846383147853735;
17 3 2 0.1310331081081081;
17 3 3 0.11304817170111288;
17 3 4 0.11047889507154213;
17 3 5 0.13874093799682036;
17 3 6 0.14387949125596186;
17 3 7 0.10790961844197137;
17 3 8 0.13617166136724962;
17 3 9 0.10790961844197137;
17 3 10 0.1464487678855326;
17 3 11 0.15158732114467408;
17 3 12 0.15415659777424484;
17 4 1 0.09499256756756756;
17 4 2 0.09499256756756756;
17 4 3 0.10426013513513513;
17 4 4 0.09730945945945946;
17 4 5 0.12742905405405408;
17 4 6 0.11584459459459459;
17 4 7 0.10657702702702702;
17 4 8 0.13437972972972972;
17 4 9 0.12511216216216217;
17 4 10 0.12279527027027028;
17 4 11 0.13206283783783784;
17 4 12 0.09499256756756756;
17 5 1 0.10940878378378378;
17 5 2 0.1158445945945946;
17 5 3 0.10511824324324325;
17 5 4 0.09868243243243244;
17 5 5 0.10297297297297298;
17 5 6 0.11798986486486489;
17 5 7 0.10511824324324325;
17 5 8 0.10297297297297298;
17 5 9 0.10511824324324325;
17 5 10 0.09010135135135135;
17 5 11 0.11155405405405407;
17 5 12 0.1158445945945946;
17 6 1 0.09228700317965023;
17 6 2 0.1099589825119237;
17 6 3 0.1079954292527822;
17 6 4 0.1079954292527822;
17 6 5 0.11192253577106517;
17 6 6 0.09621410969793322;
17 6 7 0.09425055643879172;
17 6 8 0.1040683227344992;
17 6 9 0.1099589825119237;
17 6 10 0.1099589825119237;
17 6 11 0.11584964228934816;
17 6 12 0.09032344992050874;
18 1 1 0.1221760731319555;
18 1 2 0.10633843402225755;
18 1 3 0.10407591414944356;
18 1 4 0.11765103338632751;
18 1 5 0.13348867249602545;
18 1 6 0.10633843402225755;
18 1 7 0.12443859300476949;
18 1 8 0.0950258346581876;
18 1 9 0.0950258346581876;
18 1 10 0.09050079491255962;
18 1 11 0.13575119236883942;
18 1 12 0.09050079491255962;
18 2 1 0.16601136724960255;
18 2 2 0.1456240063593005;
18 2 3 0.13106160572337044;
18 2 4 0.13979904610492846;
18 2 5 0.13688656597774246;
18 2 6 0.15727392686804456;
18 2 7 0.13397408585055648;
18 2 8 0.15727392686804456;
18 2 9 0.1456240063593005;
18 2 10 0.12814912559618444;
18 2 11 0.15144896661367252;
18 2 12 0.15436144674085853;
18 3 1 0.15913330683624802;
18 3 2 0.12283974562798092;
18 3 3 0.14517424483306837;
18 3 4 0.1116724960254372;
18 3 5 0.1395906200317965;
18 3 6 0.15354968203497615;
18 3 7 0.14517424483306837;
18 3 8 0.12563155802861686;
18 3 9 0.12842337042925278;
18 3 10 0.1116724960254372;
18 3 11 0.16192511923688394;
18 3 12 0.15634149443561207;
18 4 1 0.1409837837837838;
18 4 2 0.1460189189189189;
18 4 3 0.11077297297297298;
18 4 4 0.12839594594594594;
18 4 5 0.11077297297297298;
18 4 6 0.12587837837837837;
18 4 7 0.13091351351351352;
18 4 8 0.14853648648648649;
18 4 9 0.11329054054054054;
18 4 10 0.11832567567567567;
18 4 11 0.15105405405405406;
18 4 12 0.11329054054054054;
18 5 1 0.1258783783783784;
18 5 2 0.1328716216216216;
18 5 3 0.1258783783783784;
18 5 4 0.10722972972972974;
18 5 5 0.10722972972972974;
18 5 6 0.11888513513513513;
18 5 7 0.12121621621621623;
18 5 8 0.1235472972972973;
18 5 9 0.1258783783783784;
18 5 10 0.09790540540540542;
18 5 11 0.1328716216216216;
18 5 12 0.13753378378378378;
18 6 1 0.106681240063593;
18 6 2 0.1173493640699523;
18 6 3 0.1280174880763116;
18 6 4 0.08961224165341812;
18 6 5 0.106681240063593;
18 6 6 0.1173493640699523;
18 6 7 0.10454761526232115;
18 6 8 0.08747861685214625;
18 6 9 0.10028036565977742;
18 6 10 0.11948298887122416;
18 6 11 0.11521573926868045;
18 6 12 0.11521573926868045;
19 1 1 0.12761923688394278;
19 1 2 0.11166683227344992;
19 1 3 0.12761923688394278;
19 1 4 0.10710900238473768;
19 1 5 0.10027225755166932;
19 1 6 0.11850357710651828;
19 1 7 0.10027225755166932;
19 1 8 0.10483008744038157;
19 1 9 0.12761923688394278;
19 1 10 0.11622466216216217;
19 1 11 0.13445598171701112;
19 1 12 0.09571442766295707;
19 2 1 0.1584135930047695;
19 2 2 0.1437456677265501;
19 2 3 0.13494491255961846;
19 2 4 0.13494491255961846;
19 2 5 0.146679252782194;
19 2 6 0.16428076311605727;
19 2 7 0.15548000794912561;
19 2 8 0.15254642289348175;
19 2 9 0.15254642289348175;
19 2 10 0.1261441573926868;
19 2 11 0.1584135930047695;
19 2 12 0.12321057233704294;
19 3 1 0.11248171701112877;
19 3 2 0.1265419316375199;
19 3 3 0.1265419316375199;
19 3 4 0.1434141891891892;
19 3 5 0.15466236089030208;
19 3 6 0.1181058028616852;
19 3 7 0.14903827503974562;
19 3 8 0.16872257551669315;
19 3 9 0.14622623211446742;
19 3 10 0.14903827503974562;
19 3 11 0.13497806041335453;
19 3 12 0.16591053259141492;
19 4 1 0.12932635135135134;
19 4 2 0.1394695945945946;
19 4 3 0.1141114864864865;
19 4 4 0.1394695945945946;
19 4 5 0.14707702702702702;
19 4 6 0.12425472972972973;
19 4 7 0.1191831081081081;
19 4 8 0.11157567567567568;
19 4 9 0.10143243243243244;
19 4 10 0.12679054054054054;
19 4 11 0.14961283783783783;
19 4 12 0.10143243243243244;
19 5 1 0.11035472972972973;
19 5 2 0.1127027027027027;
19 5 3 0.12913851351351352;
19 5 4 0.11739864864864866;
19 5 5 0.11739864864864866;
19 5 6 0.10800675675675678;
19 5 7 0.12444256756756758;
19 5 8 0.10331081081081082;
19 5 9 0.12444256756756758;
19 5 10 0.1220945945945946;
19 5 11 0.09391891891891893;
19 5 12 0.11505067567567569;
19 6 1 0.10315612082670905;
19 6 2 0.09026160572337041;
19 6 3 0.09455977742448331;
19 6 4 0.12034880763116057;
19 6 5 0.12034880763116057;
19 6 6 0.09241069157392685;
19 6 7 0.122497893481717;
19 6 8 0.08811251987281397;
19 6 9 0.12034880763116057;
19 6 10 0.09885794912559619;
19 6 11 0.122497893481717;
19 6 12 0.10530520667726549;
20 1 1 0.10709260731319556;
20 1 2 0.1373579093799682;
20 1 3 0.10243640699523052;
20 1 4 0.12571740858505565;
20 1 5 0.11873310810810811;
20 1 6 0.09312400635930049;
20 1 7 0.10010830683624801;
20 1 8 0.09545210651828298;
20 1 9 0.11407690779014308;
20 1 10 0.1303736089030207;
20 1 11 0.1350298092209857;
20 1 12 0.12804550874403817;
20 2 1 0.1588356915739269;
20 2 2 0.1318635930047695;
20 2 3 0.1588356915739269;
20 2 4 0.14385119236883945;
20 2 5 0.16482949125596189;
20 2 6 0.15284189189189193;
20 2 7 0.1258697933227345;
20 2 8 0.12287289348171702;
20 2 9 0.13486049284578697;
20 2 10 0.17082329093799684;
20 2 11 0.1678263910969794;
20 2 12 0.17082329093799684;
20 3 1 0.1407639904610493;
20 3 2 0.12927305246422893;
20 3 3 0.11490937996820351;
20 3 4 0.11778211446740858;
20 3 5 0.16087313195548492;
20 3 6 0.13789125596184418;
20 3 7 0.12640031796502385;
20 3 8 0.1407639904610493;
20 3 9 0.16949133545310016;
20 3 10 0.14363672496025437;
20 3 11 0.13789125596184418;
20 3 12 0.15512766295707472;
20 4 1 0.1398891891891892;
20 4 2 0.11657432432432432;
20 4 3 0.12434594594594595;
20 4 4 0.11139324324324325;
20 4 5 0.14247972972972975;
20 4 6 0.11657432432432432;
20 4 7 0.11657432432432432;
20 4 8 0.14507027027027028;
20 4 9 0.12693648648648648;
20 4 10 0.1528418918918919;
20 4 11 0.1088027027027027;
20 4 12 0.12952702702702704;
20 5 1 0.1319256756756757;
20 5 2 0.10074324324324326;
20 5 3 0.11993243243243244;
20 5 4 0.10314189189189191;
20 5 5 0.13912162162162162;
20 5 6 0.11033783783783786;
20 5 7 0.14152027027027028;
20 5 8 0.10314189189189191;
20 5 9 0.13912162162162162;
20 5 10 0.1079391891891892;
20 5 11 0.11993243243243244;
20 5 12 0.14391891891891892;
20 6 1 0.12075079491255963;
20 6 2 0.12075079491255963;
20 6 3 0.12514173290937997;
20 6 4 0.09660063593004768;
20 6 5 0.10099157392686806;
20 6 6 0.10318704292527821;
20 6 7 0.1141643879173291;
20 6 8 0.09440516693163752;
20 6 9 0.1317281399046105;
20 6 10 0.10099157392686806;
20 6 11 0.09001422893481717;
20 6 12 0.10318704292527821;
]

global d = [
1 1 1 53;
1 1 2 284;
1 1 3 226;
1 1 4 61;
1 1 5 273;
1 1 6 164;
1 1 7 0;
1 1 8 73;
1 1 9 279;
1 1 10 262;
1 1 11 53;
1 1 12 83;
1 2 1 72;
1 2 2 0;
1 2 3 274;
1 2 4 171;
1 2 5 76;
1 2 6 297;
1 2 7 254;
1 2 8 0;
1 2 9 196;
1 2 10 67;
1 2 11 83;
1 2 12 174;
1 3 1 167;
1 3 2 63;
1 3 3 223;
1 3 4 224;
1 3 5 0;
1 3 6 246;
1 3 7 236;
1 3 8 260;
1 3 9 83;
1 3 10 60;
1 3 11 262;
1 3 12 91;
1 4 1 192;
1 4 2 0;
1 4 3 228;
1 4 4 85;
1 4 5 292;
1 4 6 263;
1 4 7 283;
1 4 8 0;
1 4 9 62;
1 4 10 275;
1 4 11 71;
1 4 12 0;
1 5 1 134;
1 5 2 134;
1 5 3 111;
1 5 4 284;
1 5 5 151;
1 5 6 145;
1 5 7 278;
1 5 8 226;
1 5 9 200;
1 5 10 223;
1 5 11 117;
1 5 12 112;
1 6 1 188;
1 6 2 78;
1 6 3 125;
1 6 4 154;
1 6 5 227;
1 6 6 115;
1 6 7 204;
1 6 8 0;
1 6 9 0;
1 6 10 0;
1 6 11 205;
1 6 12 55;
2 1 1 83;
2 1 2 232;
2 1 3 225;
2 1 4 291;
2 1 5 180;
2 1 6 0;
2 1 7 101;
2 1 8 165;
2 1 9 212;
2 1 10 266;
2 1 11 237;
2 1 12 108;
2 2 1 122;
2 2 2 56;
2 2 3 73;
2 2 4 211;
2 2 5 64;
2 2 6 257;
2 2 7 0;
2 2 8 280;
2 2 9 161;
2 2 10 0;
2 2 11 0;
2 2 12 152;
2 3 1 193;
2 3 2 0;
2 3 3 74;
2 3 4 192;
2 3 5 62;
2 3 6 209;
2 3 7 0;
2 3 8 275;
2 3 9 200;
2 3 10 223;
2 3 11 87;
2 3 12 300;
2 4 1 125;
2 4 2 230;
2 4 3 66;
2 4 4 133;
2 4 5 215;
2 4 6 224;
2 4 7 286;
2 4 8 121;
2 4 9 157;
2 4 10 77;
2 4 11 0;
2 4 12 156;
2 5 1 161;
2 5 2 0;
2 5 3 251;
2 5 4 172;
2 5 5 0;
2 5 6 57;
2 5 7 102;
2 5 8 175;
2 5 9 223;
2 5 10 157;
2 5 11 76;
2 5 12 234;
2 6 1 280;
2 6 2 181;
2 6 3 136;
2 6 4 161;
2 6 5 158;
2 6 6 230;
2 6 7 89;
2 6 8 130;
2 6 9 60;
2 6 10 0;
2 6 11 226;
2 6 12 172;
3 1 1 147;
3 1 2 82;
3 1 3 181;
3 1 4 243;
3 1 5 297;
3 1 6 160;
3 1 7 185;
3 1 8 286;
3 1 9 232;
3 1 10 119;
3 1 11 242;
3 1 12 251;
3 2 1 276;
3 2 2 208;
3 2 3 158;
3 2 4 0;
3 2 5 259;
3 2 6 152;
3 2 7 0;
3 2 8 54;
3 2 9 0;
3 2 10 127;
3 2 11 0;
3 2 12 0;
3 3 1 78;
3 3 2 0;
3 3 3 212;
3 3 4 156;
3 3 5 61;
3 3 6 181;
3 3 7 156;
3 3 8 162;
3 3 9 292;
3 3 10 232;
3 3 11 0;
3 3 12 201;
3 4 1 165;
3 4 2 0;
3 4 3 267;
3 4 4 164;
3 4 5 0;
3 4 6 184;
3 4 7 280;
3 4 8 137;
3 4 9 126;
3 4 10 136;
3 4 11 108;
3 4 12 51;
3 5 1 224;
3 5 2 0;
3 5 3 0;
3 5 4 0;
3 5 5 123;
3 5 6 0;
3 5 7 57;
3 5 8 202;
3 5 9 296;
3 5 10 94;
3 5 11 0;
3 5 12 0;
3 6 1 278;
3 6 2 146;
3 6 3 93;
3 6 4 191;
3 6 5 77;
3 6 6 111;
3 6 7 216;
3 6 8 222;
3 6 9 0;
3 6 10 117;
3 6 11 87;
3 6 12 104;
4 1 1 180;
4 1 2 0;
4 1 3 170;
4 1 4 71;
4 1 5 60;
4 1 6 226;
4 1 7 136;
4 1 8 200;
4 1 9 251;
4 1 10 120;
4 1 11 243;
4 1 12 0;
4 2 1 0;
4 2 2 149;
4 2 3 117;
4 2 4 264;
4 2 5 52;
4 2 6 157;
4 2 7 70;
4 2 8 171;
4 2 9 90;
4 2 10 71;
4 2 11 221;
4 2 12 59;
4 3 1 0;
4 3 2 133;
4 3 3 173;
4 3 4 197;
4 3 5 297;
4 3 6 290;
4 3 7 52;
4 3 8 109;
4 3 9 118;
4 3 10 287;
4 3 11 74;
4 3 12 106;
4 4 1 135;
4 4 2 296;
4 4 3 110;
4 4 4 144;
4 4 5 227;
4 4 6 55;
4 4 7 194;
4 4 8 283;
4 4 9 181;
4 4 10 290;
4 4 11 201;
4 4 12 156;
4 5 1 202;
4 5 2 181;
4 5 3 67;
4 5 4 161;
4 5 5 85;
4 5 6 89;
4 5 7 162;
4 5 8 276;
4 5 9 236;
4 5 10 126;
4 5 11 51;
4 5 12 0;
4 6 1 278;
4 6 2 196;
4 6 3 190;
4 6 4 253;
4 6 5 178;
4 6 6 112;
4 6 7 257;
4 6 8 107;
4 6 9 263;
4 6 10 175;
4 6 11 102;
4 6 12 171;
5 1 1 225;
5 1 2 284;
5 1 3 299;
5 1 4 0;
5 1 5 224;
5 1 6 0;
5 1 7 238;
5 1 8 88;
5 1 9 255;
5 1 10 89;
5 1 11 166;
5 1 12 241;
5 2 1 90;
5 2 2 0;
5 2 3 110;
5 2 4 94;
5 2 5 0;
5 2 6 297;
5 2 7 171;
5 2 8 261;
5 2 9 66;
5 2 10 85;
5 2 11 91;
5 2 12 233;
5 3 1 0;
5 3 2 0;
5 3 3 182;
5 3 4 240;
5 3 5 129;
5 3 6 59;
5 3 7 95;
5 3 8 0;
5 3 9 179;
5 3 10 0;
5 3 11 180;
5 3 12 279;
5 4 1 172;
5 4 2 54;
5 4 3 285;
5 4 4 240;
5 4 5 160;
5 4 6 156;
5 4 7 199;
5 4 8 0;
5 4 9 0;
5 4 10 0;
5 4 11 0;
5 4 12 62;
5 5 1 206;
5 5 2 289;
5 5 3 88;
5 5 4 70;
5 5 5 272;
5 5 6 231;
5 5 7 128;
5 5 8 109;
5 5 9 50;
5 5 10 258;
5 5 11 93;
5 5 12 0;
5 6 1 298;
5 6 2 148;
5 6 3 248;
5 6 4 0;
5 6 5 187;
5 6 6 81;
5 6 7 115;
5 6 8 200;
5 6 9 0;
5 6 10 212;
5 6 11 133;
5 6 12 67;
6 1 1 0;
6 1 2 203;
6 1 3 0;
6 1 4 94;
6 1 5 100;
6 1 6 222;
6 1 7 131;
6 1 8 183;
6 1 9 0;
6 1 10 0;
6 1 11 0;
6 1 12 256;
6 2 1 196;
6 2 2 54;
6 2 3 0;
6 2 4 0;
6 2 5 205;
6 2 6 117;
6 2 7 297;
6 2 8 0;
6 2 9 241;
6 2 10 184;
6 2 11 0;
6 2 12 53;
6 3 1 0;
6 3 2 266;
6 3 3 280;
6 3 4 276;
6 3 5 138;
6 3 6 184;
6 3 7 125;
6 3 8 0;
6 3 9 237;
6 3 10 211;
6 3 11 0;
6 3 12 0;
6 4 1 215;
6 4 2 128;
6 4 3 225;
6 4 4 291;
6 4 5 171;
6 4 6 130;
6 4 7 250;
6 4 8 234;
6 4 9 233;
6 4 10 103;
6 4 11 217;
6 4 12 81;
6 5 1 257;
6 5 2 289;
6 5 3 0;
6 5 4 186;
6 5 5 99;
6 5 6 50;
6 5 7 0;
6 5 8 0;
6 5 9 172;
6 5 10 137;
6 5 11 0;
6 5 12 223;
6 6 1 78;
6 6 2 292;
6 6 3 216;
6 6 4 82;
6 6 5 293;
6 6 6 149;
6 6 7 72;
6 6 8 182;
6 6 9 232;
6 6 10 188;
6 6 11 202;
6 6 12 123;
7 1 1 0;
7 1 2 266;
7 1 3 142;
7 1 4 100;
7 1 5 129;
7 1 6 122;
7 1 7 188;
7 1 8 0;
7 1 9 117;
7 1 10 74;
7 1 11 0;
7 1 12 265;
7 2 1 267;
7 2 2 151;
7 2 3 173;
7 2 4 243;
7 2 5 159;
7 2 6 248;
7 2 7 266;
7 2 8 100;
7 2 9 167;
7 2 10 0;
7 2 11 278;
7 2 12 106;
7 3 1 265;
7 3 2 0;
7 3 3 239;
7 3 4 177;
7 3 5 0;
7 3 6 197;
7 3 7 294;
7 3 8 187;
7 3 9 94;
7 3 10 134;
7 3 11 51;
7 3 12 296;
7 4 1 132;
7 4 2 187;
7 4 3 61;
7 4 4 289;
7 4 5 282;
7 4 6 227;
7 4 7 233;
7 4 8 0;
7 4 9 0;
7 4 10 0;
7 4 11 0;
7 4 12 269;
7 5 1 120;
7 5 2 201;
7 5 3 291;
7 5 4 244;
7 5 5 164;
7 5 6 0;
7 5 7 0;
7 5 8 0;
7 5 9 294;
7 5 10 0;
7 5 11 95;
7 5 12 160;
7 6 1 118;
7 6 2 54;
7 6 3 211;
7 6 4 249;
7 6 5 89;
7 6 6 0;
7 6 7 241;
7 6 8 295;
7 6 9 220;
7 6 10 65;
7 6 11 214;
7 6 12 255;
8 1 1 234;
8 1 2 0;
8 1 3 158;
8 1 4 235;
8 1 5 209;
8 1 6 190;
8 1 7 156;
8 1 8 197;
8 1 9 282;
8 1 10 143;
8 1 11 121;
8 1 12 262;
8 2 1 166;
8 2 2 142;
8 2 3 73;
8 2 4 283;
8 2 5 185;
8 2 6 80;
8 2 7 219;
8 2 8 274;
8 2 9 205;
8 2 10 92;
8 2 11 168;
8 2 12 50;
8 3 1 290;
8 3 2 194;
8 3 3 299;
8 3 4 0;
8 3 5 228;
8 3 6 0;
8 3 7 216;
8 3 8 85;
8 3 9 225;
8 3 10 157;
8 3 11 206;
8 3 12 58;
8 4 1 204;
8 4 2 155;
8 4 3 204;
8 4 4 0;
8 4 5 0;
8 4 6 260;
8 4 7 146;
8 4 8 239;
8 4 9 175;
8 4 10 129;
8 4 11 88;
8 4 12 283;
8 5 1 0;
8 5 2 0;
8 5 3 65;
8 5 4 56;
8 5 5 132;
8 5 6 282;
8 5 7 134;
8 5 8 108;
8 5 9 102;
8 5 10 159;
8 5 11 287;
8 5 12 196;
8 6 1 96;
8 6 2 139;
8 6 3 144;
8 6 4 277;
8 6 5 108;
8 6 6 278;
8 6 7 187;
8 6 8 276;
8 6 9 104;
8 6 10 184;
8 6 11 132;
8 6 12 236;
9 1 1 171;
9 1 2 231;
9 1 3 212;
9 1 4 91;
9 1 5 269;
9 1 6 0;
9 1 7 294;
9 1 8 270;
9 1 9 171;
9 1 10 129;
9 1 11 129;
9 1 12 135;
9 2 1 144;
9 2 2 51;
9 2 3 73;
9 2 4 257;
9 2 5 183;
9 2 6 270;
9 2 7 0;
9 2 8 186;
9 2 9 85;
9 2 10 225;
9 2 11 280;
9 2 12 193;
9 3 1 0;
9 3 2 200;
9 3 3 280;
9 3 4 212;
9 3 5 78;
9 3 6 168;
9 3 7 59;
9 3 8 204;
9 3 9 174;
9 3 10 270;
9 3 11 189;
9 3 12 229;
9 4 1 0;
9 4 2 160;
9 4 3 167;
9 4 4 171;
9 4 5 106;
9 4 6 204;
9 4 7 79;
9 4 8 243;
9 4 9 113;
9 4 10 191;
9 4 11 94;
9 4 12 55;
9 5 1 0;
9 5 2 284;
9 5 3 109;
9 5 4 254;
9 5 5 0;
9 5 6 248;
9 5 7 223;
9 5 8 215;
9 5 9 226;
9 5 10 293;
9 5 11 101;
9 5 12 0;
9 6 1 191;
9 6 2 61;
9 6 3 268;
9 6 4 130;
9 6 5 295;
9 6 6 109;
9 6 7 267;
9 6 8 0;
9 6 9 263;
9 6 10 92;
9 6 11 139;
9 6 12 76;
10 1 1 0;
10 1 2 95;
10 1 3 75;
10 1 4 0;
10 1 5 0;
10 1 6 0;
10 1 7 236;
10 1 8 112;
10 1 9 0;
10 1 10 288;
10 1 11 0;
10 1 12 274;
10 2 1 263;
10 2 2 146;
10 2 3 77;
10 2 4 0;
10 2 5 128;
10 2 6 222;
10 2 7 99;
10 2 8 282;
10 2 9 295;
10 2 10 0;
10 2 11 214;
10 2 12 237;
10 3 1 106;
10 3 2 231;
10 3 3 87;
10 3 4 0;
10 3 5 233;
10 3 6 0;
10 3 7 54;
10 3 8 161;
10 3 9 134;
10 3 10 84;
10 3 11 61;
10 3 12 234;
10 4 1 237;
10 4 2 52;
10 4 3 275;
10 4 4 199;
10 4 5 64;
10 4 6 246;
10 4 7 139;
10 4 8 156;
10 4 9 50;
10 4 10 0;
10 4 11 0;
10 4 12 103;
10 5 1 253;
10 5 2 239;
10 5 3 70;
10 5 4 162;
10 5 5 73;
10 5 6 254;
10 5 7 206;
10 5 8 231;
10 5 9 0;
10 5 10 179;
10 5 11 172;
10 5 12 60;
10 6 1 115;
10 6 2 0;
10 6 3 241;
10 6 4 93;
10 6 5 201;
10 6 6 156;
10 6 7 0;
10 6 8 127;
10 6 9 77;
10 6 10 212;
10 6 11 0;
10 6 12 245;
11 1 1 0;
11 1 2 268;
11 1 3 122;
11 1 4 226;
11 1 5 232;
11 1 6 213;
11 1 7 199;
11 1 8 174;
11 1 9 0;
11 1 10 58;
11 1 11 81;
11 1 12 0;
11 2 1 0;
11 2 2 0;
11 2 3 278;
11 2 4 179;
11 2 5 196;
11 2 6 111;
11 2 7 55;
11 2 8 84;
11 2 9 208;
11 2 10 238;
11 2 11 203;
11 2 12 194;
11 3 1 184;
11 3 2 208;
11 3 3 0;
11 3 4 191;
11 3 5 296;
11 3 6 136;
11 3 7 190;
11 3 8 258;
11 3 9 112;
11 3 10 256;
11 3 11 245;
11 3 12 140;
11 4 1 182;
11 4 2 153;
11 4 3 129;
11 4 4 91;
11 4 5 181;
11 4 6 299;
11 4 7 83;
11 4 8 253;
11 4 9 85;
11 4 10 234;
11 4 11 266;
11 4 12 78;
11 5 1 287;
11 5 2 260;
11 5 3 173;
11 5 4 194;
11 5 5 0;
11 5 6 288;
11 5 7 174;
11 5 8 0;
11 5 9 77;
11 5 10 298;
11 5 11 186;
11 5 12 224;
11 6 1 275;
11 6 2 95;
11 6 3 187;
11 6 4 90;
11 6 5 266;
11 6 6 0;
11 6 7 277;
11 6 8 136;
11 6 9 0;
11 6 10 151;
11 6 11 0;
11 6 12 0;
12 1 1 88;
12 1 2 298;
12 1 3 0;
12 1 4 266;
12 1 5 221;
12 1 6 157;
12 1 7 93;
12 1 8 83;
12 1 9 159;
12 1 10 0;
12 1 11 125;
12 1 12 209;
12 2 1 177;
12 2 2 151;
12 2 3 114;
12 2 4 169;
12 2 5 106;
12 2 6 238;
12 2 7 61;
12 2 8 291;
12 2 9 147;
12 2 10 172;
12 2 11 0;
12 2 12 156;
12 3 1 0;
12 3 2 0;
12 3 3 119;
12 3 4 75;
12 3 5 169;
12 3 6 179;
12 3 7 0;
12 3 8 77;
12 3 9 93;
12 3 10 84;
12 3 11 180;
12 3 12 279;
12 4 1 256;
12 4 2 75;
12 4 3 197;
12 4 4 149;
12 4 5 79;
12 4 6 73;
12 4 7 144;
12 4 8 147;
12 4 9 299;
12 4 10 146;
12 4 11 158;
12 4 12 300;
12 5 1 205;
12 5 2 276;
12 5 3 122;
12 5 4 217;
12 5 5 0;
12 5 6 267;
12 5 7 176;
12 5 8 0;
12 5 9 196;
12 5 10 0;
12 5 11 219;
12 5 12 62;
12 6 1 140;
12 6 2 186;
12 6 3 0;
12 6 4 71;
12 6 5 192;
12 6 6 117;
12 6 7 250;
12 6 8 0;
12 6 9 0;
12 6 10 277;
12 6 11 195;
12 6 12 0;
13 1 1 151;
13 1 2 56;
13 1 3 0;
13 1 4 274;
13 1 5 167;
13 1 6 100;
13 1 7 0;
13 1 8 299;
13 1 9 177;
13 1 10 0;
13 1 11 55;
13 1 12 99;
13 2 1 242;
13 2 2 51;
13 2 3 260;
13 2 4 141;
13 2 5 112;
13 2 6 221;
13 2 7 232;
13 2 8 257;
13 2 9 0;
13 2 10 135;
13 2 11 0;
13 2 12 100;
13 3 1 0;
13 3 2 219;
13 3 3 271;
13 3 4 264;
13 3 5 55;
13 3 6 292;
13 3 7 284;
13 3 8 253;
13 3 9 242;
13 3 10 157;
13 3 11 164;
13 3 12 183;
13 4 1 0;
13 4 2 251;
13 4 3 69;
13 4 4 145;
13 4 5 252;
13 4 6 162;
13 4 7 235;
13 4 8 198;
13 4 9 162;
13 4 10 109;
13 4 11 135;
13 4 12 248;
13 5 1 246;
13 5 2 297;
13 5 3 0;
13 5 4 0;
13 5 5 53;
13 5 6 268;
13 5 7 0;
13 5 8 182;
13 5 9 158;
13 5 10 97;
13 5 11 217;
13 5 12 100;
13 6 1 0;
13 6 2 0;
13 6 3 234;
13 6 4 145;
13 6 5 181;
13 6 6 204;
13 6 7 266;
13 6 8 253;
13 6 9 0;
13 6 10 0;
13 6 11 246;
13 6 12 274;
14 1 1 271;
14 1 2 107;
14 1 3 0;
14 1 4 247;
14 1 5 209;
14 1 6 0;
14 1 7 243;
14 1 8 108;
14 1 9 0;
14 1 10 217;
14 1 11 0;
14 1 12 71;
14 2 1 0;
14 2 2 79;
14 2 3 185;
14 2 4 198;
14 2 5 216;
14 2 6 64;
14 2 7 193;
14 2 8 292;
14 2 9 138;
14 2 10 225;
14 2 11 129;
14 2 12 0;
14 3 1 238;
14 3 2 158;
14 3 3 149;
14 3 4 0;
14 3 5 88;
14 3 6 104;
14 3 7 244;
14 3 8 151;
14 3 9 0;
14 3 10 210;
14 3 11 120;
14 3 12 0;
14 4 1 156;
14 4 2 0;
14 4 3 297;
14 4 4 192;
14 4 5 126;
14 4 6 121;
14 4 7 232;
14 4 8 268;
14 4 9 0;
14 4 10 114;
14 4 11 156;
14 4 12 203;
14 5 1 196;
14 5 2 166;
14 5 3 119;
14 5 4 81;
14 5 5 153;
14 5 6 243;
14 5 7 220;
14 5 8 109;
14 5 9 258;
14 5 10 189;
14 5 11 218;
14 5 12 171;
14 6 1 116;
14 6 2 121;
14 6 3 237;
14 6 4 0;
14 6 5 219;
14 6 6 239;
14 6 7 221;
14 6 8 246;
14 6 9 294;
14 6 10 0;
14 6 11 0;
14 6 12 0;
15 1 1 70;
15 1 2 188;
15 1 3 160;
15 1 4 124;
15 1 5 247;
15 1 6 288;
15 1 7 238;
15 1 8 296;
15 1 9 0;
15 1 10 123;
15 1 11 150;
15 1 12 59;
15 2 1 163;
15 2 2 226;
15 2 3 179;
15 2 4 299;
15 2 5 108;
15 2 6 270;
15 2 7 0;
15 2 8 211;
15 2 9 198;
15 2 10 156;
15 2 11 139;
15 2 12 105;
15 3 1 0;
15 3 2 146;
15 3 3 118;
15 3 4 157;
15 3 5 0;
15 3 6 267;
15 3 7 90;
15 3 8 67;
15 3 9 192;
15 3 10 124;
15 3 11 0;
15 3 12 296;
15 4 1 0;
15 4 2 0;
15 4 3 67;
15 4 4 169;
15 4 5 151;
15 4 6 166;
15 4 7 0;
15 4 8 214;
15 4 9 254;
15 4 10 214;
15 4 11 105;
15 4 12 108;
15 5 1 216;
15 5 2 114;
15 5 3 82;
15 5 4 102;
15 5 5 299;
15 5 6 54;
15 5 7 62;
15 5 8 270;
15 5 9 287;
15 5 10 264;
15 5 11 98;
15 5 12 182;
15 6 1 158;
15 6 2 0;
15 6 3 64;
15 6 4 160;
15 6 5 272;
15 6 6 300;
15 6 7 0;
15 6 8 199;
15 6 9 261;
15 6 10 0;
15 6 11 179;
15 6 12 0;
16 1 1 0;
16 1 2 73;
16 1 3 254;
16 1 4 0;
16 1 5 110;
16 1 6 50;
16 1 7 120;
16 1 8 242;
16 1 9 236;
16 1 10 60;
16 1 11 0;
16 1 12 139;
16 2 1 234;
16 2 2 151;
16 2 3 81;
16 2 4 255;
16 2 5 293;
16 2 6 177;
16 2 7 216;
16 2 8 0;
16 2 9 200;
16 2 10 0;
16 2 11 238;
16 2 12 71;
16 3 1 99;
16 3 2 188;
16 3 3 258;
16 3 4 183;
16 3 5 116;
16 3 6 224;
16 3 7 291;
16 3 8 271;
16 3 9 189;
16 3 10 241;
16 3 11 68;
16 3 12 296;
16 4 1 0;
16 4 2 123;
16 4 3 271;
16 4 4 79;
16 4 5 269;
16 4 6 0;
16 4 7 67;
16 4 8 0;
16 4 9 231;
16 4 10 66;
16 4 11 50;
16 4 12 0;
16 5 1 296;
16 5 2 228;
16 5 3 115;
16 5 4 294;
16 5 5 122;
16 5 6 277;
16 5 7 293;
16 5 8 263;
16 5 9 238;
16 5 10 231;
16 5 11 170;
16 5 12 94;
16 6 1 235;
16 6 2 254;
16 6 3 102;
16 6 4 90;
16 6 5 240;
16 6 6 228;
16 6 7 170;
16 6 8 146;
16 6 9 108;
16 6 10 145;
16 6 11 177;
16 6 12 178;
17 1 1 90;
17 1 2 278;
17 1 3 88;
17 1 4 238;
17 1 5 137;
17 1 6 0;
17 1 7 214;
17 1 8 151;
17 1 9 138;
17 1 10 67;
17 1 11 248;
17 1 12 298;
17 2 1 201;
17 2 2 0;
17 2 3 0;
17 2 4 137;
17 2 5 250;
17 2 6 112;
17 2 7 116;
17 2 8 0;
17 2 9 113;
17 2 10 62;
17 2 11 0;
17 2 12 251;
17 3 1 0;
17 3 2 266;
17 3 3 125;
17 3 4 177;
17 3 5 0;
17 3 6 110;
17 3 7 230;
17 3 8 51;
17 3 9 139;
17 3 10 99;
17 3 11 85;
17 3 12 117;
17 4 1 143;
17 4 2 243;
17 4 3 0;
17 4 4 98;
17 4 5 86;
17 4 6 281;
17 4 7 175;
17 4 8 213;
17 4 9 156;
17 4 10 84;
17 4 11 253;
17 4 12 88;
17 5 1 93;
17 5 2 93;
17 5 3 53;
17 5 4 291;
17 5 5 279;
17 5 6 0;
17 5 7 0;
17 5 8 114;
17 5 9 182;
17 5 10 0;
17 5 11 281;
17 5 12 164;
17 6 1 93;
17 6 2 61;
17 6 3 261;
17 6 4 188;
17 6 5 150;
17 6 6 60;
17 6 7 0;
17 6 8 203;
17 6 9 0;
17 6 10 269;
17 6 11 91;
17 6 12 293;
18 1 1 215;
18 1 2 0;
18 1 3 219;
18 1 4 0;
18 1 5 71;
18 1 6 158;
18 1 7 203;
18 1 8 150;
18 1 9 260;
18 1 10 195;
18 1 11 0;
18 1 12 0;
18 2 1 86;
18 2 2 101;
18 2 3 113;
18 2 4 214;
18 2 5 241;
18 2 6 276;
18 2 7 158;
18 2 8 140;
18 2 9 169;
18 2 10 71;
18 2 11 0;
18 2 12 154;
18 3 1 254;
18 3 2 0;
18 3 3 70;
18 3 4 281;
18 3 5 257;
18 3 6 75;
18 3 7 287;
18 3 8 0;
18 3 9 265;
18 3 10 0;
18 3 11 195;
18 3 12 233;
18 4 1 243;
18 4 2 78;
18 4 3 260;
18 4 4 123;
18 4 5 233;
18 4 6 255;
18 4 7 60;
18 4 8 276;
18 4 9 207;
18 4 10 177;
18 4 11 0;
18 4 12 282;
18 5 1 87;
18 5 2 0;
18 5 3 193;
18 5 4 147;
18 5 5 0;
18 5 6 0;
18 5 7 189;
18 5 8 0;
18 5 9 232;
18 5 10 0;
18 5 11 112;
18 5 12 210;
18 6 1 0;
18 6 2 59;
18 6 3 57;
18 6 4 88;
18 6 5 133;
18 6 6 166;
18 6 7 59;
18 6 8 167;
18 6 9 280;
18 6 10 118;
18 6 11 73;
18 6 12 191;
19 1 1 269;
19 1 2 144;
19 1 3 81;
19 1 4 167;
19 1 5 60;
19 1 6 147;
19 1 7 0;
19 1 8 136;
19 1 9 58;
19 1 10 231;
19 1 11 0;
19 1 12 166;
19 2 1 258;
19 2 2 0;
19 2 3 195;
19 2 4 226;
19 2 5 248;
19 2 6 155;
19 2 7 0;
19 2 8 0;
19 2 9 178;
19 2 10 273;
19 2 11 111;
19 2 12 0;
19 3 1 239;
19 3 2 82;
19 3 3 278;
19 3 4 0;
19 3 5 200;
19 3 6 80;
19 3 7 158;
19 3 8 111;
19 3 9 0;
19 3 10 134;
19 3 11 264;
19 3 12 248;
19 4 1 0;
19 4 2 0;
19 4 3 65;
19 4 4 270;
19 4 5 210;
19 4 6 297;
19 4 7 183;
19 4 8 77;
19 4 9 290;
19 4 10 166;
19 4 11 236;
19 4 12 176;
19 5 1 0;
19 5 2 0;
19 5 3 70;
19 5 4 233;
19 5 5 87;
19 5 6 77;
19 5 7 0;
19 5 8 221;
19 5 9 207;
19 5 10 134;
19 5 11 97;
19 5 12 267;
19 6 1 0;
19 6 2 68;
19 6 3 50;
19 6 4 85;
19 6 5 157;
19 6 6 149;
19 6 7 244;
19 6 8 271;
19 6 9 174;
19 6 10 78;
19 6 11 264;
19 6 12 196;
20 1 1 202;
20 1 2 0;
20 1 3 220;
20 1 4 112;
20 1 5 57;
20 1 6 136;
20 1 7 129;
20 1 8 254;
20 1 9 299;
20 1 10 0;
20 1 11 0;
20 1 12 260;
20 2 1 128;
20 2 2 115;
20 2 3 84;
20 2 4 60;
20 2 5 283;
20 2 6 258;
20 2 7 182;
20 2 8 0;
20 2 9 81;
20 2 10 176;
20 2 11 0;
20 2 12 0;
20 3 1 169;
20 3 2 97;
20 3 3 269;
20 3 4 254;
20 3 5 146;
20 3 6 156;
20 3 7 300;
20 3 8 123;
20 3 9 121;
20 3 10 294;
20 3 11 0;
20 3 12 116;
20 4 1 70;
20 4 2 142;
20 4 3 246;
20 4 4 207;
20 4 5 217;
20 4 6 198;
20 4 7 192;
20 4 8 200;
20 4 9 72;
20 4 10 216;
20 4 11 169;
20 4 12 139;
20 5 1 88;
20 5 2 0;
20 5 3 0;
20 5 4 0;
20 5 5 76;
20 5 6 143;
20 5 7 135;
20 5 8 280;
20 5 9 0;
20 5 10 188;
20 5 11 119;
20 5 12 285;
20 6 1 118;
20 6 2 267;
20 6 3 0;
20 6 4 150;
20 6 5 267;
20 6 6 205;
20 6 7 61;
20 6 8 146;
20 6 9 153;
20 6 10 236;
20 6 11 159;
20 6 12 209;
]

global Cap_c = [
1 1 1 21664.0;
1 1 2 21664.0;
1 1 3 21664.0;
1 1 4 21664.0;
1 1 5 21664.0;
1 1 6 21664.0;
1 1 7 21664.0;
1 1 8 21664.0;
1 1 9 21664.0;
1 1 10 21664.0;
1 1 11 21664.0;
1 1 12 21664.0;
1 2 1 21664.0;
1 2 2 21664.0;
1 2 3 21664.0;
1 2 4 21664.0;
1 2 5 21664.0;
1 2 6 21664.0;
1 2 7 21664.0;
1 2 8 21664.0;
1 2 9 21664.0;
1 2 10 21664.0;
1 2 11 21664.0;
1 2 12 21664.0;
2 1 1 21664.0;
2 1 2 21664.0;
2 1 3 21664.0;
2 1 4 21664.0;
2 1 5 21664.0;
2 1 6 21664.0;
2 1 7 21664.0;
2 1 8 21664.0;
2 1 9 21664.0;
2 1 10 21664.0;
2 1 11 21664.0;
2 1 12 21664.0;
2 2 1 21664.0;
2 2 2 21664.0;
2 2 3 21664.0;
2 2 4 21664.0;
2 2 5 21664.0;
2 2 6 21664.0;
2 2 7 21664.0;
2 2 8 21664.0;
2 2 9 21664.0;
2 2 10 21664.0;
2 2 11 21664.0;
2 2 12 21664.0;
3 1 1 21664.0;
3 1 2 21664.0;
3 1 3 21664.0;
3 1 4 21664.0;
3 1 5 21664.0;
3 1 6 21664.0;
3 1 7 21664.0;
3 1 8 21664.0;
3 1 9 21664.0;
3 1 10 21664.0;
3 1 11 21664.0;
3 1 12 21664.0;
3 2 1 21664.0;
3 2 2 21664.0;
3 2 3 21664.0;
3 2 4 21664.0;
3 2 5 21664.0;
3 2 6 21664.0;
3 2 7 21664.0;
3 2 8 21664.0;
3 2 9 21664.0;
3 2 10 21664.0;
3 2 11 21664.0;
3 2 12 21664.0;
4 1 1 21664.0;
4 1 2 21664.0;
4 1 3 21664.0;
4 1 4 21664.0;
4 1 5 21664.0;
4 1 6 21664.0;
4 1 7 21664.0;
4 1 8 21664.0;
4 1 9 21664.0;
4 1 10 21664.0;
4 1 11 21664.0;
4 1 12 21664.0;
4 2 1 21664.0;
4 2 2 21664.0;
4 2 3 21664.0;
4 2 4 21664.0;
4 2 5 21664.0;
4 2 6 21664.0;
4 2 7 21664.0;
4 2 8 21664.0;
4 2 9 21664.0;
4 2 10 21664.0;
4 2 11 21664.0;
4 2 12 21664.0;
5 1 1 21664.0;
5 1 2 21664.0;
5 1 3 21664.0;
5 1 4 21664.0;
5 1 5 21664.0;
5 1 6 21664.0;
5 1 7 21664.0;
5 1 8 21664.0;
5 1 9 21664.0;
5 1 10 21664.0;
5 1 11 21664.0;
5 1 12 21664.0;
5 2 1 21664.0;
5 2 2 21664.0;
5 2 3 21664.0;
5 2 4 21664.0;
5 2 5 21664.0;
5 2 6 21664.0;
5 2 7 21664.0;
5 2 8 21664.0;
5 2 9 21664.0;
5 2 10 21664.0;
5 2 11 21664.0;
5 2 12 21664.0;
6 1 1 21664.0;
6 1 2 21664.0;
6 1 3 21664.0;
6 1 4 21664.0;
6 1 5 21664.0;
6 1 6 21664.0;
6 1 7 21664.0;
6 1 8 21664.0;
6 1 9 21664.0;
6 1 10 21664.0;
6 1 11 21664.0;
6 1 12 21664.0;
6 2 1 21664.0;
6 2 2 21664.0;
6 2 3 21664.0;
6 2 4 21664.0;
6 2 5 21664.0;
6 2 6 21664.0;
6 2 7 21664.0;
6 2 8 21664.0;
6 2 9 21664.0;
6 2 10 21664.0;
6 2 11 21664.0;
6 2 12 21664.0;
]

global Cap_p = [1.908693e6 1.908693e6 1.908693e6 1.908693e6 1.908693e6 1.908693e6 1.908693e6 1.908693e6 1.908693e6 1.908693e6 1.908693e6 1.908693e6; 1.625923e6 1.625923e6 1.625923e6 1.625923e6 1.625923e6 1.625923e6 1.625923e6 1.625923e6 1.625923e6 1.625923e6 1.625923e6 1.625923e6]
#-----------------------------------------