###################################################
# Classe 2 : K = 2, M = 2, T = 8, N = 10
# Exemplo: 5.   Nome do arquivo: c2ex05.dat          Semente: 2735

global Q1 = 1e5
global Q2 = 1e5
#-----------------------Parâmetros----------------------
global K = 2 # Gramaturas
global M = 2 # Bobinas mestres (máquinas)
global T = 8 # Períodos
global N = 10 # Itens

global L = [540, 460] # Larguras das bobinas mestres

global l = [51, 56, 59, 86, 93, 95, 104, 110, 111, 138] # Larguras dos itens

global rho = [2.0, 2.0] # Peso específico da bobina mestre

global b = [1080.0 920.0; 1080.0 920.0] # Peso total da bobina mestre
#-----------------------Custos----------------------

# Custo de produção da bobina mestre
global c_x = [
1 1 1 21.492;
1 1 2 21.492;
1 1 3 21.492;
1 1 4 21.492;
1 1 5 21.492;
1 1 6 21.492;
1 1 7 21.492;
1 1 8 21.492;
1 2 1 20.424;
1 2 2 20.424;
1 2 3 20.424;
1 2 4 20.424;
1 2 5 20.424;
1 2 6 20.424;
1 2 7 20.424;
1 2 8 20.424;
2 1 1 24.624;
2 1 2 24.624;
2 1 3 24.624;
2 1 4 24.624;
2 1 5 24.624;
2 1 6 24.624;
2 1 7 24.624;
2 1 8 24.624;
2 2 1 17.572;
2 2 2 17.572;
2 2 3 17.572;
2 2 4 17.572;
2 2 5 17.572;
2 2 6 17.572;
2 2 7 17.572;
2 2 8 17.572;
]

# cw: custo de estocar uma bobina mestre
global c_w = [
1 1 1 0.01;
1 1 2 0.01;
1 1 3 0.01;
1 1 4 0.01;
1 1 5 0.01;
1 1 6 0.01;
1 1 7 0.01;
1 1 8 0.01;
1 2 1 0.009;
1 2 2 0.009;
1 2 3 0.009;
1 2 4 0.009;
1 2 5 0.009;
1 2 6 0.009;
1 2 7 0.009;
1 2 8 0.009;
2 1 1 0.009;
2 1 2 0.009;
2 1 3 0.009;
2 1 4 0.009;
2 1 5 0.009;
2 1 6 0.009;
2 1 7 0.009;
2 1 8 0.009;
2 2 1 0.008;
2 2 2 0.008;
2 2 3 0.008;
2 2 4 0.008;
2 2 5 0.008;
2 2 6 0.008;
2 2 7 0.008;
2 2 8 0.008;
]

# cz: custo de setup por bobina mestre
global c_z = [
1 1 1 0.989;
1 1 2 0.989;
1 1 3 0.989;
1 1 4 0.989;
1 1 5 0.989;
1 1 6 0.989;
1 1 7 0.989;
1 1 8 0.989;
1 2 1 0.919;
1 2 2 0.919;
1 2 3 0.919;
1 2 4 0.919;
1 2 5 0.919;
1 2 6 0.919;
1 2 7 0.919;
1 2 8 0.919;
2 1 1 0.96;
2 1 2 0.96;
2 1 3 0.96;
2 1 4 0.96;
2 1 5 0.96;
2 1 6 0.96;
2 1 7 0.96;
2 1 8 0.96;
2 2 1 0.879;
2 2 2 0.879;
2 2 3 0.879;
2 2 4 0.879;
2 2 5 0.879;
2 2 6 0.879;
2 2 7 0.879;
2 2 8 0.879;
]

# cy: custo de corte por bobina mestre
global c_y = [
1 1 1 2.794;
1 1 2 2.794;
1 1 3 2.794;
1 1 4 2.794;
1 1 5 2.794;
1 1 6 2.794;
1 1 7 2.794;
1 1 8 2.794;
1 2 1 2.655;
1 2 2 2.655;
1 2 3 2.655;
1 2 4 2.655;
1 2 5 2.655;
1 2 6 2.655;
1 2 7 2.655;
1 2 8 2.655;
2 1 1 3.201;
2 1 2 3.201;
2 1 3 3.201;
2 1 4 3.201;
2 1 5 3.201;
2 1 6 3.201;
2 1 7 3.201;
2 1 8 3.201;
2 2 1 1.757;
2 2 2 1.757;
2 2 3 1.757;
2 2 4 1.757;
2 2 5 1.757;
2 2 6 1.757;
2 2 7 1.757;
2 2 8 1.757;
]

# c_e: Custo de estocar um item de largura l_i
global c_e = [
1 1 1 0.005;
1 1 2 0.005;
1 1 3 0.005;
1 1 4 0.005;
1 1 5 0.005;
1 1 6 0.005;
1 1 7 0.005;
1 1 8 0.005;
1 2 1 0.004;
1 2 2 0.004;
1 2 3 0.004;
1 2 4 0.004;
1 2 5 0.004;
1 2 6 0.004;
1 2 7 0.004;
1 2 8 0.004;
2 1 1 0.005;
2 1 2 0.005;
2 1 3 0.005;
2 1 4 0.005;
2 1 5 0.005;
2 1 6 0.005;
2 1 7 0.005;
2 1 8 0.005;
2 2 1 0.004;
2 2 2 0.004;
2 2 3 0.004;
2 2 4 0.004;
2 2 5 0.004;
2 2 6 0.004;
2 2 7 0.004;
2 2 8 0.004;
3 1 1 0.005;
3 1 2 0.005;
3 1 3 0.005;
3 1 4 0.005;
3 1 5 0.005;
3 1 6 0.005;
3 1 7 0.005;
3 1 8 0.005;
3 2 1 0.004;
3 2 2 0.004;
3 2 3 0.004;
3 2 4 0.004;
3 2 5 0.004;
3 2 6 0.004;
3 2 7 0.004;
3 2 8 0.004;
4 1 1 0.005;
4 1 2 0.005;
4 1 3 0.005;
4 1 4 0.005;
4 1 5 0.005;
4 1 6 0.005;
4 1 7 0.005;
4 1 8 0.005;
4 2 1 0.004;
4 2 2 0.004;
4 2 3 0.004;
4 2 4 0.004;
4 2 5 0.004;
4 2 6 0.004;
4 2 7 0.004;
4 2 8 0.004;
5 1 1 0.005;
5 1 2 0.005;
5 1 3 0.005;
5 1 4 0.005;
5 1 5 0.005;
5 1 6 0.005;
5 1 7 0.005;
5 1 8 0.005;
5 2 1 0.004;
5 2 2 0.004;
5 2 3 0.004;
5 2 4 0.004;
5 2 5 0.004;
5 2 6 0.004;
5 2 7 0.004;
5 2 8 0.004;
6 1 1 0.005;
6 1 2 0.005;
6 1 3 0.005;
6 1 4 0.005;
6 1 5 0.005;
6 1 6 0.005;
6 1 7 0.005;
6 1 8 0.005;
6 2 1 0.004;
6 2 2 0.004;
6 2 3 0.004;
6 2 4 0.004;
6 2 5 0.004;
6 2 6 0.004;
6 2 7 0.004;
6 2 8 0.004;
7 1 1 0.005;
7 1 2 0.005;
7 1 3 0.005;
7 1 4 0.005;
7 1 5 0.005;
7 1 6 0.005;
7 1 7 0.005;
7 1 8 0.005;
7 2 1 0.004;
7 2 2 0.004;
7 2 3 0.004;
7 2 4 0.004;
7 2 5 0.004;
7 2 6 0.004;
7 2 7 0.004;
7 2 8 0.004;
8 1 1 0.005;
8 1 2 0.005;
8 1 3 0.005;
8 1 4 0.005;
8 1 5 0.005;
8 1 6 0.005;
8 1 7 0.005;
8 1 8 0.005;
8 2 1 0.004;
8 2 2 0.004;
8 2 3 0.004;
8 2 4 0.004;
8 2 5 0.004;
8 2 6 0.004;
8 2 7 0.004;
8 2 8 0.004;
9 1 1 0.005;
9 1 2 0.005;
9 1 3 0.005;
9 1 4 0.005;
9 1 5 0.005;
9 1 6 0.005;
9 1 7 0.005;
9 1 8 0.005;
9 2 1 0.004;
9 2 2 0.004;
9 2 3 0.004;
9 2 4 0.004;
9 2 5 0.004;
9 2 6 0.004;
9 2 7 0.004;
9 2 8 0.004;
10 1 1 0.005;
10 1 2 0.005;
10 1 3 0.005;
10 1 4 0.005;
10 1 5 0.005;
10 1 6 0.005;
10 1 7 0.005;
10 1 8 0.005;
10 2 1 0.004;
10 2 2 0.004;
10 2 3 0.004;
10 2 4 0.004;
10 2 5 0.004;
10 2 6 0.004;
10 2 7 0.004;
10 2 8 0.004;
]

# csc: custo de setup do padrão de corte (igual para cada padrão j)
global c_sc = [
1 1 1 0.106;
1 1 2 0.106;
1 1 3 0.106;
1 1 4 0.106;
1 1 5 0.106;
1 1 6 0.106;
1 1 7 0.106;
1 1 8 0.106;
1 2 1 0.112;
1 2 2 0.112;
1 2 3 0.112;
1 2 4 0.112;
1 2 5 0.112;
1 2 6 0.112;
1 2 7 0.112;
1 2 8 0.112;
2 1 1 0.131;
2 1 2 0.131;
2 1 3 0.131;
2 1 4 0.131;
2 1 5 0.131;
2 1 6 0.131;
2 1 7 0.131;
2 1 8 0.131;
2 2 1 0.076;
2 2 2 0.076;
2 2 3 0.076;
2 2 4 0.076;
2 2 5 0.076;
2 2 6 0.076;
2 2 7 0.076;
2 2 8 0.076;
]

# Demandas
global d = [
1 1 1 0;
1 1 2 266;
1 1 3 79;
1 1 4 0;
1 1 5 177;
1 1 6 171;
1 1 7 213;
1 1 8 294;
1 2 1 246;
1 2 2 0;
1 2 3 85;
1 2 4 173;
1 2 5 259;
1 2 6 0;
1 2 7 174;
1 2 8 154;
2 1 1 178;
2 1 2 86;
2 1 3 229;
2 1 4 0;
2 1 5 160;
2 1 6 0;
2 1 7 93;
2 1 8 187;
2 2 1 255;
2 2 2 79;
2 2 3 271;
2 2 4 171;
2 2 5 211;
2 2 6 176;
2 2 7 228;
2 2 8 127;
3 1 1 0;
3 1 2 0;
3 1 3 62;
3 1 4 240;
3 1 5 0;
3 1 6 68;
3 1 7 206;
3 1 8 103;
3 2 1 262;
3 2 2 197;
3 2 3 258;
3 2 4 280;
3 2 5 293;
3 2 6 241;
3 2 7 0;
3 2 8 0;
4 1 1 258;
4 1 2 89;
4 1 3 251;
4 1 4 61;
4 1 5 275;
4 1 6 240;
4 1 7 207;
4 1 8 80;
4 2 1 0;
4 2 2 132;
4 2 3 234;
4 2 4 229;
4 2 5 118;
4 2 6 0;
4 2 7 0;
4 2 8 214;
5 1 1 0;
5 1 2 0;
5 1 3 154;
5 1 4 120;
5 1 5 235;
5 1 6 131;
5 1 7 136;
5 1 8 245;
5 2 1 246;
5 2 2 226;
5 2 3 282;
5 2 4 126;
5 2 5 101;
5 2 6 212;
5 2 7 86;
5 2 8 107;
6 1 1 87;
6 1 2 109;
6 1 3 0;
6 1 4 0;
6 1 5 83;
6 1 6 129;
6 1 7 254;
6 1 8 0;
6 2 1 257;
6 2 2 0;
6 2 3 129;
6 2 4 79;
6 2 5 280;
6 2 6 276;
6 2 7 169;
6 2 8 229;
7 1 1 0;
7 1 2 230;
7 1 3 114;
7 1 4 227;
7 1 5 132;
7 1 6 215;
7 1 7 202;
7 1 8 173;
7 2 1 266;
7 2 2 279;
7 2 3 73;
7 2 4 0;
7 2 5 276;
7 2 6 0;
7 2 7 78;
7 2 8 142;
8 1 1 75;
8 1 2 0;
8 1 3 0;
8 1 4 102;
8 1 5 300;
8 1 6 0;
8 1 7 298;
8 1 8 254;
8 2 1 62;
8 2 2 0;
8 2 3 285;
8 2 4 78;
8 2 5 0;
8 2 6 0;
8 2 7 92;
8 2 8 214;
9 1 1 280;
9 1 2 83;
9 1 3 187;
9 1 4 65;
9 1 5 233;
9 1 6 93;
9 1 7 158;
9 1 8 0;
9 2 1 181;
9 2 2 200;
9 2 3 185;
9 2 4 0;
9 2 5 133;
9 2 6 216;
9 2 7 275;
9 2 8 101;
10 1 1 115;
10 1 2 272;
10 1 3 171;
10 1 4 97;
10 1 5 0;
10 1 6 113;
10 1 7 296;
10 1 8 0;
10 2 1 276;
10 2 2 129;
10 2 3 206;
10 2 4 156;
10 2 5 193;
10 2 6 170;
10 2 7 200;
10 2 8 0;
]

# Perda de papel no setup da máquina
global f = [51.84 44.16; 51.84 44.16]

# c: tempo de corte da bobina mestre
global c_km = [39.96 39.56; 50.76 42.32]

# p: tempo de setup do padrão j para a bobina mestre
global p_km = [5.275 5.222; 6.7 5.586]
# Capacidade média de produção por período:
CM = 512939.75

D_kt = [191242.0 214120.0 225260.0 171990.0 287936.0 212176.0 389958.0 214280.0; 364480.0 234870.0 362486.0 207888.0 317108.0 234894.0 244104.0 229190.0]


# Capacidade de produção de jumbo
global Cap_p = [276987.0 276987.0 276987.0 276987.0 276987.0 276987.0 276987.0 276987.0; 235952.0 235952.0 235952.0 235952.0 235952.0 235952.0 235952.0 235952.0]

# Capacidade da cortadeira
global Cap_c = [
22125.0;
22125.0;
22125.0;
22125.0;
22125.0;
22125.0;
22125.0;
22125.0;
]
#-----------------------------------------