###################################################
# Classe 3 : K = 2, M = 2, T = 8, N = 20
# Exemplo: 9.   Nome do arquivo: c3ex09.dat          Semente: 8555

global Q1 = 1e5
global Q2 = 1e5
#-----------------------Parâmetros----------------------
global K = 2 # Gramaturas
global M = 2 # Bobinas mestres (máquinas)
global T = 8 # Períodos
global N = 20 # Itens

global L = [540, 460] # Larguras das bobinas mestres

global l = [52, 63, 74, 74, 89, 89, 91, 93, 93, 108, 119, 119, 124, 128, 130, 131, 134, 135, 138, 139] # Larguras dos itens

global rho = [2.0, 2.0] # Peso específico da bobina mestre

global b = [1080.0 920.0; 1080.0 920.0] # Peso total da bobina mestre
#-----------------------Custos----------------------

# Custo de produção da bobina mestre
global c_x = [
1 1 1 18.576;
1 1 2 18.576;
1 1 3 18.576;
1 1 4 18.576;
1 1 5 18.576;
1 1 6 18.576;
1 1 7 18.576;
1 1 8 18.576;
1 2 1 20.424;
1 2 2 20.424;
1 2 3 20.424;
1 2 4 20.424;
1 2 5 20.424;
1 2 6 20.424;
1 2 7 20.424;
1 2 8 20.424;
2 1 1 24.084;
2 1 2 24.084;
2 1 3 24.084;
2 1 4 24.084;
2 1 5 24.084;
2 1 6 24.084;
2 1 7 24.084;
2 1 8 24.084;
2 2 1 19.044;
2 2 2 19.044;
2 2 3 19.044;
2 2 4 19.044;
2 2 5 19.044;
2 2 6 19.044;
2 2 7 19.044;
2 2 8 19.044;
]

# cw: custo de estocar uma bobina mestre
global c_w = [
1 1 1 0.009;
1 1 2 0.009;
1 1 3 0.009;
1 1 4 0.009;
1 1 5 0.009;
1 1 6 0.009;
1 1 7 0.009;
1 1 8 0.009;
1 2 1 0.008;
1 2 2 0.008;
1 2 3 0.008;
1 2 4 0.008;
1 2 5 0.008;
1 2 6 0.008;
1 2 7 0.008;
1 2 8 0.008;
2 1 1 0.013;
2 1 2 0.013;
2 1 3 0.013;
2 1 4 0.013;
2 1 5 0.013;
2 1 6 0.013;
2 1 7 0.013;
2 1 8 0.013;
2 2 1 0.012;
2 2 2 0.012;
2 2 3 0.012;
2 2 4 0.012;
2 2 5 0.012;
2 2 6 0.012;
2 2 7 0.012;
2 2 8 0.012;
]

# cz: custo de setup por bobina mestre
global c_z = [
1 1 1 0.873;
1 1 2 0.873;
1 1 3 0.873;
1 1 4 0.873;
1 1 5 0.873;
1 1 6 0.873;
1 1 7 0.873;
1 1 8 0.873;
1 2 1 0.98;
1 2 2 0.98;
1 2 3 0.98;
1 2 4 0.98;
1 2 5 0.98;
1 2 6 0.98;
1 2 7 0.98;
1 2 8 0.98;
2 1 1 0.747;
2 1 2 0.747;
2 1 3 0.747;
2 1 4 0.747;
2 1 5 0.747;
2 1 6 0.747;
2 1 7 0.747;
2 1 8 0.747;
2 2 1 0.59;
2 2 2 0.59;
2 2 3 0.59;
2 2 4 0.59;
2 2 5 0.59;
2 2 6 0.59;
2 2 7 0.59;
2 2 8 0.59;
]

# cy: custo de corte por bobina mestre
global c_y = [
1 1 1 2.786;
1 1 2 2.786;
1 1 3 2.786;
1 1 4 2.786;
1 1 5 2.786;
1 1 6 2.786;
1 1 7 2.786;
1 1 8 2.786;
1 2 1 2.451;
1 2 2 2.451;
1 2 3 2.451;
1 2 4 2.451;
1 2 5 2.451;
1 2 6 2.451;
1 2 7 2.451;
1 2 8 2.451;
2 1 1 2.408;
2 1 2 2.408;
2 1 3 2.408;
2 1 4 2.408;
2 1 5 2.408;
2 1 6 2.408;
2 1 7 2.408;
2 1 8 2.408;
2 2 1 1.904;
2 2 2 1.904;
2 2 3 1.904;
2 2 4 1.904;
2 2 5 1.904;
2 2 6 1.904;
2 2 7 1.904;
2 2 8 1.904;
]

# c_e: Custo de estocar um item de largura l_i
global c_e = [
1 1 1 0.004;
1 1 2 0.004;
1 1 3 0.004;
1 1 4 0.004;
1 1 5 0.004;
1 1 6 0.004;
1 1 7 0.004;
1 1 8 0.004;
1 2 1 0.006;
1 2 2 0.006;
1 2 3 0.006;
1 2 4 0.006;
1 2 5 0.006;
1 2 6 0.006;
1 2 7 0.006;
1 2 8 0.006;
2 1 1 0.004;
2 1 2 0.004;
2 1 3 0.004;
2 1 4 0.004;
2 1 5 0.004;
2 1 6 0.004;
2 1 7 0.004;
2 1 8 0.004;
2 2 1 0.006;
2 2 2 0.006;
2 2 3 0.006;
2 2 4 0.006;
2 2 5 0.006;
2 2 6 0.006;
2 2 7 0.006;
2 2 8 0.006;
3 1 1 0.004;
3 1 2 0.004;
3 1 3 0.004;
3 1 4 0.004;
3 1 5 0.004;
3 1 6 0.004;
3 1 7 0.004;
3 1 8 0.004;
3 2 1 0.006;
3 2 2 0.006;
3 2 3 0.006;
3 2 4 0.006;
3 2 5 0.006;
3 2 6 0.006;
3 2 7 0.006;
3 2 8 0.006;
4 1 1 0.004;
4 1 2 0.004;
4 1 3 0.004;
4 1 4 0.004;
4 1 5 0.004;
4 1 6 0.004;
4 1 7 0.004;
4 1 8 0.004;
4 2 1 0.006;
4 2 2 0.006;
4 2 3 0.006;
4 2 4 0.006;
4 2 5 0.006;
4 2 6 0.006;
4 2 7 0.006;
4 2 8 0.006;
5 1 1 0.004;
5 1 2 0.004;
5 1 3 0.004;
5 1 4 0.004;
5 1 5 0.004;
5 1 6 0.004;
5 1 7 0.004;
5 1 8 0.004;
5 2 1 0.006;
5 2 2 0.006;
5 2 3 0.006;
5 2 4 0.006;
5 2 5 0.006;
5 2 6 0.006;
5 2 7 0.006;
5 2 8 0.006;
6 1 1 0.004;
6 1 2 0.004;
6 1 3 0.004;
6 1 4 0.004;
6 1 5 0.004;
6 1 6 0.004;
6 1 7 0.004;
6 1 8 0.004;
6 2 1 0.006;
6 2 2 0.006;
6 2 3 0.006;
6 2 4 0.006;
6 2 5 0.006;
6 2 6 0.006;
6 2 7 0.006;
6 2 8 0.006;
7 1 1 0.004;
7 1 2 0.004;
7 1 3 0.004;
7 1 4 0.004;
7 1 5 0.004;
7 1 6 0.004;
7 1 7 0.004;
7 1 8 0.004;
7 2 1 0.006;
7 2 2 0.006;
7 2 3 0.006;
7 2 4 0.006;
7 2 5 0.006;
7 2 6 0.006;
7 2 7 0.006;
7 2 8 0.006;
8 1 1 0.004;
8 1 2 0.004;
8 1 3 0.004;
8 1 4 0.004;
8 1 5 0.004;
8 1 6 0.004;
8 1 7 0.004;
8 1 8 0.004;
8 2 1 0.006;
8 2 2 0.006;
8 2 3 0.006;
8 2 4 0.006;
8 2 5 0.006;
8 2 6 0.006;
8 2 7 0.006;
8 2 8 0.006;
9 1 1 0.004;
9 1 2 0.004;
9 1 3 0.004;
9 1 4 0.004;
9 1 5 0.004;
9 1 6 0.004;
9 1 7 0.004;
9 1 8 0.004;
9 2 1 0.006;
9 2 2 0.006;
9 2 3 0.006;
9 2 4 0.006;
9 2 5 0.006;
9 2 6 0.006;
9 2 7 0.006;
9 2 8 0.006;
10 1 1 0.004;
10 1 2 0.004;
10 1 3 0.004;
10 1 4 0.004;
10 1 5 0.004;
10 1 6 0.004;
10 1 7 0.004;
10 1 8 0.004;
10 2 1 0.006;
10 2 2 0.006;
10 2 3 0.006;
10 2 4 0.006;
10 2 5 0.006;
10 2 6 0.006;
10 2 7 0.006;
10 2 8 0.006;
11 1 1 0.004;
11 1 2 0.004;
11 1 3 0.004;
11 1 4 0.004;
11 1 5 0.004;
11 1 6 0.004;
11 1 7 0.004;
11 1 8 0.004;
11 2 1 0.006;
11 2 2 0.006;
11 2 3 0.006;
11 2 4 0.006;
11 2 5 0.006;
11 2 6 0.006;
11 2 7 0.006;
11 2 8 0.006;
12 1 1 0.004;
12 1 2 0.004;
12 1 3 0.004;
12 1 4 0.004;
12 1 5 0.004;
12 1 6 0.004;
12 1 7 0.004;
12 1 8 0.004;
12 2 1 0.006;
12 2 2 0.006;
12 2 3 0.006;
12 2 4 0.006;
12 2 5 0.006;
12 2 6 0.006;
12 2 7 0.006;
12 2 8 0.006;
13 1 1 0.004;
13 1 2 0.004;
13 1 3 0.004;
13 1 4 0.004;
13 1 5 0.004;
13 1 6 0.004;
13 1 7 0.004;
13 1 8 0.004;
13 2 1 0.006;
13 2 2 0.006;
13 2 3 0.006;
13 2 4 0.006;
13 2 5 0.006;
13 2 6 0.006;
13 2 7 0.006;
13 2 8 0.006;
14 1 1 0.004;
14 1 2 0.004;
14 1 3 0.004;
14 1 4 0.004;
14 1 5 0.004;
14 1 6 0.004;
14 1 7 0.004;
14 1 8 0.004;
14 2 1 0.006;
14 2 2 0.006;
14 2 3 0.006;
14 2 4 0.006;
14 2 5 0.006;
14 2 6 0.006;
14 2 7 0.006;
14 2 8 0.006;
15 1 1 0.004;
15 1 2 0.004;
15 1 3 0.004;
15 1 4 0.004;
15 1 5 0.004;
15 1 6 0.004;
15 1 7 0.004;
15 1 8 0.004;
15 2 1 0.006;
15 2 2 0.006;
15 2 3 0.006;
15 2 4 0.006;
15 2 5 0.006;
15 2 6 0.006;
15 2 7 0.006;
15 2 8 0.006;
16 1 1 0.004;
16 1 2 0.004;
16 1 3 0.004;
16 1 4 0.004;
16 1 5 0.004;
16 1 6 0.004;
16 1 7 0.004;
16 1 8 0.004;
16 2 1 0.006;
16 2 2 0.006;
16 2 3 0.006;
16 2 4 0.006;
16 2 5 0.006;
16 2 6 0.006;
16 2 7 0.006;
16 2 8 0.006;
17 1 1 0.004;
17 1 2 0.004;
17 1 3 0.004;
17 1 4 0.004;
17 1 5 0.004;
17 1 6 0.004;
17 1 7 0.004;
17 1 8 0.004;
17 2 1 0.006;
17 2 2 0.006;
17 2 3 0.006;
17 2 4 0.006;
17 2 5 0.006;
17 2 6 0.006;
17 2 7 0.006;
17 2 8 0.006;
18 1 1 0.004;
18 1 2 0.004;
18 1 3 0.004;
18 1 4 0.004;
18 1 5 0.004;
18 1 6 0.004;
18 1 7 0.004;
18 1 8 0.004;
18 2 1 0.006;
18 2 2 0.006;
18 2 3 0.006;
18 2 4 0.006;
18 2 5 0.006;
18 2 6 0.006;
18 2 7 0.006;
18 2 8 0.006;
19 1 1 0.004;
19 1 2 0.004;
19 1 3 0.004;
19 1 4 0.004;
19 1 5 0.004;
19 1 6 0.004;
19 1 7 0.004;
19 1 8 0.004;
19 2 1 0.006;
19 2 2 0.006;
19 2 3 0.006;
19 2 4 0.006;
19 2 5 0.006;
19 2 6 0.006;
19 2 7 0.006;
19 2 8 0.006;
20 1 1 0.004;
20 1 2 0.004;
20 1 3 0.004;
20 1 4 0.004;
20 1 5 0.004;
20 1 6 0.004;
20 1 7 0.004;
20 1 8 0.004;
20 2 1 0.006;
20 2 2 0.006;
20 2 3 0.006;
20 2 4 0.006;
20 2 5 0.006;
20 2 6 0.006;
20 2 7 0.006;
20 2 8 0.006;
]

# csc: custo de setup do padrão de corte (igual para cada padrão j)
global c_sc = [
1 1 1 0.139;
1 1 2 0.139;
1 1 3 0.139;
1 1 4 0.139;
1 1 5 0.139;
1 1 6 0.139;
1 1 7 0.139;
1 1 8 0.139;
1 2 1 0.098;
1 2 2 0.098;
1 2 3 0.098;
1 2 4 0.098;
1 2 5 0.098;
1 2 6 0.098;
1 2 7 0.098;
1 2 8 0.098;
2 1 1 0.075;
2 1 2 0.075;
2 1 3 0.075;
2 1 4 0.075;
2 1 5 0.075;
2 1 6 0.075;
2 1 7 0.075;
2 1 8 0.075;
2 2 1 0.08;
2 2 2 0.08;
2 2 3 0.08;
2 2 4 0.08;
2 2 5 0.08;
2 2 6 0.08;
2 2 7 0.08;
2 2 8 0.08;
]

# Demandas
global d = [
1 1 1 66;
1 1 2 233;
1 1 3 0;
1 1 4 0;
1 1 5 128;
1 1 6 254;
1 1 7 0;
1 1 8 133;
1 2 1 51;
1 2 2 202;
1 2 3 0;
1 2 4 280;
1 2 5 265;
1 2 6 288;
1 2 7 197;
1 2 8 136;
2 1 1 282;
2 1 2 296;
2 1 3 147;
2 1 4 90;
2 1 5 115;
2 1 6 0;
2 1 7 235;
2 1 8 0;
2 2 1 216;
2 2 2 126;
2 2 3 159;
2 2 4 0;
2 2 5 251;
2 2 6 173;
2 2 7 186;
2 2 8 0;
3 1 1 97;
3 1 2 226;
3 1 3 229;
3 1 4 77;
3 1 5 255;
3 1 6 207;
3 1 7 0;
3 1 8 297;
3 2 1 182;
3 2 2 253;
3 2 3 108;
3 2 4 0;
3 2 5 53;
3 2 6 287;
3 2 7 174;
3 2 8 74;
4 1 1 113;
4 1 2 241;
4 1 3 0;
4 1 4 294;
4 1 5 97;
4 1 6 289;
4 1 7 236;
4 1 8 218;
4 2 1 291;
4 2 2 69;
4 2 3 244;
4 2 4 0;
4 2 5 0;
4 2 6 225;
4 2 7 197;
4 2 8 73;
5 1 1 211;
5 1 2 298;
5 1 3 287;
5 1 4 0;
5 1 5 103;
5 1 6 245;
5 1 7 291;
5 1 8 0;
5 2 1 82;
5 2 2 225;
5 2 3 62;
5 2 4 295;
5 2 5 265;
5 2 6 255;
5 2 7 107;
5 2 8 259;
6 1 1 245;
6 1 2 227;
6 1 3 215;
6 1 4 192;
6 1 5 182;
6 1 6 74;
6 1 7 0;
6 1 8 229;
6 2 1 245;
6 2 2 66;
6 2 3 108;
6 2 4 0;
6 2 5 188;
6 2 6 253;
6 2 7 177;
6 2 8 77;
7 1 1 101;
7 1 2 134;
7 1 3 136;
7 1 4 146;
7 1 5 84;
7 1 6 208;
7 1 7 218;
7 1 8 144;
7 2 1 88;
7 2 2 290;
7 2 3 123;
7 2 4 216;
7 2 5 68;
7 2 6 67;
7 2 7 101;
7 2 8 292;
8 1 1 65;
8 1 2 204;
8 1 3 193;
8 1 4 223;
8 1 5 229;
8 1 6 158;
8 1 7 135;
8 1 8 116;
8 2 1 249;
8 2 2 130;
8 2 3 80;
8 2 4 131;
8 2 5 263;
8 2 6 76;
8 2 7 236;
8 2 8 81;
9 1 1 62;
9 1 2 222;
9 1 3 70;
9 1 4 223;
9 1 5 0;
9 1 6 217;
9 1 7 279;
9 1 8 300;
9 2 1 94;
9 2 2 0;
9 2 3 0;
9 2 4 0;
9 2 5 0;
9 2 6 0;
9 2 7 148;
9 2 8 156;
10 1 1 0;
10 1 2 180;
10 1 3 0;
10 1 4 80;
10 1 5 106;
10 1 6 0;
10 1 7 224;
10 1 8 138;
10 2 1 70;
10 2 2 214;
10 2 3 0;
10 2 4 0;
10 2 5 0;
10 2 6 0;
10 2 7 296;
10 2 8 234;
11 1 1 145;
11 1 2 108;
11 1 3 180;
11 1 4 119;
11 1 5 57;
11 1 6 212;
11 1 7 0;
11 1 8 0;
11 2 1 0;
11 2 2 135;
11 2 3 124;
11 2 4 203;
11 2 5 112;
11 2 6 0;
11 2 7 116;
11 2 8 272;
12 1 1 0;
12 1 2 0;
12 1 3 0;
12 1 4 69;
12 1 5 221;
12 1 6 140;
12 1 7 64;
12 1 8 267;
12 2 1 190;
12 2 2 118;
12 2 3 227;
12 2 4 133;
12 2 5 50;
12 2 6 270;
12 2 7 69;
12 2 8 75;
13 1 1 294;
13 1 2 300;
13 1 3 0;
13 1 4 81;
13 1 5 0;
13 1 6 54;
13 1 7 0;
13 1 8 201;
13 2 1 104;
13 2 2 114;
13 2 3 285;
13 2 4 207;
13 2 5 220;
13 2 6 255;
13 2 7 165;
13 2 8 0;
14 1 1 292;
14 1 2 270;
14 1 3 224;
14 1 4 198;
14 1 5 231;
14 1 6 146;
14 1 7 0;
14 1 8 271;
14 2 1 161;
14 2 2 123;
14 2 3 210;
14 2 4 53;
14 2 5 69;
14 2 6 277;
14 2 7 0;
14 2 8 285;
15 1 1 98;
15 1 2 63;
15 1 3 271;
15 1 4 217;
15 1 5 0;
15 1 6 190;
15 1 7 292;
15 1 8 227;
15 2 1 62;
15 2 2 178;
15 2 3 101;
15 2 4 131;
15 2 5 62;
15 2 6 238;
15 2 7 185;
15 2 8 0;
16 1 1 129;
16 1 2 225;
16 1 3 84;
16 1 4 105;
16 1 5 297;
16 1 6 0;
16 1 7 0;
16 1 8 138;
16 2 1 188;
16 2 2 232;
16 2 3 0;
16 2 4 266;
16 2 5 70;
16 2 6 0;
16 2 7 0;
16 2 8 142;
17 1 1 277;
17 1 2 69;
17 1 3 0;
17 1 4 61;
17 1 5 253;
17 1 6 58;
17 1 7 213;
17 1 8 296;
17 2 1 152;
17 2 2 195;
17 2 3 53;
17 2 4 280;
17 2 5 215;
17 2 6 167;
17 2 7 0;
17 2 8 136;
18 1 1 0;
18 1 2 254;
18 1 3 0;
18 1 4 281;
18 1 5 240;
18 1 6 133;
18 1 7 227;
18 1 8 293;
18 2 1 181;
18 2 2 274;
18 2 3 123;
18 2 4 56;
18 2 5 150;
18 2 6 0;
18 2 7 117;
18 2 8 0;
19 1 1 124;
19 1 2 0;
19 1 3 278;
19 1 4 281;
19 1 5 193;
19 1 6 228;
19 1 7 122;
19 1 8 300;
19 2 1 211;
19 2 2 0;
19 2 3 244;
19 2 4 96;
19 2 5 120;
19 2 6 50;
19 2 7 142;
19 2 8 182;
20 1 1 104;
20 1 2 186;
20 1 3 246;
20 1 4 87;
20 1 5 153;
20 1 6 130;
20 1 7 62;
20 1 8 244;
20 2 1 0;
20 2 2 140;
20 2 3 276;
20 2 4 152;
20 2 5 147;
20 2 6 71;
20 2 7 201;
20 2 8 53;
]

# Perda de papel no setup da máquina
global f = [44.28 37.72; 44.28 37.72]

# c: tempo de corte da bobina mestre
global c_km = [51.84 39.56; 47.52 30.36]

# p: tempo de setup do padrão j para a bobina mestre
global p_km = [7.154 5.459; 6.558 4.19]
# Capacidade média de produção por período:
CM = 1.211991e6

D_kt = [575472.0 749932.0 553208.0 620642.0 642926.0 598678.0 541834.0 851222.0; 581110.0 651720.0 565380.0 552844.0 526304.0 582866.0 562836.0 537642.0]


# Capacidade de produção de jumbo
global Cap_p = [654475.0 654475.0 654475.0 654475.0 654475.0 654475.0 654475.0 654475.0; 557515.0 557515.0 557515.0 557515.0 557515.0 557515.0 557515.0 557515.0]

# Capacidade da cortadeira
global Cap_c = [
51284.0;
51284.0;
51284.0;
51284.0;
51284.0;
51284.0;
51284.0;
51284.0;
]
#-----------------------------------------