###################################################
# Classe 3 : K = 2, M = 2, T = 8, N = 20
# Exemplo: 8.   Nome do arquivo: c3ex08.dat          Semente: 6548

global Q1 = 1e5
global Q2 = 1e5
#-----------------------Parâmetros----------------------
global K = 2 # Gramaturas
global M = 2 # Bobinas mestres (máquinas)
global T = 8 # Períodos
global N = 20 # Itens

global L = [540, 460] # Larguras das bobinas mestres

global l = [50, 53, 57, 74, 90, 90, 91, 96, 102, 108, 109, 114, 115, 116, 116, 124, 128, 129, 130, 144] # Larguras dos itens

global rho = [2.0, 2.0] # Peso específico da bobina mestre

global b = [1080.0 920.0; 1080.0 920.0] # Peso total da bobina mestre
#-----------------------Custos----------------------

# Custo de produção da bobina mestre
global c_x = [
1 1 1 16.848;
1 1 2 16.848;
1 1 3 16.848;
1 1 4 16.848;
1 1 5 16.848;
1 1 6 16.848;
1 1 7 16.848;
1 1 8 16.848;
1 2 1 16.1;
1 2 2 16.1;
1 2 3 16.1;
1 2 4 16.1;
1 2 5 16.1;
1 2 6 16.1;
1 2 7 16.1;
1 2 8 16.1;
2 1 1 21.06;
2 1 2 21.06;
2 1 3 21.06;
2 1 4 21.06;
2 1 5 21.06;
2 1 6 21.06;
2 1 7 21.06;
2 1 8 21.06;
2 2 1 16.928;
2 2 2 16.928;
2 2 3 16.928;
2 2 4 16.928;
2 2 5 16.928;
2 2 6 16.928;
2 2 7 16.928;
2 2 8 16.928;
]

# cw: custo de estocar uma bobina mestre
global c_w = [
1 1 1 0.008;
1 1 2 0.008;
1 1 3 0.008;
1 1 4 0.008;
1 1 5 0.008;
1 1 6 0.008;
1 1 7 0.008;
1 1 8 0.008;
1 2 1 0.007;
1 2 2 0.007;
1 2 3 0.007;
1 2 4 0.007;
1 2 5 0.007;
1 2 6 0.007;
1 2 7 0.007;
1 2 8 0.007;
2 1 1 0.009;
2 1 2 0.009;
2 1 3 0.009;
2 1 4 0.009;
2 1 5 0.009;
2 1 6 0.009;
2 1 7 0.009;
2 1 8 0.009;
2 2 1 0.007;
2 2 2 0.007;
2 2 3 0.007;
2 2 4 0.007;
2 2 5 0.007;
2 2 6 0.007;
2 2 7 0.007;
2 2 8 0.007;
]

# cz: custo de setup por bobina mestre
global c_z = [
1 1 1 0.826;
1 1 2 0.826;
1 1 3 0.826;
1 1 4 0.826;
1 1 5 0.826;
1 1 6 0.826;
1 1 7 0.826;
1 1 8 0.826;
1 2 1 0.612;
1 2 2 0.612;
1 2 3 0.612;
1 2 4 0.612;
1 2 5 0.612;
1 2 6 0.612;
1 2 7 0.612;
1 2 8 0.612;
2 1 1 0.758;
2 1 2 0.758;
2 1 3 0.758;
2 1 4 0.758;
2 1 5 0.758;
2 1 6 0.758;
2 1 7 0.758;
2 1 8 0.758;
2 2 1 0.542;
2 2 2 0.542;
2 2 3 0.542;
2 2 4 0.542;
2 2 5 0.542;
2 2 6 0.542;
2 2 7 0.542;
2 2 8 0.542;
]

# cy: custo de corte por bobina mestre
global c_y = [
1 1 1 2.527;
1 1 2 2.527;
1 1 3 2.527;
1 1 4 2.527;
1 1 5 2.527;
1 1 6 2.527;
1 1 7 2.527;
1 1 8 2.527;
1 2 1 1.771;
1 2 2 1.771;
1 2 3 1.771;
1 2 4 1.771;
1 2 5 1.771;
1 2 6 1.771;
1 2 7 1.771;
1 2 8 1.771;
2 1 1 2.527;
2 1 2 2.527;
2 1 3 2.527;
2 1 4 2.527;
2 1 5 2.527;
2 1 6 2.527;
2 1 7 2.527;
2 1 8 2.527;
2 2 1 2.539;
2 2 2 2.539;
2 2 3 2.539;
2 2 4 2.539;
2 2 5 2.539;
2 2 6 2.539;
2 2 7 2.539;
2 2 8 2.539;
]

# c_e: Custo de estocar um item de largura l_i
global c_e = [
1 1 1 0.004;
1 1 2 0.004;
1 1 3 0.004;
1 1 4 0.004;
1 1 5 0.004;
1 1 6 0.004;
1 1 7 0.004;
1 1 8 0.004;
1 2 1 0.004;
1 2 2 0.004;
1 2 3 0.004;
1 2 4 0.004;
1 2 5 0.004;
1 2 6 0.004;
1 2 7 0.004;
1 2 8 0.004;
2 1 1 0.004;
2 1 2 0.004;
2 1 3 0.004;
2 1 4 0.004;
2 1 5 0.004;
2 1 6 0.004;
2 1 7 0.004;
2 1 8 0.004;
2 2 1 0.004;
2 2 2 0.004;
2 2 3 0.004;
2 2 4 0.004;
2 2 5 0.004;
2 2 6 0.004;
2 2 7 0.004;
2 2 8 0.004;
3 1 1 0.004;
3 1 2 0.004;
3 1 3 0.004;
3 1 4 0.004;
3 1 5 0.004;
3 1 6 0.004;
3 1 7 0.004;
3 1 8 0.004;
3 2 1 0.004;
3 2 2 0.004;
3 2 3 0.004;
3 2 4 0.004;
3 2 5 0.004;
3 2 6 0.004;
3 2 7 0.004;
3 2 8 0.004;
4 1 1 0.004;
4 1 2 0.004;
4 1 3 0.004;
4 1 4 0.004;
4 1 5 0.004;
4 1 6 0.004;
4 1 7 0.004;
4 1 8 0.004;
4 2 1 0.004;
4 2 2 0.004;
4 2 3 0.004;
4 2 4 0.004;
4 2 5 0.004;
4 2 6 0.004;
4 2 7 0.004;
4 2 8 0.004;
5 1 1 0.004;
5 1 2 0.004;
5 1 3 0.004;
5 1 4 0.004;
5 1 5 0.004;
5 1 6 0.004;
5 1 7 0.004;
5 1 8 0.004;
5 2 1 0.004;
5 2 2 0.004;
5 2 3 0.004;
5 2 4 0.004;
5 2 5 0.004;
5 2 6 0.004;
5 2 7 0.004;
5 2 8 0.004;
6 1 1 0.004;
6 1 2 0.004;
6 1 3 0.004;
6 1 4 0.004;
6 1 5 0.004;
6 1 6 0.004;
6 1 7 0.004;
6 1 8 0.004;
6 2 1 0.004;
6 2 2 0.004;
6 2 3 0.004;
6 2 4 0.004;
6 2 5 0.004;
6 2 6 0.004;
6 2 7 0.004;
6 2 8 0.004;
7 1 1 0.004;
7 1 2 0.004;
7 1 3 0.004;
7 1 4 0.004;
7 1 5 0.004;
7 1 6 0.004;
7 1 7 0.004;
7 1 8 0.004;
7 2 1 0.004;
7 2 2 0.004;
7 2 3 0.004;
7 2 4 0.004;
7 2 5 0.004;
7 2 6 0.004;
7 2 7 0.004;
7 2 8 0.004;
8 1 1 0.004;
8 1 2 0.004;
8 1 3 0.004;
8 1 4 0.004;
8 1 5 0.004;
8 1 6 0.004;
8 1 7 0.004;
8 1 8 0.004;
8 2 1 0.004;
8 2 2 0.004;
8 2 3 0.004;
8 2 4 0.004;
8 2 5 0.004;
8 2 6 0.004;
8 2 7 0.004;
8 2 8 0.004;
9 1 1 0.004;
9 1 2 0.004;
9 1 3 0.004;
9 1 4 0.004;
9 1 5 0.004;
9 1 6 0.004;
9 1 7 0.004;
9 1 8 0.004;
9 2 1 0.004;
9 2 2 0.004;
9 2 3 0.004;
9 2 4 0.004;
9 2 5 0.004;
9 2 6 0.004;
9 2 7 0.004;
9 2 8 0.004;
10 1 1 0.004;
10 1 2 0.004;
10 1 3 0.004;
10 1 4 0.004;
10 1 5 0.004;
10 1 6 0.004;
10 1 7 0.004;
10 1 8 0.004;
10 2 1 0.004;
10 2 2 0.004;
10 2 3 0.004;
10 2 4 0.004;
10 2 5 0.004;
10 2 6 0.004;
10 2 7 0.004;
10 2 8 0.004;
11 1 1 0.004;
11 1 2 0.004;
11 1 3 0.004;
11 1 4 0.004;
11 1 5 0.004;
11 1 6 0.004;
11 1 7 0.004;
11 1 8 0.004;
11 2 1 0.004;
11 2 2 0.004;
11 2 3 0.004;
11 2 4 0.004;
11 2 5 0.004;
11 2 6 0.004;
11 2 7 0.004;
11 2 8 0.004;
12 1 1 0.004;
12 1 2 0.004;
12 1 3 0.004;
12 1 4 0.004;
12 1 5 0.004;
12 1 6 0.004;
12 1 7 0.004;
12 1 8 0.004;
12 2 1 0.004;
12 2 2 0.004;
12 2 3 0.004;
12 2 4 0.004;
12 2 5 0.004;
12 2 6 0.004;
12 2 7 0.004;
12 2 8 0.004;
13 1 1 0.004;
13 1 2 0.004;
13 1 3 0.004;
13 1 4 0.004;
13 1 5 0.004;
13 1 6 0.004;
13 1 7 0.004;
13 1 8 0.004;
13 2 1 0.004;
13 2 2 0.004;
13 2 3 0.004;
13 2 4 0.004;
13 2 5 0.004;
13 2 6 0.004;
13 2 7 0.004;
13 2 8 0.004;
14 1 1 0.004;
14 1 2 0.004;
14 1 3 0.004;
14 1 4 0.004;
14 1 5 0.004;
14 1 6 0.004;
14 1 7 0.004;
14 1 8 0.004;
14 2 1 0.004;
14 2 2 0.004;
14 2 3 0.004;
14 2 4 0.004;
14 2 5 0.004;
14 2 6 0.004;
14 2 7 0.004;
14 2 8 0.004;
15 1 1 0.004;
15 1 2 0.004;
15 1 3 0.004;
15 1 4 0.004;
15 1 5 0.004;
15 1 6 0.004;
15 1 7 0.004;
15 1 8 0.004;
15 2 1 0.004;
15 2 2 0.004;
15 2 3 0.004;
15 2 4 0.004;
15 2 5 0.004;
15 2 6 0.004;
15 2 7 0.004;
15 2 8 0.004;
16 1 1 0.004;
16 1 2 0.004;
16 1 3 0.004;
16 1 4 0.004;
16 1 5 0.004;
16 1 6 0.004;
16 1 7 0.004;
16 1 8 0.004;
16 2 1 0.004;
16 2 2 0.004;
16 2 3 0.004;
16 2 4 0.004;
16 2 5 0.004;
16 2 6 0.004;
16 2 7 0.004;
16 2 8 0.004;
17 1 1 0.004;
17 1 2 0.004;
17 1 3 0.004;
17 1 4 0.004;
17 1 5 0.004;
17 1 6 0.004;
17 1 7 0.004;
17 1 8 0.004;
17 2 1 0.004;
17 2 2 0.004;
17 2 3 0.004;
17 2 4 0.004;
17 2 5 0.004;
17 2 6 0.004;
17 2 7 0.004;
17 2 8 0.004;
18 1 1 0.004;
18 1 2 0.004;
18 1 3 0.004;
18 1 4 0.004;
18 1 5 0.004;
18 1 6 0.004;
18 1 7 0.004;
18 1 8 0.004;
18 2 1 0.004;
18 2 2 0.004;
18 2 3 0.004;
18 2 4 0.004;
18 2 5 0.004;
18 2 6 0.004;
18 2 7 0.004;
18 2 8 0.004;
19 1 1 0.004;
19 1 2 0.004;
19 1 3 0.004;
19 1 4 0.004;
19 1 5 0.004;
19 1 6 0.004;
19 1 7 0.004;
19 1 8 0.004;
19 2 1 0.004;
19 2 2 0.004;
19 2 3 0.004;
19 2 4 0.004;
19 2 5 0.004;
19 2 6 0.004;
19 2 7 0.004;
19 2 8 0.004;
20 1 1 0.004;
20 1 2 0.004;
20 1 3 0.004;
20 1 4 0.004;
20 1 5 0.004;
20 1 6 0.004;
20 1 7 0.004;
20 1 8 0.004;
20 2 1 0.004;
20 2 2 0.004;
20 2 3 0.004;
20 2 4 0.004;
20 2 5 0.004;
20 2 6 0.004;
20 2 7 0.004;
20 2 8 0.004;
]

# csc: custo de setup do padrão de corte (igual para cada padrão j)
global c_sc = [
1 1 1 0.083;
1 1 2 0.083;
1 1 3 0.083;
1 1 4 0.083;
1 1 5 0.083;
1 1 6 0.083;
1 1 7 0.083;
1 1 8 0.083;
1 2 1 0.066;
1 2 2 0.066;
1 2 3 0.066;
1 2 4 0.066;
1 2 5 0.066;
1 2 6 0.066;
1 2 7 0.066;
1 2 8 0.066;
2 1 1 0.109;
2 1 2 0.109;
2 1 3 0.109;
2 1 4 0.109;
2 1 5 0.109;
2 1 6 0.109;
2 1 7 0.109;
2 1 8 0.109;
2 2 1 0.091;
2 2 2 0.091;
2 2 3 0.091;
2 2 4 0.091;
2 2 5 0.091;
2 2 6 0.091;
2 2 7 0.091;
2 2 8 0.091;
]

# Demandas
global d = [
1 1 1 0;
1 1 2 175;
1 1 3 0;
1 1 4 0;
1 1 5 101;
1 1 6 197;
1 1 7 0;
1 1 8 86;
1 2 1 136;
1 2 2 176;
1 2 3 184;
1 2 4 232;
1 2 5 219;
1 2 6 91;
1 2 7 183;
1 2 8 144;
2 1 1 173;
2 1 2 50;
2 1 3 221;
2 1 4 278;
2 1 5 0;
2 1 6 246;
2 1 7 149;
2 1 8 0;
2 2 1 0;
2 2 2 0;
2 2 3 213;
2 2 4 214;
2 2 5 158;
2 2 6 0;
2 2 7 139;
2 2 8 269;
3 1 1 0;
3 1 2 232;
3 1 3 255;
3 1 4 72;
3 1 5 0;
3 1 6 140;
3 1 7 0;
3 1 8 167;
3 2 1 178;
3 2 2 200;
3 2 3 248;
3 2 4 222;
3 2 5 121;
3 2 6 279;
3 2 7 263;
3 2 8 275;
4 1 1 268;
4 1 2 0;
4 1 3 0;
4 1 4 99;
4 1 5 0;
4 1 6 79;
4 1 7 80;
4 1 8 221;
4 2 1 61;
4 2 2 0;
4 2 3 224;
4 2 4 88;
4 2 5 99;
4 2 6 140;
4 2 7 186;
4 2 8 106;
5 1 1 0;
5 1 2 0;
5 1 3 71;
5 1 4 120;
5 1 5 243;
5 1 6 227;
5 1 7 186;
5 1 8 55;
5 2 1 121;
5 2 2 176;
5 2 3 230;
5 2 4 245;
5 2 5 0;
5 2 6 222;
5 2 7 0;
5 2 8 117;
6 1 1 266;
6 1 2 215;
6 1 3 0;
6 1 4 93;
6 1 5 96;
6 1 6 218;
6 1 7 71;
6 1 8 275;
6 2 1 0;
6 2 2 73;
6 2 3 93;
6 2 4 149;
6 2 5 222;
6 2 6 184;
6 2 7 281;
6 2 8 285;
7 1 1 257;
7 1 2 0;
7 1 3 161;
7 1 4 189;
7 1 5 265;
7 1 6 188;
7 1 7 160;
7 1 8 170;
7 2 1 80;
7 2 2 285;
7 2 3 0;
7 2 4 0;
7 2 5 0;
7 2 6 296;
7 2 7 0;
7 2 8 90;
8 1 1 145;
8 1 2 182;
8 1 3 292;
8 1 4 75;
8 1 5 90;
8 1 6 289;
8 1 7 0;
8 1 8 0;
8 2 1 0;
8 2 2 112;
8 2 3 88;
8 2 4 258;
8 2 5 236;
8 2 6 300;
8 2 7 265;
8 2 8 50;
9 1 1 267;
9 1 2 181;
9 1 3 0;
9 1 4 221;
9 1 5 90;
9 1 6 103;
9 1 7 284;
9 1 8 192;
9 2 1 94;
9 2 2 297;
9 2 3 188;
9 2 4 159;
9 2 5 170;
9 2 6 102;
9 2 7 261;
9 2 8 63;
10 1 1 0;
10 1 2 60;
10 1 3 0;
10 1 4 0;
10 1 5 221;
10 1 6 0;
10 1 7 198;
10 1 8 278;
10 2 1 255;
10 2 2 229;
10 2 3 124;
10 2 4 248;
10 2 5 109;
10 2 6 57;
10 2 7 73;
10 2 8 277;
11 1 1 162;
11 1 2 187;
11 1 3 254;
11 1 4 0;
11 1 5 0;
11 1 6 0;
11 1 7 0;
11 1 8 56;
11 2 1 213;
11 2 2 69;
11 2 3 285;
11 2 4 246;
11 2 5 0;
11 2 6 172;
11 2 7 93;
11 2 8 0;
12 1 1 186;
12 1 2 119;
12 1 3 0;
12 1 4 141;
12 1 5 223;
12 1 6 0;
12 1 7 204;
12 1 8 299;
12 2 1 140;
12 2 2 138;
12 2 3 243;
12 2 4 133;
12 2 5 190;
12 2 6 122;
12 2 7 230;
12 2 8 0;
13 1 1 82;
13 1 2 0;
13 1 3 0;
13 1 4 177;
13 1 5 234;
13 1 6 0;
13 1 7 70;
13 1 8 0;
13 2 1 0;
13 2 2 79;
13 2 3 158;
13 2 4 168;
13 2 5 134;
13 2 6 155;
13 2 7 287;
13 2 8 90;
14 1 1 296;
14 1 2 147;
14 1 3 58;
14 1 4 223;
14 1 5 280;
14 1 6 243;
14 1 7 0;
14 1 8 251;
14 2 1 128;
14 2 2 248;
14 2 3 241;
14 2 4 279;
14 2 5 252;
14 2 6 73;
14 2 7 85;
14 2 8 72;
15 1 1 67;
15 1 2 216;
15 1 3 252;
15 1 4 0;
15 1 5 266;
15 1 6 0;
15 1 7 134;
15 1 8 296;
15 2 1 0;
15 2 2 68;
15 2 3 68;
15 2 4 129;
15 2 5 299;
15 2 6 283;
15 2 7 129;
15 2 8 258;
16 1 1 135;
16 1 2 261;
16 1 3 252;
16 1 4 0;
16 1 5 108;
16 1 6 53;
16 1 7 290;
16 1 8 188;
16 2 1 238;
16 2 2 0;
16 2 3 129;
16 2 4 137;
16 2 5 166;
16 2 6 0;
16 2 7 282;
16 2 8 185;
17 1 1 256;
17 1 2 0;
17 1 3 135;
17 1 4 155;
17 1 5 0;
17 1 6 174;
17 1 7 288;
17 1 8 110;
17 2 1 0;
17 2 2 169;
17 2 3 0;
17 2 4 207;
17 2 5 0;
17 2 6 213;
17 2 7 237;
17 2 8 223;
18 1 1 103;
18 1 2 110;
18 1 3 236;
18 1 4 71;
18 1 5 88;
18 1 6 292;
18 1 7 82;
18 1 8 194;
18 2 1 0;
18 2 2 143;
18 2 3 204;
18 2 4 294;
18 2 5 120;
18 2 6 274;
18 2 7 259;
18 2 8 215;
19 1 1 210;
19 1 2 222;
19 1 3 0;
19 1 4 124;
19 1 5 0;
19 1 6 88;
19 1 7 214;
19 1 8 0;
19 2 1 289;
19 2 2 0;
19 2 3 0;
19 2 4 52;
19 2 5 233;
19 2 6 300;
19 2 7 61;
19 2 8 160;
20 1 1 261;
20 1 2 252;
20 1 3 91;
20 1 4 92;
20 1 5 0;
20 1 6 223;
20 1 7 243;
20 1 8 133;
20 2 1 0;
20 2 2 0;
20 2 3 213;
20 2 4 270;
20 2 5 232;
20 2 6 61;
20 2 7 179;
20 2 8 0;
]

# Perda de papel no setup da máquina
global f = [23.76 20.24; 23.76 20.24]

# c: tempo de corte da bobina mestre
global c_km = [27.0 18.4; 46.44 36.8]

# p: tempo de setup do padrão j para a bobina mestre
global p_km = [3.807 2.594; 6.548 5.189]
# Capacidade média de produção por período:
CM = 1.14617925e6

D_kt = [671122.0 548294.0 462086.0 425878.0 483550.0 540748.0 589846.0 620326.0; 395730.0 486792.0 614104.0 762024.0 612086.0 683640.0 714230.0 558274.0]


# Capacidade de produção de jumbo
global Cap_p = [618936.0 618936.0 618936.0 618936.0 618936.0 618936.0 618936.0 618936.0; 527242.0 527242.0 527242.0 527242.0 527242.0 527242.0 527242.0 527242.0]

# Capacidade da cortadeira
global Cap_c = [
36858.0;
36858.0;
36858.0;
36858.0;
36858.0;
36858.0;
36858.0;
36858.0;
]
#-----------------------------------------