###################################################
# Classe 3 : K = 2, M = 2, T = 8, N = 20
# Exemplo: 4.   Nome do arquivo: c3ex04.dat          Semente: 2323

global Q1 = 1e5
global Q2 = 1e5
#-----------------------Parâmetros----------------------
global K = 2 # Gramaturas
global M = 2 # Bobinas mestres (máquinas)
global T = 8 # Períodos
global N = 20 # Itens

global L = [540, 460] # Larguras das bobinas mestres

global l = [56, 59, 61, 68, 71, 79, 81, 86, 91, 93, 99, 99, 108, 111, 112, 113, 116, 122, 130, 135] # Larguras dos itens

global rho = [2.0, 2.0] # Peso específico da bobina mestre

global b = [1080.0 920.0; 1080.0 920.0] # Peso total da bobina mestre
#-----------------------Custos----------------------

# Custo de produção da bobina mestre
global c_x = [
1 1 1 25.812;
1 1 2 25.812;
1 1 3 25.812;
1 1 4 25.812;
1 1 5 25.812;
1 1 6 25.812;
1 1 7 25.812;
1 1 8 25.812;
1 2 1 17.296;
1 2 2 17.296;
1 2 3 17.296;
1 2 4 17.296;
1 2 5 17.296;
1 2 6 17.296;
1 2 7 17.296;
1 2 8 17.296;
2 1 1 22.572;
2 1 2 22.572;
2 1 3 22.572;
2 1 4 22.572;
2 1 5 22.572;
2 1 6 22.572;
2 1 7 22.572;
2 1 8 22.572;
2 2 1 22.907;
2 2 2 22.907;
2 2 3 22.907;
2 2 4 22.907;
2 2 5 22.907;
2 2 6 22.907;
2 2 7 22.907;
2 2 8 22.907;
]

# cw: custo de estocar uma bobina mestre
global c_w = [
1 1 1 0.009;
1 1 2 0.009;
1 1 3 0.009;
1 1 4 0.009;
1 1 5 0.009;
1 1 6 0.009;
1 1 7 0.009;
1 1 8 0.009;
1 2 1 0.008;
1 2 2 0.008;
1 2 3 0.008;
1 2 4 0.008;
1 2 5 0.008;
1 2 6 0.008;
1 2 7 0.008;
1 2 8 0.008;
2 1 1 0.012;
2 1 2 0.012;
2 1 3 0.012;
2 1 4 0.012;
2 1 5 0.012;
2 1 6 0.012;
2 1 7 0.012;
2 1 8 0.012;
2 2 1 0.01;
2 2 2 0.01;
2 2 3 0.01;
2 2 4 0.01;
2 2 5 0.01;
2 2 6 0.01;
2 2 7 0.01;
2 2 8 0.01;
]

# cz: custo de setup por bobina mestre
global c_z = [
1 1 1 0.955;
1 1 2 0.955;
1 1 3 0.955;
1 1 4 0.955;
1 1 5 0.955;
1 1 6 0.955;
1 1 7 0.955;
1 1 8 0.955;
1 2 1 0.605;
1 2 2 0.605;
1 2 3 0.605;
1 2 4 0.605;
1 2 5 0.605;
1 2 6 0.605;
1 2 7 0.605;
1 2 8 0.605;
2 1 1 0.722;
2 1 2 0.722;
2 1 3 0.722;
2 1 4 0.722;
2 1 5 0.722;
2 1 6 0.722;
2 1 7 0.722;
2 1 8 0.722;
2 2 1 0.985;
2 2 2 0.985;
2 2 3 0.985;
2 2 4 0.985;
2 2 5 0.985;
2 2 6 0.985;
2 2 7 0.985;
2 2 8 0.985;
]

# cy: custo de corte por bobina mestre
global c_y = [
1 1 1 3.097;
1 1 2 3.097;
1 1 3 3.097;
1 1 4 3.097;
1 1 5 3.097;
1 1 6 3.097;
1 1 7 3.097;
1 1 8 3.097;
1 2 1 2.248;
1 2 2 2.248;
1 2 3 2.248;
1 2 4 2.248;
1 2 5 2.248;
1 2 6 2.248;
1 2 7 2.248;
1 2 8 2.248;
2 1 1 2.257;
2 1 2 2.257;
2 1 3 2.257;
2 1 4 2.257;
2 1 5 2.257;
2 1 6 2.257;
2 1 7 2.257;
2 1 8 2.257;
2 2 1 3.207;
2 2 2 3.207;
2 2 3 3.207;
2 2 4 3.207;
2 2 5 3.207;
2 2 6 3.207;
2 2 7 3.207;
2 2 8 3.207;
]

# c_e: Custo de estocar um item de largura l_i
global c_e = [
1 1 1 0.004;
1 1 2 0.004;
1 1 3 0.004;
1 1 4 0.004;
1 1 5 0.004;
1 1 6 0.004;
1 1 7 0.004;
1 1 8 0.004;
1 2 1 0.006;
1 2 2 0.006;
1 2 3 0.006;
1 2 4 0.006;
1 2 5 0.006;
1 2 6 0.006;
1 2 7 0.006;
1 2 8 0.006;
2 1 1 0.004;
2 1 2 0.004;
2 1 3 0.004;
2 1 4 0.004;
2 1 5 0.004;
2 1 6 0.004;
2 1 7 0.004;
2 1 8 0.004;
2 2 1 0.006;
2 2 2 0.006;
2 2 3 0.006;
2 2 4 0.006;
2 2 5 0.006;
2 2 6 0.006;
2 2 7 0.006;
2 2 8 0.006;
3 1 1 0.004;
3 1 2 0.004;
3 1 3 0.004;
3 1 4 0.004;
3 1 5 0.004;
3 1 6 0.004;
3 1 7 0.004;
3 1 8 0.004;
3 2 1 0.006;
3 2 2 0.006;
3 2 3 0.006;
3 2 4 0.006;
3 2 5 0.006;
3 2 6 0.006;
3 2 7 0.006;
3 2 8 0.006;
4 1 1 0.004;
4 1 2 0.004;
4 1 3 0.004;
4 1 4 0.004;
4 1 5 0.004;
4 1 6 0.004;
4 1 7 0.004;
4 1 8 0.004;
4 2 1 0.006;
4 2 2 0.006;
4 2 3 0.006;
4 2 4 0.006;
4 2 5 0.006;
4 2 6 0.006;
4 2 7 0.006;
4 2 8 0.006;
5 1 1 0.004;
5 1 2 0.004;
5 1 3 0.004;
5 1 4 0.004;
5 1 5 0.004;
5 1 6 0.004;
5 1 7 0.004;
5 1 8 0.004;
5 2 1 0.006;
5 2 2 0.006;
5 2 3 0.006;
5 2 4 0.006;
5 2 5 0.006;
5 2 6 0.006;
5 2 7 0.006;
5 2 8 0.006;
6 1 1 0.004;
6 1 2 0.004;
6 1 3 0.004;
6 1 4 0.004;
6 1 5 0.004;
6 1 6 0.004;
6 1 7 0.004;
6 1 8 0.004;
6 2 1 0.006;
6 2 2 0.006;
6 2 3 0.006;
6 2 4 0.006;
6 2 5 0.006;
6 2 6 0.006;
6 2 7 0.006;
6 2 8 0.006;
7 1 1 0.004;
7 1 2 0.004;
7 1 3 0.004;
7 1 4 0.004;
7 1 5 0.004;
7 1 6 0.004;
7 1 7 0.004;
7 1 8 0.004;
7 2 1 0.006;
7 2 2 0.006;
7 2 3 0.006;
7 2 4 0.006;
7 2 5 0.006;
7 2 6 0.006;
7 2 7 0.006;
7 2 8 0.006;
8 1 1 0.004;
8 1 2 0.004;
8 1 3 0.004;
8 1 4 0.004;
8 1 5 0.004;
8 1 6 0.004;
8 1 7 0.004;
8 1 8 0.004;
8 2 1 0.006;
8 2 2 0.006;
8 2 3 0.006;
8 2 4 0.006;
8 2 5 0.006;
8 2 6 0.006;
8 2 7 0.006;
8 2 8 0.006;
9 1 1 0.004;
9 1 2 0.004;
9 1 3 0.004;
9 1 4 0.004;
9 1 5 0.004;
9 1 6 0.004;
9 1 7 0.004;
9 1 8 0.004;
9 2 1 0.006;
9 2 2 0.006;
9 2 3 0.006;
9 2 4 0.006;
9 2 5 0.006;
9 2 6 0.006;
9 2 7 0.006;
9 2 8 0.006;
10 1 1 0.004;
10 1 2 0.004;
10 1 3 0.004;
10 1 4 0.004;
10 1 5 0.004;
10 1 6 0.004;
10 1 7 0.004;
10 1 8 0.004;
10 2 1 0.006;
10 2 2 0.006;
10 2 3 0.006;
10 2 4 0.006;
10 2 5 0.006;
10 2 6 0.006;
10 2 7 0.006;
10 2 8 0.006;
11 1 1 0.004;
11 1 2 0.004;
11 1 3 0.004;
11 1 4 0.004;
11 1 5 0.004;
11 1 6 0.004;
11 1 7 0.004;
11 1 8 0.004;
11 2 1 0.006;
11 2 2 0.006;
11 2 3 0.006;
11 2 4 0.006;
11 2 5 0.006;
11 2 6 0.006;
11 2 7 0.006;
11 2 8 0.006;
12 1 1 0.004;
12 1 2 0.004;
12 1 3 0.004;
12 1 4 0.004;
12 1 5 0.004;
12 1 6 0.004;
12 1 7 0.004;
12 1 8 0.004;
12 2 1 0.006;
12 2 2 0.006;
12 2 3 0.006;
12 2 4 0.006;
12 2 5 0.006;
12 2 6 0.006;
12 2 7 0.006;
12 2 8 0.006;
13 1 1 0.004;
13 1 2 0.004;
13 1 3 0.004;
13 1 4 0.004;
13 1 5 0.004;
13 1 6 0.004;
13 1 7 0.004;
13 1 8 0.004;
13 2 1 0.006;
13 2 2 0.006;
13 2 3 0.006;
13 2 4 0.006;
13 2 5 0.006;
13 2 6 0.006;
13 2 7 0.006;
13 2 8 0.006;
14 1 1 0.004;
14 1 2 0.004;
14 1 3 0.004;
14 1 4 0.004;
14 1 5 0.004;
14 1 6 0.004;
14 1 7 0.004;
14 1 8 0.004;
14 2 1 0.006;
14 2 2 0.006;
14 2 3 0.006;
14 2 4 0.006;
14 2 5 0.006;
14 2 6 0.006;
14 2 7 0.006;
14 2 8 0.006;
15 1 1 0.004;
15 1 2 0.004;
15 1 3 0.004;
15 1 4 0.004;
15 1 5 0.004;
15 1 6 0.004;
15 1 7 0.004;
15 1 8 0.004;
15 2 1 0.006;
15 2 2 0.006;
15 2 3 0.006;
15 2 4 0.006;
15 2 5 0.006;
15 2 6 0.006;
15 2 7 0.006;
15 2 8 0.006;
16 1 1 0.004;
16 1 2 0.004;
16 1 3 0.004;
16 1 4 0.004;
16 1 5 0.004;
16 1 6 0.004;
16 1 7 0.004;
16 1 8 0.004;
16 2 1 0.006;
16 2 2 0.006;
16 2 3 0.006;
16 2 4 0.006;
16 2 5 0.006;
16 2 6 0.006;
16 2 7 0.006;
16 2 8 0.006;
17 1 1 0.004;
17 1 2 0.004;
17 1 3 0.004;
17 1 4 0.004;
17 1 5 0.004;
17 1 6 0.004;
17 1 7 0.004;
17 1 8 0.004;
17 2 1 0.006;
17 2 2 0.006;
17 2 3 0.006;
17 2 4 0.006;
17 2 5 0.006;
17 2 6 0.006;
17 2 7 0.006;
17 2 8 0.006;
18 1 1 0.004;
18 1 2 0.004;
18 1 3 0.004;
18 1 4 0.004;
18 1 5 0.004;
18 1 6 0.004;
18 1 7 0.004;
18 1 8 0.004;
18 2 1 0.006;
18 2 2 0.006;
18 2 3 0.006;
18 2 4 0.006;
18 2 5 0.006;
18 2 6 0.006;
18 2 7 0.006;
18 2 8 0.006;
19 1 1 0.004;
19 1 2 0.004;
19 1 3 0.004;
19 1 4 0.004;
19 1 5 0.004;
19 1 6 0.004;
19 1 7 0.004;
19 1 8 0.004;
19 2 1 0.006;
19 2 2 0.006;
19 2 3 0.006;
19 2 4 0.006;
19 2 5 0.006;
19 2 6 0.006;
19 2 7 0.006;
19 2 8 0.006;
20 1 1 0.004;
20 1 2 0.004;
20 1 3 0.004;
20 1 4 0.004;
20 1 5 0.004;
20 1 6 0.004;
20 1 7 0.004;
20 1 8 0.004;
20 2 1 0.006;
20 2 2 0.006;
20 2 3 0.006;
20 2 4 0.006;
20 2 5 0.006;
20 2 6 0.006;
20 2 7 0.006;
20 2 8 0.006;
]

# csc: custo de setup do padrão de corte (igual para cada padrão j)
global c_sc = [
1 1 1 0.121;
1 1 2 0.121;
1 1 3 0.121;
1 1 4 0.121;
1 1 5 0.121;
1 1 6 0.121;
1 1 7 0.121;
1 1 8 0.121;
1 2 1 0.11;
1 2 2 0.11;
1 2 3 0.11;
1 2 4 0.11;
1 2 5 0.11;
1 2 6 0.11;
1 2 7 0.11;
1 2 8 0.11;
2 1 1 0.072;
2 1 2 0.072;
2 1 3 0.072;
2 1 4 0.072;
2 1 5 0.072;
2 1 6 0.072;
2 1 7 0.072;
2 1 8 0.072;
2 2 1 0.138;
2 2 2 0.138;
2 2 3 0.138;
2 2 4 0.138;
2 2 5 0.138;
2 2 6 0.138;
2 2 7 0.138;
2 2 8 0.138;
]

# Demandas
global d = [
1 1 1 182;
1 1 2 141;
1 1 3 92;
1 1 4 100;
1 1 5 54;
1 1 6 0;
1 1 7 297;
1 1 8 96;
1 2 1 199;
1 2 2 254;
1 2 3 66;
1 2 4 0;
1 2 5 0;
1 2 6 79;
1 2 7 280;
1 2 8 276;
2 1 1 0;
2 1 2 153;
2 1 3 279;
2 1 4 205;
2 1 5 98;
2 1 6 236;
2 1 7 0;
2 1 8 82;
2 2 1 268;
2 2 2 123;
2 2 3 0;
2 2 4 105;
2 2 5 132;
2 2 6 222;
2 2 7 296;
2 2 8 290;
3 1 1 84;
3 1 2 194;
3 1 3 176;
3 1 4 237;
3 1 5 0;
3 1 6 0;
3 1 7 100;
3 1 8 83;
3 2 1 65;
3 2 2 269;
3 2 3 249;
3 2 4 0;
3 2 5 0;
3 2 6 140;
3 2 7 191;
3 2 8 90;
4 1 1 269;
4 1 2 226;
4 1 3 225;
4 1 4 0;
4 1 5 187;
4 1 6 198;
4 1 7 104;
4 1 8 294;
4 2 1 158;
4 2 2 0;
4 2 3 59;
4 2 4 0;
4 2 5 0;
4 2 6 236;
4 2 7 138;
4 2 8 290;
5 1 1 105;
5 1 2 102;
5 1 3 277;
5 1 4 221;
5 1 5 160;
5 1 6 171;
5 1 7 110;
5 1 8 260;
5 2 1 50;
5 2 2 146;
5 2 3 138;
5 2 4 104;
5 2 5 141;
5 2 6 208;
5 2 7 0;
5 2 8 194;
6 1 1 269;
6 1 2 136;
6 1 3 82;
6 1 4 111;
6 1 5 268;
6 1 6 140;
6 1 7 98;
6 1 8 0;
6 2 1 203;
6 2 2 73;
6 2 3 71;
6 2 4 219;
6 2 5 218;
6 2 6 115;
6 2 7 177;
6 2 8 272;
7 1 1 83;
7 1 2 243;
7 1 3 75;
7 1 4 112;
7 1 5 193;
7 1 6 141;
7 1 7 143;
7 1 8 126;
7 2 1 276;
7 2 2 143;
7 2 3 192;
7 2 4 199;
7 2 5 252;
7 2 6 167;
7 2 7 0;
7 2 8 0;
8 1 1 267;
8 1 2 112;
8 1 3 192;
8 1 4 131;
8 1 5 259;
8 1 6 52;
8 1 7 300;
8 1 8 148;
8 2 1 117;
8 2 2 51;
8 2 3 0;
8 2 4 192;
8 2 5 0;
8 2 6 138;
8 2 7 264;
8 2 8 271;
9 1 1 0;
9 1 2 254;
9 1 3 0;
9 1 4 246;
9 1 5 243;
9 1 6 239;
9 1 7 185;
9 1 8 165;
9 2 1 0;
9 2 2 66;
9 2 3 69;
9 2 4 162;
9 2 5 195;
9 2 6 0;
9 2 7 76;
9 2 8 275;
10 1 1 0;
10 1 2 112;
10 1 3 276;
10 1 4 127;
10 1 5 126;
10 1 6 229;
10 1 7 158;
10 1 8 219;
10 2 1 98;
10 2 2 162;
10 2 3 100;
10 2 4 266;
10 2 5 263;
10 2 6 92;
10 2 7 129;
10 2 8 195;
11 1 1 110;
11 1 2 59;
11 1 3 183;
11 1 4 280;
11 1 5 261;
11 1 6 80;
11 1 7 68;
11 1 8 180;
11 2 1 0;
11 2 2 207;
11 2 3 194;
11 2 4 92;
11 2 5 120;
11 2 6 83;
11 2 7 75;
11 2 8 0;
12 1 1 0;
12 1 2 179;
12 1 3 185;
12 1 4 112;
12 1 5 175;
12 1 6 0;
12 1 7 0;
12 1 8 272;
12 2 1 65;
12 2 2 191;
12 2 3 153;
12 2 4 163;
12 2 5 122;
12 2 6 223;
12 2 7 86;
12 2 8 244;
13 1 1 78;
13 1 2 126;
13 1 3 0;
13 1 4 261;
13 1 5 78;
13 1 6 0;
13 1 7 223;
13 1 8 55;
13 2 1 232;
13 2 2 215;
13 2 3 195;
13 2 4 0;
13 2 5 94;
13 2 6 224;
13 2 7 0;
13 2 8 67;
14 1 1 189;
14 1 2 64;
14 1 3 0;
14 1 4 0;
14 1 5 192;
14 1 6 85;
14 1 7 276;
14 1 8 165;
14 2 1 69;
14 2 2 0;
14 2 3 0;
14 2 4 192;
14 2 5 144;
14 2 6 191;
14 2 7 228;
14 2 8 143;
15 1 1 288;
15 1 2 276;
15 1 3 146;
15 1 4 236;
15 1 5 182;
15 1 6 219;
15 1 7 0;
15 1 8 109;
15 2 1 107;
15 2 2 110;
15 2 3 293;
15 2 4 50;
15 2 5 130;
15 2 6 0;
15 2 7 163;
15 2 8 253;
16 1 1 0;
16 1 2 296;
16 1 3 271;
16 1 4 200;
16 1 5 125;
16 1 6 249;
16 1 7 225;
16 1 8 144;
16 2 1 185;
16 2 2 256;
16 2 3 229;
16 2 4 183;
16 2 5 169;
16 2 6 177;
16 2 7 223;
16 2 8 0;
17 1 1 188;
17 1 2 71;
17 1 3 172;
17 1 4 61;
17 1 5 56;
17 1 6 143;
17 1 7 165;
17 1 8 244;
17 2 1 195;
17 2 2 96;
17 2 3 0;
17 2 4 109;
17 2 5 177;
17 2 6 255;
17 2 7 264;
17 2 8 75;
18 1 1 0;
18 1 2 0;
18 1 3 0;
18 1 4 244;
18 1 5 75;
18 1 6 54;
18 1 7 268;
18 1 8 200;
18 2 1 262;
18 2 2 95;
18 2 3 98;
18 2 4 0;
18 2 5 105;
18 2 6 96;
18 2 7 97;
18 2 8 65;
19 1 1 266;
19 1 2 54;
19 1 3 125;
19 1 4 200;
19 1 5 129;
19 1 6 58;
19 1 7 56;
19 1 8 183;
19 2 1 108;
19 2 2 122;
19 2 3 204;
19 2 4 0;
19 2 5 198;
19 2 6 0;
19 2 7 262;
19 2 8 161;
20 1 1 164;
20 1 2 0;
20 1 3 217;
20 1 4 0;
20 1 5 70;
20 1 6 300;
20 1 7 116;
20 1 8 203;
20 2 1 234;
20 2 2 162;
20 2 3 118;
20 2 4 112;
20 2 5 189;
20 2 6 247;
20 2 7 125;
20 2 8 61;
]

# Perda de papel no setup da máquina
global f = [29.16 24.84; 29.16 24.84]

# c: tempo de corte da bobina mestre
global c_km = [51.84 33.12; 22.68 30.36]

# p: tempo de setup do padrão j para a bobina mestre
global p_km = [5.962 3.809; 2.608 3.491]
# Capacidade média de produção por período:
CM = 1.061367e6

D_kt = [486152.0 497692.0 541906.0 580038.0 550134.0 501528.0 551842.0 626854.0; 550074.0 510780.0 475894.0 407182.0 531970.0 540478.0 575748.0 561800.0]


# Capacidade de produção de jumbo
global Cap_p = [573138.0 573138.0 573138.0 573138.0 573138.0 573138.0 573138.0 573138.0; 488228.0 488228.0 488228.0 488228.0 488228.0 488228.0 488228.0 488228.0]

# Capacidade da cortadeira
global Cap_c = [
36613.0;
36613.0;
36613.0;
36613.0;
36613.0;
36613.0;
36613.0;
36613.0;
]
#-----------------------------------------