###################################################
# Classe 5 : K = 2, M = 2, T = 10, N = 10
# Exemplo: 7.   Nome do arquivo: c5ex07.dat          Semente: 7763

global Q1 = 1e5
global Q2 = 1e5
#-----------------------Parâmetros----------------------
global K = 2 # Gramaturas
global M = 2 # Bobinas mestres (máquinas)
global T = 10 # Períodos
global N = 10 # Itens

global L = [540, 460] # Larguras das bobinas mestres

global l = [57, 65, 71, 76, 87, 90, 98, 98, 109, 139] # Larguras dos itens

global rho = [2.0, 2.0] # Peso específico da bobina mestre

global b = [1080.0 920.0; 1080.0 920.0] # Peso total da bobina mestre
#-----------------------Custos----------------------

# Custo de produção da bobina mestre
global c_x = [
1 1 1 25.92;
1 1 2 25.92;
1 1 3 25.92;
1 1 4 25.92;
1 1 5 25.92;
1 1 6 25.92;
1 1 7 25.92;
1 1 8 25.92;
1 1 9 25.92;
1 1 10 25.92;
1 2 1 18.584;
1 2 2 18.584;
1 2 3 18.584;
1 2 4 18.584;
1 2 5 18.584;
1 2 6 18.584;
1 2 7 18.584;
1 2 8 18.584;
1 2 9 18.584;
1 2 10 18.584;
2 1 1 18.252;
2 1 2 18.252;
2 1 3 18.252;
2 1 4 18.252;
2 1 5 18.252;
2 1 6 18.252;
2 1 7 18.252;
2 1 8 18.252;
2 1 9 18.252;
2 1 10 18.252;
2 2 1 18.032;
2 2 2 18.032;
2 2 3 18.032;
2 2 4 18.032;
2 2 5 18.032;
2 2 6 18.032;
2 2 7 18.032;
2 2 8 18.032;
2 2 9 18.032;
2 2 10 18.032;
]

# cw: custo de estocar uma bobina mestre
global c_w = [
1 1 1 0.009;
1 1 2 0.009;
1 1 3 0.009;
1 1 4 0.009;
1 1 5 0.009;
1 1 6 0.009;
1 1 7 0.009;
1 1 8 0.009;
1 1 9 0.009;
1 1 10 0.009;
1 2 1 0.008;
1 2 2 0.008;
1 2 3 0.008;
1 2 4 0.008;
1 2 5 0.008;
1 2 6 0.008;
1 2 7 0.008;
1 2 8 0.008;
1 2 9 0.008;
1 2 10 0.008;
2 1 1 0.009;
2 1 2 0.009;
2 1 3 0.009;
2 1 4 0.009;
2 1 5 0.009;
2 1 6 0.009;
2 1 7 0.009;
2 1 8 0.009;
2 1 9 0.009;
2 1 10 0.009;
2 2 1 0.007;
2 2 2 0.007;
2 2 3 0.007;
2 2 4 0.007;
2 2 5 0.007;
2 2 6 0.007;
2 2 7 0.007;
2 2 8 0.007;
2 2 9 0.007;
2 2 10 0.007;
]

# cz: custo de setup por bobina mestre
global c_z = [
1 1 1 1.063;
1 1 2 1.063;
1 1 3 1.063;
1 1 4 1.063;
1 1 5 1.063;
1 1 6 1.063;
1 1 7 1.063;
1 1 8 1.063;
1 1 9 1.063;
1 1 10 1.063;
1 2 1 0.836;
1 2 2 0.836;
1 2 3 0.836;
1 2 4 0.836;
1 2 5 0.836;
1 2 6 0.836;
1 2 7 0.836;
1 2 8 0.836;
1 2 9 0.836;
1 2 10 0.836;
2 1 1 0.712;
2 1 2 0.712;
2 1 3 0.712;
2 1 4 0.712;
2 1 5 0.712;
2 1 6 0.712;
2 1 7 0.712;
2 1 8 0.712;
2 1 9 0.712;
2 1 10 0.712;
2 2 1 0.667;
2 2 2 0.667;
2 2 3 0.667;
2 2 4 0.667;
2 2 5 0.667;
2 2 6 0.667;
2 2 7 0.667;
2 2 8 0.667;
2 2 9 0.667;
2 2 10 0.667;
]

# cy: custo de corte por bobina mestre
global c_y = [
1 1 1 3.629;
1 1 2 3.629;
1 1 3 3.629;
1 1 4 3.629;
1 1 5 3.629;
1 1 6 3.629;
1 1 7 3.629;
1 1 8 3.629;
1 1 9 3.629;
1 1 10 3.629;
1 2 1 1.858;
1 2 2 1.858;
1 2 3 1.858;
1 2 4 1.858;
1 2 5 1.858;
1 2 6 1.858;
1 2 7 1.858;
1 2 8 1.858;
1 2 9 1.858;
1 2 10 1.858;
2 1 1 2.008;
2 1 2 2.008;
2 1 3 2.008;
2 1 4 2.008;
2 1 5 2.008;
2 1 6 2.008;
2 1 7 2.008;
2 1 8 2.008;
2 1 9 2.008;
2 1 10 2.008;
2 2 1 2.344;
2 2 2 2.344;
2 2 3 2.344;
2 2 4 2.344;
2 2 5 2.344;
2 2 6 2.344;
2 2 7 2.344;
2 2 8 2.344;
2 2 9 2.344;
2 2 10 2.344;
]

# c_e: Custo de estocar um item de largura l_i
global c_e = [
1 1 1 0.004;
1 1 2 0.004;
1 1 3 0.004;
1 1 4 0.004;
1 1 5 0.004;
1 1 6 0.004;
1 1 7 0.004;
1 1 8 0.004;
1 1 9 0.004;
1 1 10 0.004;
1 2 1 0.004;
1 2 2 0.004;
1 2 3 0.004;
1 2 4 0.004;
1 2 5 0.004;
1 2 6 0.004;
1 2 7 0.004;
1 2 8 0.004;
1 2 9 0.004;
1 2 10 0.004;
2 1 1 0.004;
2 1 2 0.004;
2 1 3 0.004;
2 1 4 0.004;
2 1 5 0.004;
2 1 6 0.004;
2 1 7 0.004;
2 1 8 0.004;
2 1 9 0.004;
2 1 10 0.004;
2 2 1 0.004;
2 2 2 0.004;
2 2 3 0.004;
2 2 4 0.004;
2 2 5 0.004;
2 2 6 0.004;
2 2 7 0.004;
2 2 8 0.004;
2 2 9 0.004;
2 2 10 0.004;
3 1 1 0.004;
3 1 2 0.004;
3 1 3 0.004;
3 1 4 0.004;
3 1 5 0.004;
3 1 6 0.004;
3 1 7 0.004;
3 1 8 0.004;
3 1 9 0.004;
3 1 10 0.004;
3 2 1 0.004;
3 2 2 0.004;
3 2 3 0.004;
3 2 4 0.004;
3 2 5 0.004;
3 2 6 0.004;
3 2 7 0.004;
3 2 8 0.004;
3 2 9 0.004;
3 2 10 0.004;
4 1 1 0.004;
4 1 2 0.004;
4 1 3 0.004;
4 1 4 0.004;
4 1 5 0.004;
4 1 6 0.004;
4 1 7 0.004;
4 1 8 0.004;
4 1 9 0.004;
4 1 10 0.004;
4 2 1 0.004;
4 2 2 0.004;
4 2 3 0.004;
4 2 4 0.004;
4 2 5 0.004;
4 2 6 0.004;
4 2 7 0.004;
4 2 8 0.004;
4 2 9 0.004;
4 2 10 0.004;
5 1 1 0.004;
5 1 2 0.004;
5 1 3 0.004;
5 1 4 0.004;
5 1 5 0.004;
5 1 6 0.004;
5 1 7 0.004;
5 1 8 0.004;
5 1 9 0.004;
5 1 10 0.004;
5 2 1 0.004;
5 2 2 0.004;
5 2 3 0.004;
5 2 4 0.004;
5 2 5 0.004;
5 2 6 0.004;
5 2 7 0.004;
5 2 8 0.004;
5 2 9 0.004;
5 2 10 0.004;
6 1 1 0.004;
6 1 2 0.004;
6 1 3 0.004;
6 1 4 0.004;
6 1 5 0.004;
6 1 6 0.004;
6 1 7 0.004;
6 1 8 0.004;
6 1 9 0.004;
6 1 10 0.004;
6 2 1 0.004;
6 2 2 0.004;
6 2 3 0.004;
6 2 4 0.004;
6 2 5 0.004;
6 2 6 0.004;
6 2 7 0.004;
6 2 8 0.004;
6 2 9 0.004;
6 2 10 0.004;
7 1 1 0.004;
7 1 2 0.004;
7 1 3 0.004;
7 1 4 0.004;
7 1 5 0.004;
7 1 6 0.004;
7 1 7 0.004;
7 1 8 0.004;
7 1 9 0.004;
7 1 10 0.004;
7 2 1 0.004;
7 2 2 0.004;
7 2 3 0.004;
7 2 4 0.004;
7 2 5 0.004;
7 2 6 0.004;
7 2 7 0.004;
7 2 8 0.004;
7 2 9 0.004;
7 2 10 0.004;
8 1 1 0.004;
8 1 2 0.004;
8 1 3 0.004;
8 1 4 0.004;
8 1 5 0.004;
8 1 6 0.004;
8 1 7 0.004;
8 1 8 0.004;
8 1 9 0.004;
8 1 10 0.004;
8 2 1 0.004;
8 2 2 0.004;
8 2 3 0.004;
8 2 4 0.004;
8 2 5 0.004;
8 2 6 0.004;
8 2 7 0.004;
8 2 8 0.004;
8 2 9 0.004;
8 2 10 0.004;
9 1 1 0.004;
9 1 2 0.004;
9 1 3 0.004;
9 1 4 0.004;
9 1 5 0.004;
9 1 6 0.004;
9 1 7 0.004;
9 1 8 0.004;
9 1 9 0.004;
9 1 10 0.004;
9 2 1 0.004;
9 2 2 0.004;
9 2 3 0.004;
9 2 4 0.004;
9 2 5 0.004;
9 2 6 0.004;
9 2 7 0.004;
9 2 8 0.004;
9 2 9 0.004;
9 2 10 0.004;
10 1 1 0.004;
10 1 2 0.004;
10 1 3 0.004;
10 1 4 0.004;
10 1 5 0.004;
10 1 6 0.004;
10 1 7 0.004;
10 1 8 0.004;
10 1 9 0.004;
10 1 10 0.004;
10 2 1 0.004;
10 2 2 0.004;
10 2 3 0.004;
10 2 4 0.004;
10 2 5 0.004;
10 2 6 0.004;
10 2 7 0.004;
10 2 8 0.004;
10 2 9 0.004;
10 2 10 0.004;
]

# csc: custo de setup do padrão de corte (igual para cada padrão j)
global c_sc = [
1 1 1 0.181;
1 1 2 0.181;
1 1 3 0.181;
1 1 4 0.181;
1 1 5 0.181;
1 1 6 0.181;
1 1 7 0.181;
1 1 8 0.181;
1 1 9 0.181;
1 1 10 0.181;
1 2 1 0.067;
1 2 2 0.067;
1 2 3 0.067;
1 2 4 0.067;
1 2 5 0.067;
1 2 6 0.067;
1 2 7 0.067;
1 2 8 0.067;
1 2 9 0.067;
1 2 10 0.067;
2 1 1 0.098;
2 1 2 0.098;
2 1 3 0.098;
2 1 4 0.098;
2 1 5 0.098;
2 1 6 0.098;
2 1 7 0.098;
2 1 8 0.098;
2 1 9 0.098;
2 1 10 0.098;
2 2 1 0.103;
2 2 2 0.103;
2 2 3 0.103;
2 2 4 0.103;
2 2 5 0.103;
2 2 6 0.103;
2 2 7 0.103;
2 2 8 0.103;
2 2 9 0.103;
2 2 10 0.103;
]

# Demandas
global d = [
1 1 1 0;
1 1 2 69;
1 1 3 122;
1 1 4 228;
1 1 5 0;
1 1 6 207;
1 1 7 233;
1 1 8 136;
1 1 9 228;
1 1 10 191;
1 2 1 255;
1 2 2 242;
1 2 3 0;
1 2 4 0;
1 2 5 0;
1 2 6 293;
1 2 7 201;
1 2 8 135;
1 2 9 110;
1 2 10 75;
2 1 1 247;
2 1 2 184;
2 1 3 275;
2 1 4 133;
2 1 5 273;
2 1 6 0;
2 1 7 155;
2 1 8 0;
2 1 9 194;
2 1 10 213;
2 2 1 0;
2 2 2 0;
2 2 3 226;
2 2 4 264;
2 2 5 0;
2 2 6 187;
2 2 7 294;
2 2 8 73;
2 2 9 0;
2 2 10 0;
3 1 1 300;
3 1 2 62;
3 1 3 167;
3 1 4 74;
3 1 5 120;
3 1 6 292;
3 1 7 52;
3 1 8 140;
3 1 9 0;
3 1 10 0;
3 2 1 0;
3 2 2 292;
3 2 3 216;
3 2 4 297;
3 2 5 145;
3 2 6 271;
3 2 7 51;
3 2 8 153;
3 2 9 91;
3 2 10 0;
4 1 1 194;
4 1 2 0;
4 1 3 259;
4 1 4 196;
4 1 5 189;
4 1 6 213;
4 1 7 94;
4 1 8 155;
4 1 9 163;
4 1 10 153;
4 2 1 0;
4 2 2 145;
4 2 3 184;
4 2 4 139;
4 2 5 288;
4 2 6 144;
4 2 7 196;
4 2 8 196;
4 2 9 0;
4 2 10 88;
5 1 1 279;
5 1 2 226;
5 1 3 118;
5 1 4 170;
5 1 5 0;
5 1 6 111;
5 1 7 138;
5 1 8 184;
5 1 9 64;
5 1 10 166;
5 2 1 111;
5 2 2 281;
5 2 3 270;
5 2 4 188;
5 2 5 124;
5 2 6 58;
5 2 7 0;
5 2 8 268;
5 2 9 0;
5 2 10 265;
6 1 1 0;
6 1 2 123;
6 1 3 0;
6 1 4 117;
6 1 5 295;
6 1 6 0;
6 1 7 128;
6 1 8 158;
6 1 9 198;
6 1 10 263;
6 2 1 134;
6 2 2 225;
6 2 3 82;
6 2 4 232;
6 2 5 151;
6 2 6 124;
6 2 7 225;
6 2 8 70;
6 2 9 97;
6 2 10 206;
7 1 1 138;
7 1 2 79;
7 1 3 265;
7 1 4 0;
7 1 5 196;
7 1 6 75;
7 1 7 137;
7 1 8 155;
7 1 9 142;
7 1 10 62;
7 2 1 279;
7 2 2 71;
7 2 3 0;
7 2 4 132;
7 2 5 164;
7 2 6 156;
7 2 7 78;
7 2 8 0;
7 2 9 0;
7 2 10 137;
8 1 1 193;
8 1 2 132;
8 1 3 221;
8 1 4 64;
8 1 5 0;
8 1 6 191;
8 1 7 87;
8 1 8 296;
8 1 9 109;
8 1 10 188;
8 2 1 275;
8 2 2 176;
8 2 3 0;
8 2 4 184;
8 2 5 97;
8 2 6 190;
8 2 7 250;
8 2 8 175;
8 2 9 202;
8 2 10 289;
9 1 1 88;
9 1 2 257;
9 1 3 204;
9 1 4 0;
9 1 5 125;
9 1 6 127;
9 1 7 143;
9 1 8 241;
9 1 9 293;
9 1 10 186;
9 2 1 100;
9 2 2 287;
9 2 3 221;
9 2 4 136;
9 2 5 175;
9 2 6 128;
9 2 7 68;
9 2 8 0;
9 2 9 0;
9 2 10 197;
10 1 1 255;
10 1 2 0;
10 1 3 268;
10 1 4 204;
10 1 5 0;
10 1 6 240;
10 1 7 211;
10 1 8 153;
10 1 9 90;
10 1 10 229;
10 2 1 67;
10 2 2 52;
10 2 3 104;
10 2 4 121;
10 2 5 171;
10 2 6 160;
10 2 7 52;
10 2 8 290;
10 2 9 126;
10 2 10 73;
]

# Perda de papel no setup da máquina
global f = [48.6 41.4; 48.6 41.4]

# c: tempo de corte da bobina mestre
global c_km = [34.56 38.64; 33.48 33.12]

# p: tempo de setup do padrão j para a bobina mestre
global p_km = [4.424 4.946; 4.285 4.239]
# Capacidade média de produção por período:
CM = 508271.8

D_kt = [307694.0 199436.0 347504.0 203478.0 200024.0 263294.0 249172.0 302868.0 260854.0 302154.0; 221514.0 305920.0 226850.0 297316.0 249966.0 290694.0 232236.0 250550.0 117542.0 251852.0]


# Capacidade de produção de jumbo
global Cap_p = [274466.0 274466.0 274466.0 274466.0 274466.0 274466.0 274466.0 274466.0 274466.0 274466.0; 233805.0 233805.0 233805.0 233805.0 233805.0 233805.0 233805.0 233805.0 233805.0 233805.0]

# Capacidade da cortadeira
global Cap_c = [
17757.0;
17757.0;
17757.0;
17757.0;
17757.0;
17757.0;
17757.0;
17757.0;
17757.0;
17757.0;
]
#-----------------------------------------