###################################################
# Classe 7 : K = 2, M = 2, T = 12, N = 5
# Exemplo: 1.   Nome do arquivo: c7ex01.dat          Semente: 1534

global Q1 = 1e5
global Q2 = 1e5
#-----------------------Parâmetros----------------------
global K = 2 # Gramaturas
global M = 2 # Bobinas mestres (máquinas)
global T = 12 # Períodos
global N = 5 # Itens

global L = [540, 460] # Larguras das bobinas mestres

global l = [78, 79, 124, 136, 141] # Larguras dos itens

global rho = [2.0, 2.0] # Peso específico da bobina mestre

global b = [1080.0 920.0; 1080.0 920.0] # Peso total da bobina mestre
#-----------------------Custos----------------------

# Custo de produção da bobina mestre
global c_x = [
1 1 1 27.0;
1 1 2 27.0;
1 1 3 27.0;
1 1 4 27.0;
1 1 5 27.0;
1 1 6 27.0;
1 1 7 27.0;
1 1 8 27.0;
1 1 9 27.0;
1 1 10 27.0;
1 1 11 27.0;
1 1 12 27.0;
1 2 1 22.08;
1 2 2 22.08;
1 2 3 22.08;
1 2 4 22.08;
1 2 5 22.08;
1 2 6 22.08;
1 2 7 22.08;
1 2 8 22.08;
1 2 9 22.08;
1 2 10 22.08;
1 2 11 22.08;
1 2 12 22.08;
2 1 1 17.496;
2 1 2 17.496;
2 1 3 17.496;
2 1 4 17.496;
2 1 5 17.496;
2 1 6 17.496;
2 1 7 17.496;
2 1 8 17.496;
2 1 9 17.496;
2 1 10 17.496;
2 1 11 17.496;
2 1 12 17.496;
2 2 1 18.308;
2 2 2 18.308;
2 2 3 18.308;
2 2 4 18.308;
2 2 5 18.308;
2 2 6 18.308;
2 2 7 18.308;
2 2 8 18.308;
2 2 9 18.308;
2 2 10 18.308;
2 2 11 18.308;
2 2 12 18.308;
]

# cw: custo de estocar uma bobina mestre
global c_w = [
1 1 1 0.011;
1 1 2 0.011;
1 1 3 0.011;
1 1 4 0.011;
1 1 5 0.011;
1 1 6 0.011;
1 1 7 0.011;
1 1 8 0.011;
1 1 9 0.011;
1 1 10 0.011;
1 1 11 0.011;
1 1 12 0.011;
1 2 1 0.01;
1 2 2 0.01;
1 2 3 0.01;
1 2 4 0.01;
1 2 5 0.01;
1 2 6 0.01;
1 2 7 0.01;
1 2 8 0.01;
1 2 9 0.01;
1 2 10 0.01;
1 2 11 0.01;
1 2 12 0.01;
2 1 1 0.011;
2 1 2 0.011;
2 1 3 0.011;
2 1 4 0.011;
2 1 5 0.011;
2 1 6 0.011;
2 1 7 0.011;
2 1 8 0.011;
2 1 9 0.011;
2 1 10 0.011;
2 1 11 0.011;
2 1 12 0.011;
2 2 1 0.009;
2 2 2 0.009;
2 2 3 0.009;
2 2 4 0.009;
2 2 5 0.009;
2 2 6 0.009;
2 2 7 0.009;
2 2 8 0.009;
2 2 9 0.009;
2 2 10 0.009;
2 2 11 0.009;
2 2 12 0.009;
]

# cz: custo de setup por bobina mestre
global c_z = [
1 1 1 1.08;
1 1 2 1.08;
1 1 3 1.08;
1 1 4 1.08;
1 1 5 1.08;
1 1 6 1.08;
1 1 7 1.08;
1 1 8 1.08;
1 1 9 1.08;
1 1 10 1.08;
1 1 11 1.08;
1 1 12 1.08;
1 2 1 0.729;
1 2 2 0.729;
1 2 3 0.729;
1 2 4 0.729;
1 2 5 0.729;
1 2 6 0.729;
1 2 7 0.729;
1 2 8 0.729;
1 2 9 0.729;
1 2 10 0.729;
1 2 11 0.729;
1 2 12 0.729;
2 1 1 0.735;
2 1 2 0.735;
2 1 3 0.735;
2 1 4 0.735;
2 1 5 0.735;
2 1 6 0.735;
2 1 7 0.735;
2 1 8 0.735;
2 1 9 0.735;
2 1 10 0.735;
2 1 11 0.735;
2 1 12 0.735;
2 2 1 0.897;
2 2 2 0.897;
2 2 3 0.897;
2 2 4 0.897;
2 2 5 0.897;
2 2 6 0.897;
2 2 7 0.897;
2 2 8 0.897;
2 2 9 0.897;
2 2 10 0.897;
2 2 11 0.897;
2 2 12 0.897;
]

# cy: custo de corte por bobina mestre
global c_y = [
1 1 1 3.24;
1 1 2 3.24;
1 1 3 3.24;
1 1 4 3.24;
1 1 5 3.24;
1 1 6 3.24;
1 1 7 3.24;
1 1 8 3.24;
1 1 9 3.24;
1 1 10 3.24;
1 1 11 3.24;
1 1 12 3.24;
1 2 1 2.87;
1 2 2 2.87;
1 2 3 2.87;
1 2 4 2.87;
1 2 5 2.87;
1 2 6 2.87;
1 2 7 2.87;
1 2 8 2.87;
1 2 9 2.87;
1 2 10 2.87;
1 2 11 2.87;
1 2 12 2.87;
2 1 1 1.925;
2 1 2 1.925;
2 1 3 1.925;
2 1 4 1.925;
2 1 5 1.925;
2 1 6 1.925;
2 1 7 1.925;
2 1 8 1.925;
2 1 9 1.925;
2 1 10 1.925;
2 1 11 1.925;
2 1 12 1.925;
2 2 1 2.38;
2 2 2 2.38;
2 2 3 2.38;
2 2 4 2.38;
2 2 5 2.38;
2 2 6 2.38;
2 2 7 2.38;
2 2 8 2.38;
2 2 9 2.38;
2 2 10 2.38;
2 2 11 2.38;
2 2 12 2.38;
]

# c_e: Custo de estocar um item de largura l_i
global c_e = [
1 1 1 0.005;
1 1 2 0.005;
1 1 3 0.005;
1 1 4 0.005;
1 1 5 0.005;
1 1 6 0.005;
1 1 7 0.005;
1 1 8 0.005;
1 1 9 0.005;
1 1 10 0.005;
1 1 11 0.005;
1 1 12 0.005;
1 2 1 0.005;
1 2 2 0.005;
1 2 3 0.005;
1 2 4 0.005;
1 2 5 0.005;
1 2 6 0.005;
1 2 7 0.005;
1 2 8 0.005;
1 2 9 0.005;
1 2 10 0.005;
1 2 11 0.005;
1 2 12 0.005;
2 1 1 0.005;
2 1 2 0.005;
2 1 3 0.005;
2 1 4 0.005;
2 1 5 0.005;
2 1 6 0.005;
2 1 7 0.005;
2 1 8 0.005;
2 1 9 0.005;
2 1 10 0.005;
2 1 11 0.005;
2 1 12 0.005;
2 2 1 0.005;
2 2 2 0.005;
2 2 3 0.005;
2 2 4 0.005;
2 2 5 0.005;
2 2 6 0.005;
2 2 7 0.005;
2 2 8 0.005;
2 2 9 0.005;
2 2 10 0.005;
2 2 11 0.005;
2 2 12 0.005;
3 1 1 0.005;
3 1 2 0.005;
3 1 3 0.005;
3 1 4 0.005;
3 1 5 0.005;
3 1 6 0.005;
3 1 7 0.005;
3 1 8 0.005;
3 1 9 0.005;
3 1 10 0.005;
3 1 11 0.005;
3 1 12 0.005;
3 2 1 0.005;
3 2 2 0.005;
3 2 3 0.005;
3 2 4 0.005;
3 2 5 0.005;
3 2 6 0.005;
3 2 7 0.005;
3 2 8 0.005;
3 2 9 0.005;
3 2 10 0.005;
3 2 11 0.005;
3 2 12 0.005;
4 1 1 0.005;
4 1 2 0.005;
4 1 3 0.005;
4 1 4 0.005;
4 1 5 0.005;
4 1 6 0.005;
4 1 7 0.005;
4 1 8 0.005;
4 1 9 0.005;
4 1 10 0.005;
4 1 11 0.005;
4 1 12 0.005;
4 2 1 0.005;
4 2 2 0.005;
4 2 3 0.005;
4 2 4 0.005;
4 2 5 0.005;
4 2 6 0.005;
4 2 7 0.005;
4 2 8 0.005;
4 2 9 0.005;
4 2 10 0.005;
4 2 11 0.005;
4 2 12 0.005;
5 1 1 0.005;
5 1 2 0.005;
5 1 3 0.005;
5 1 4 0.005;
5 1 5 0.005;
5 1 6 0.005;
5 1 7 0.005;
5 1 8 0.005;
5 1 9 0.005;
5 1 10 0.005;
5 1 11 0.005;
5 1 12 0.005;
5 2 1 0.005;
5 2 2 0.005;
5 2 3 0.005;
5 2 4 0.005;
5 2 5 0.005;
5 2 6 0.005;
5 2 7 0.005;
5 2 8 0.005;
5 2 9 0.005;
5 2 10 0.005;
5 2 11 0.005;
5 2 12 0.005;
]

# csc: custo de setup do padrão de corte (igual para cada padrão j)
global c_sc = [
1 1 1 0.126;
1 1 2 0.126;
1 1 3 0.126;
1 1 4 0.126;
1 1 5 0.126;
1 1 6 0.126;
1 1 7 0.126;
1 1 8 0.126;
1 1 9 0.126;
1 1 10 0.126;
1 1 11 0.126;
1 1 12 0.126;
1 2 1 0.109;
1 2 2 0.109;
1 2 3 0.109;
1 2 4 0.109;
1 2 5 0.109;
1 2 6 0.109;
1 2 7 0.109;
1 2 8 0.109;
1 2 9 0.109;
1 2 10 0.109;
1 2 11 0.109;
1 2 12 0.109;
2 1 1 0.083;
2 1 2 0.083;
2 1 3 0.083;
2 1 4 0.083;
2 1 5 0.083;
2 1 6 0.083;
2 1 7 0.083;
2 1 8 0.083;
2 1 9 0.083;
2 1 10 0.083;
2 1 11 0.083;
2 1 12 0.083;
2 2 1 0.098;
2 2 2 0.098;
2 2 3 0.098;
2 2 4 0.098;
2 2 5 0.098;
2 2 6 0.098;
2 2 7 0.098;
2 2 8 0.098;
2 2 9 0.098;
2 2 10 0.098;
2 2 11 0.098;
2 2 12 0.098;
]

# Demandas
global d = [
1 1 1 184;
1 1 2 78;
1 1 3 141;
1 1 4 230;
1 1 5 150;
1 1 6 0;
1 1 7 123;
1 1 8 210;
1 1 9 275;
1 1 10 54;
1 1 11 272;
1 1 12 108;
1 2 1 192;
1 2 2 279;
1 2 3 91;
1 2 4 291;
1 2 5 143;
1 2 6 148;
1 2 7 91;
1 2 8 210;
1 2 9 163;
1 2 10 163;
1 2 11 0;
1 2 12 106;
2 1 1 261;
2 1 2 90;
2 1 3 214;
2 1 4 110;
2 1 5 0;
2 1 6 56;
2 1 7 0;
2 1 8 252;
2 1 9 0;
2 1 10 0;
2 1 11 118;
2 1 12 281;
2 2 1 262;
2 2 2 293;
2 2 3 136;
2 2 4 154;
2 2 5 0;
2 2 6 110;
2 2 7 215;
2 2 8 158;
2 2 9 281;
2 2 10 240;
2 2 11 237;
2 2 12 144;
3 1 1 160;
3 1 2 127;
3 1 3 113;
3 1 4 137;
3 1 5 135;
3 1 6 257;
3 1 7 92;
3 1 8 248;
3 1 9 0;
3 1 10 236;
3 1 11 258;
3 1 12 0;
3 2 1 116;
3 2 2 197;
3 2 3 216;
3 2 4 0;
3 2 5 233;
3 2 6 59;
3 2 7 241;
3 2 8 105;
3 2 9 142;
3 2 10 129;
3 2 11 231;
3 2 12 169;
4 1 1 0;
4 1 2 99;
4 1 3 279;
4 1 4 0;
4 1 5 93;
4 1 6 221;
4 1 7 107;
4 1 8 280;
4 1 9 164;
4 1 10 63;
4 1 11 237;
4 1 12 0;
4 2 1 228;
4 2 2 0;
4 2 3 224;
4 2 4 59;
4 2 5 286;
4 2 6 291;
4 2 7 106;
4 2 8 160;
4 2 9 126;
4 2 10 105;
4 2 11 297;
4 2 12 125;
5 1 1 168;
5 1 2 0;
5 1 3 284;
5 1 4 54;
5 1 5 245;
5 1 6 251;
5 1 7 0;
5 1 8 203;
5 1 9 294;
5 1 10 200;
5 1 11 135;
5 1 12 289;
5 2 1 210;
5 2 2 170;
5 2 3 102;
5 2 4 0;
5 2 5 241;
5 2 6 281;
5 2 7 85;
5 2 8 0;
5 2 9 70;
5 2 10 86;
5 2 11 144;
5 2 12 274;
]

# Perda de papel no setup da máquina
global f = [16.2 13.8; 16.2 13.8]

# c: tempo de corte da bobina mestre
global c_km = [42.12 35.88; 32.4 43.24]

# p: tempo de setup do padrão j para a bobina mestre
global p_km = [5.307 4.521; 4.082 5.448]
# Capacidade média de produção por período:
CM = 339602.3333333333

D_kt = [156998.0 84812.0 239808.0 102464.0 151266.0 203478.0 71108.0 267486.0 170416.0 140488.0 227594.0 142744.0; 221352.0 186614.0 178944.0 85776.0 225846.0 213494.0 160736.0 127284.0 159054.0 148152.0 216126.0 192468.0]


# Capacidade de produção de jumbo
global Cap_p = [183385.0 183385.0 183385.0 183385.0 183385.0 183385.0 183385.0 183385.0 183385.0 183385.0 183385.0 183385.0; 156217.0 156217.0 156217.0 156217.0 156217.0 156217.0 156217.0 156217.0 156217.0 156217.0 156217.0 156217.0]

# Capacidade da cortadeira
global Cap_c = [
13041.0;
13041.0;
13041.0;
13041.0;
13041.0;
13041.0;
13041.0;
13041.0;
13041.0;
13041.0;
13041.0;
13041.0;
]
#-----------------------------------------