###################################################
# Classe 8 : K = 2, M = 2, T = 12, N = 10
# Exemplo: 4.   Nome do arquivo: c8ex04.dat          Semente: 4999

global Q1 = 1e5
global Q2 = 1e5
#-----------------------Parâmetros----------------------
global K = 2 # Gramaturas
global M = 2 # Bobinas mestres (máquinas)
global T = 12 # Períodos
global N = 10 # Itens

global L = [540, 460] # Larguras das bobinas mestres

global l = [59, 68, 73, 82, 86, 96, 96, 115, 136, 142] # Larguras dos itens

global rho = [2.0, 2.0] # Peso específico da bobina mestre

global b = [1080.0 920.0; 1080.0 920.0] # Peso total da bobina mestre
#-----------------------Custos----------------------

# Custo de produção da bobina mestre
global c_x = [
1 1 1 22.355;
1 1 2 22.355;
1 1 3 22.355;
1 1 4 22.355;
1 1 5 22.355;
1 1 6 22.355;
1 1 7 22.355;
1 1 8 22.355;
1 1 9 22.355;
1 1 10 22.355;
1 1 11 22.355;
1 1 12 22.355;
1 2 1 22.08;
1 2 2 22.08;
1 2 3 22.08;
1 2 4 22.08;
1 2 5 22.08;
1 2 6 22.08;
1 2 7 22.08;
1 2 8 22.08;
1 2 9 22.08;
1 2 10 22.08;
1 2 11 22.08;
1 2 12 22.08;
2 1 1 18.36;
2 1 2 18.36;
2 1 3 18.36;
2 1 4 18.36;
2 1 5 18.36;
2 1 6 18.36;
2 1 7 18.36;
2 1 8 18.36;
2 1 9 18.36;
2 1 10 18.36;
2 1 11 18.36;
2 1 12 18.36;
2 2 1 19.412;
2 2 2 19.412;
2 2 3 19.412;
2 2 4 19.412;
2 2 5 19.412;
2 2 6 19.412;
2 2 7 19.412;
2 2 8 19.412;
2 2 9 19.412;
2 2 10 19.412;
2 2 11 19.412;
2 2 12 19.412;
]

# cw: custo de estocar uma bobina mestre
global c_w = [
1 1 1 0.011;
1 1 2 0.011;
1 1 3 0.011;
1 1 4 0.011;
1 1 5 0.011;
1 1 6 0.011;
1 1 7 0.011;
1 1 8 0.011;
1 1 9 0.011;
1 1 10 0.011;
1 1 11 0.011;
1 1 12 0.011;
1 2 1 0.009;
1 2 2 0.009;
1 2 3 0.009;
1 2 4 0.009;
1 2 5 0.009;
1 2 6 0.009;
1 2 7 0.009;
1 2 8 0.009;
1 2 9 0.009;
1 2 10 0.009;
1 2 11 0.009;
1 2 12 0.009;
2 1 1 0.011;
2 1 2 0.011;
2 1 3 0.011;
2 1 4 0.011;
2 1 5 0.011;
2 1 6 0.011;
2 1 7 0.011;
2 1 8 0.011;
2 1 9 0.011;
2 1 10 0.011;
2 1 11 0.011;
2 1 12 0.011;
2 2 1 0.009;
2 2 2 0.009;
2 2 3 0.009;
2 2 4 0.009;
2 2 5 0.009;
2 2 6 0.009;
2 2 7 0.009;
2 2 8 0.009;
2 2 9 0.009;
2 2 10 0.009;
2 2 11 0.009;
2 2 12 0.009;
]

# cz: custo de setup por bobina mestre
global c_z = [
1 1 1 0.961;
1 1 2 0.961;
1 1 3 0.961;
1 1 4 0.961;
1 1 5 0.961;
1 1 6 0.961;
1 1 7 0.961;
1 1 8 0.961;
1 1 9 0.961;
1 1 10 0.961;
1 1 11 0.961;
1 1 12 0.961;
1 2 1 0.773;
1 2 2 0.773;
1 2 3 0.773;
1 2 4 0.773;
1 2 5 0.773;
1 2 6 0.773;
1 2 7 0.773;
1 2 8 0.773;
1 2 9 0.773;
1 2 10 0.773;
1 2 11 0.773;
1 2 12 0.773;
2 1 1 0.716;
2 1 2 0.716;
2 1 3 0.716;
2 1 4 0.716;
2 1 5 0.716;
2 1 6 0.716;
2 1 7 0.716;
2 1 8 0.716;
2 1 9 0.716;
2 1 10 0.716;
2 1 11 0.716;
2 1 12 0.716;
2 2 1 0.874;
2 2 2 0.874;
2 2 3 0.874;
2 2 4 0.874;
2 2 5 0.874;
2 2 6 0.874;
2 2 7 0.874;
2 2 8 0.874;
2 2 9 0.874;
2 2 10 0.874;
2 2 11 0.874;
2 2 12 0.874;
]

# cy: custo de corte por bobina mestre
global c_y = [
1 1 1 3.13;
1 1 2 3.13;
1 1 3 3.13;
1 1 4 3.13;
1 1 5 3.13;
1 1 6 3.13;
1 1 7 3.13;
1 1 8 3.13;
1 1 9 3.13;
1 1 10 3.13;
1 1 11 3.13;
1 1 12 3.13;
1 2 1 3.091;
1 2 2 3.091;
1 2 3 3.091;
1 2 4 3.091;
1 2 5 3.091;
1 2 6 3.091;
1 2 7 3.091;
1 2 8 3.091;
1 2 9 3.091;
1 2 10 3.091;
1 2 11 3.091;
1 2 12 3.091;
2 1 1 2.387;
2 1 2 2.387;
2 1 3 2.387;
2 1 4 2.387;
2 1 5 2.387;
2 1 6 2.387;
2 1 7 2.387;
2 1 8 2.387;
2 1 9 2.387;
2 1 10 2.387;
2 1 11 2.387;
2 1 12 2.387;
2 2 1 2.912;
2 2 2 2.912;
2 2 3 2.912;
2 2 4 2.912;
2 2 5 2.912;
2 2 6 2.912;
2 2 7 2.912;
2 2 8 2.912;
2 2 9 2.912;
2 2 10 2.912;
2 2 11 2.912;
2 2 12 2.912;
]

# c_e: Custo de estocar um item de largura l_i
global c_e = [
1 1 1 0.005;
1 1 2 0.005;
1 1 3 0.005;
1 1 4 0.005;
1 1 5 0.005;
1 1 6 0.005;
1 1 7 0.005;
1 1 8 0.005;
1 1 9 0.005;
1 1 10 0.005;
1 1 11 0.005;
1 1 12 0.005;
1 2 1 0.005;
1 2 2 0.005;
1 2 3 0.005;
1 2 4 0.005;
1 2 5 0.005;
1 2 6 0.005;
1 2 7 0.005;
1 2 8 0.005;
1 2 9 0.005;
1 2 10 0.005;
1 2 11 0.005;
1 2 12 0.005;
2 1 1 0.005;
2 1 2 0.005;
2 1 3 0.005;
2 1 4 0.005;
2 1 5 0.005;
2 1 6 0.005;
2 1 7 0.005;
2 1 8 0.005;
2 1 9 0.005;
2 1 10 0.005;
2 1 11 0.005;
2 1 12 0.005;
2 2 1 0.005;
2 2 2 0.005;
2 2 3 0.005;
2 2 4 0.005;
2 2 5 0.005;
2 2 6 0.005;
2 2 7 0.005;
2 2 8 0.005;
2 2 9 0.005;
2 2 10 0.005;
2 2 11 0.005;
2 2 12 0.005;
3 1 1 0.005;
3 1 2 0.005;
3 1 3 0.005;
3 1 4 0.005;
3 1 5 0.005;
3 1 6 0.005;
3 1 7 0.005;
3 1 8 0.005;
3 1 9 0.005;
3 1 10 0.005;
3 1 11 0.005;
3 1 12 0.005;
3 2 1 0.005;
3 2 2 0.005;
3 2 3 0.005;
3 2 4 0.005;
3 2 5 0.005;
3 2 6 0.005;
3 2 7 0.005;
3 2 8 0.005;
3 2 9 0.005;
3 2 10 0.005;
3 2 11 0.005;
3 2 12 0.005;
4 1 1 0.005;
4 1 2 0.005;
4 1 3 0.005;
4 1 4 0.005;
4 1 5 0.005;
4 1 6 0.005;
4 1 7 0.005;
4 1 8 0.005;
4 1 9 0.005;
4 1 10 0.005;
4 1 11 0.005;
4 1 12 0.005;
4 2 1 0.005;
4 2 2 0.005;
4 2 3 0.005;
4 2 4 0.005;
4 2 5 0.005;
4 2 6 0.005;
4 2 7 0.005;
4 2 8 0.005;
4 2 9 0.005;
4 2 10 0.005;
4 2 11 0.005;
4 2 12 0.005;
5 1 1 0.005;
5 1 2 0.005;
5 1 3 0.005;
5 1 4 0.005;
5 1 5 0.005;
5 1 6 0.005;
5 1 7 0.005;
5 1 8 0.005;
5 1 9 0.005;
5 1 10 0.005;
5 1 11 0.005;
5 1 12 0.005;
5 2 1 0.005;
5 2 2 0.005;
5 2 3 0.005;
5 2 4 0.005;
5 2 5 0.005;
5 2 6 0.005;
5 2 7 0.005;
5 2 8 0.005;
5 2 9 0.005;
5 2 10 0.005;
5 2 11 0.005;
5 2 12 0.005;
6 1 1 0.005;
6 1 2 0.005;
6 1 3 0.005;
6 1 4 0.005;
6 1 5 0.005;
6 1 6 0.005;
6 1 7 0.005;
6 1 8 0.005;
6 1 9 0.005;
6 1 10 0.005;
6 1 11 0.005;
6 1 12 0.005;
6 2 1 0.005;
6 2 2 0.005;
6 2 3 0.005;
6 2 4 0.005;
6 2 5 0.005;
6 2 6 0.005;
6 2 7 0.005;
6 2 8 0.005;
6 2 9 0.005;
6 2 10 0.005;
6 2 11 0.005;
6 2 12 0.005;
7 1 1 0.005;
7 1 2 0.005;
7 1 3 0.005;
7 1 4 0.005;
7 1 5 0.005;
7 1 6 0.005;
7 1 7 0.005;
7 1 8 0.005;
7 1 9 0.005;
7 1 10 0.005;
7 1 11 0.005;
7 1 12 0.005;
7 2 1 0.005;
7 2 2 0.005;
7 2 3 0.005;
7 2 4 0.005;
7 2 5 0.005;
7 2 6 0.005;
7 2 7 0.005;
7 2 8 0.005;
7 2 9 0.005;
7 2 10 0.005;
7 2 11 0.005;
7 2 12 0.005;
8 1 1 0.005;
8 1 2 0.005;
8 1 3 0.005;
8 1 4 0.005;
8 1 5 0.005;
8 1 6 0.005;
8 1 7 0.005;
8 1 8 0.005;
8 1 9 0.005;
8 1 10 0.005;
8 1 11 0.005;
8 1 12 0.005;
8 2 1 0.005;
8 2 2 0.005;
8 2 3 0.005;
8 2 4 0.005;
8 2 5 0.005;
8 2 6 0.005;
8 2 7 0.005;
8 2 8 0.005;
8 2 9 0.005;
8 2 10 0.005;
8 2 11 0.005;
8 2 12 0.005;
9 1 1 0.005;
9 1 2 0.005;
9 1 3 0.005;
9 1 4 0.005;
9 1 5 0.005;
9 1 6 0.005;
9 1 7 0.005;
9 1 8 0.005;
9 1 9 0.005;
9 1 10 0.005;
9 1 11 0.005;
9 1 12 0.005;
9 2 1 0.005;
9 2 2 0.005;
9 2 3 0.005;
9 2 4 0.005;
9 2 5 0.005;
9 2 6 0.005;
9 2 7 0.005;
9 2 8 0.005;
9 2 9 0.005;
9 2 10 0.005;
9 2 11 0.005;
9 2 12 0.005;
10 1 1 0.005;
10 1 2 0.005;
10 1 3 0.005;
10 1 4 0.005;
10 1 5 0.005;
10 1 6 0.005;
10 1 7 0.005;
10 1 8 0.005;
10 1 9 0.005;
10 1 10 0.005;
10 1 11 0.005;
10 1 12 0.005;
10 2 1 0.005;
10 2 2 0.005;
10 2 3 0.005;
10 2 4 0.005;
10 2 5 0.005;
10 2 6 0.005;
10 2 7 0.005;
10 2 8 0.005;
10 2 9 0.005;
10 2 10 0.005;
10 2 11 0.005;
10 2 12 0.005;
]

# csc: custo de setup do padrão de corte (igual para cada padrão j)
global c_sc = [
1 1 1 0.128;
1 1 2 0.128;
1 1 3 0.128;
1 1 4 0.128;
1 1 5 0.128;
1 1 6 0.128;
1 1 7 0.128;
1 1 8 0.128;
1 1 9 0.128;
1 1 10 0.128;
1 1 11 0.128;
1 1 12 0.128;
1 2 1 0.148;
1 2 2 0.148;
1 2 3 0.148;
1 2 4 0.148;
1 2 5 0.148;
1 2 6 0.148;
1 2 7 0.148;
1 2 8 0.148;
1 2 9 0.148;
1 2 10 0.148;
1 2 11 0.148;
1 2 12 0.148;
2 1 1 0.119;
2 1 2 0.119;
2 1 3 0.119;
2 1 4 0.119;
2 1 5 0.119;
2 1 6 0.119;
2 1 7 0.119;
2 1 8 0.119;
2 1 9 0.119;
2 1 10 0.119;
2 1 11 0.119;
2 1 12 0.119;
2 2 1 0.105;
2 2 2 0.105;
2 2 3 0.105;
2 2 4 0.105;
2 2 5 0.105;
2 2 6 0.105;
2 2 7 0.105;
2 2 8 0.105;
2 2 9 0.105;
2 2 10 0.105;
2 2 11 0.105;
2 2 12 0.105;
]

# Demandas
global d = [
1 1 1 296;
1 1 2 151;
1 1 3 140;
1 1 4 189;
1 1 5 220;
1 1 6 188;
1 1 7 293;
1 1 8 0;
1 1 9 98;
1 1 10 260;
1 1 11 134;
1 1 12 205;
1 2 1 287;
1 2 2 190;
1 2 3 192;
1 2 4 71;
1 2 5 168;
1 2 6 91;
1 2 7 198;
1 2 8 200;
1 2 9 291;
1 2 10 0;
1 2 11 178;
1 2 12 265;
2 1 1 155;
2 1 2 0;
2 1 3 248;
2 1 4 0;
2 1 5 177;
2 1 6 283;
2 1 7 0;
2 1 8 252;
2 1 9 166;
2 1 10 209;
2 1 11 241;
2 1 12 51;
2 2 1 177;
2 2 2 244;
2 2 3 0;
2 2 4 97;
2 2 5 0;
2 2 6 215;
2 2 7 206;
2 2 8 240;
2 2 9 99;
2 2 10 300;
2 2 11 260;
2 2 12 255;
3 1 1 0;
3 1 2 181;
3 1 3 135;
3 1 4 115;
3 1 5 152;
3 1 6 263;
3 1 7 57;
3 1 8 99;
3 1 9 199;
3 1 10 242;
3 1 11 68;
3 1 12 296;
3 2 1 153;
3 2 2 219;
3 2 3 284;
3 2 4 126;
3 2 5 68;
3 2 6 72;
3 2 7 61;
3 2 8 0;
3 2 9 75;
3 2 10 163;
3 2 11 135;
3 2 12 0;
4 1 1 55;
4 1 2 0;
4 1 3 0;
4 1 4 170;
4 1 5 0;
4 1 6 144;
4 1 7 0;
4 1 8 163;
4 1 9 231;
4 1 10 225;
4 1 11 117;
4 1 12 140;
4 2 1 70;
4 2 2 155;
4 2 3 169;
4 2 4 214;
4 2 5 204;
4 2 6 0;
4 2 7 241;
4 2 8 0;
4 2 9 260;
4 2 10 97;
4 2 11 0;
4 2 12 259;
5 1 1 236;
5 1 2 176;
5 1 3 231;
5 1 4 168;
5 1 5 238;
5 1 6 151;
5 1 7 109;
5 1 8 269;
5 1 9 89;
5 1 10 249;
5 1 11 218;
5 1 12 256;
5 2 1 128;
5 2 2 70;
5 2 3 0;
5 2 4 84;
5 2 5 145;
5 2 6 293;
5 2 7 126;
5 2 8 145;
5 2 9 152;
5 2 10 0;
5 2 11 79;
5 2 12 0;
6 1 1 0;
6 1 2 299;
6 1 3 72;
6 1 4 231;
6 1 5 121;
6 1 6 201;
6 1 7 219;
6 1 8 289;
6 1 9 118;
6 1 10 136;
6 1 11 74;
6 1 12 61;
6 2 1 127;
6 2 2 0;
6 2 3 0;
6 2 4 181;
6 2 5 101;
6 2 6 299;
6 2 7 199;
6 2 8 0;
6 2 9 0;
6 2 10 0;
6 2 11 183;
6 2 12 114;
7 1 1 120;
7 1 2 216;
7 1 3 231;
7 1 4 192;
7 1 5 0;
7 1 6 275;
7 1 7 113;
7 1 8 227;
7 1 9 164;
7 1 10 293;
7 1 11 174;
7 1 12 188;
7 2 1 291;
7 2 2 231;
7 2 3 230;
7 2 4 0;
7 2 5 0;
7 2 6 220;
7 2 7 227;
7 2 8 140;
7 2 9 118;
7 2 10 138;
7 2 11 193;
7 2 12 110;
8 1 1 136;
8 1 2 0;
8 1 3 281;
8 1 4 207;
8 1 5 297;
8 1 6 80;
8 1 7 157;
8 1 8 0;
8 1 9 140;
8 1 10 131;
8 1 11 0;
8 1 12 300;
8 2 1 140;
8 2 2 179;
8 2 3 217;
8 2 4 300;
8 2 5 82;
8 2 6 281;
8 2 7 0;
8 2 8 282;
8 2 9 255;
8 2 10 124;
8 2 11 113;
8 2 12 268;
9 1 1 180;
9 1 2 0;
9 1 3 131;
9 1 4 120;
9 1 5 241;
9 1 6 70;
9 1 7 284;
9 1 8 118;
9 1 9 154;
9 1 10 0;
9 1 11 82;
9 1 12 287;
9 2 1 60;
9 2 2 0;
9 2 3 0;
9 2 4 110;
9 2 5 222;
9 2 6 212;
9 2 7 0;
9 2 8 185;
9 2 9 231;
9 2 10 200;
9 2 11 183;
9 2 12 69;
10 1 1 251;
10 1 2 226;
10 1 3 295;
10 1 4 215;
10 1 5 259;
10 1 6 259;
10 1 7 232;
10 1 8 0;
10 1 9 250;
10 1 10 0;
10 1 11 91;
10 1 12 112;
10 2 1 54;
10 2 2 240;
10 2 3 79;
10 2 4 231;
10 2 5 251;
10 2 6 288;
10 2 7 80;
10 2 8 118;
10 2 9 117;
10 2 10 66;
10 2 11 52;
10 2 12 254;
]

# Perda de papel no setup da máquina
global f = [18.36 15.64; 18.36 15.64]

# c: tempo de corte da bobina mestre
global c_km = [32.4 32.2; 45.36 23.92]

# p: tempo de setup do padrão j para a bobina mestre
global p_km = [3.272 3.252; 4.581 2.416]
# Capacidade média de produção por período:
CM = 572635.3333333334

D_kt = [280184.0 237580.0 351908.0 318394.0 343810.0 351046.0 304634.0 252894.0 315618.0 286662.0 210964.0 368014.0; 257884.0 278720.0 208342.0 288786.0 258068.0 404620.0 225994.0 256752.0 304902.0 208666.0 252388.0 303978.0]


# Capacidade de produção de jumbo
global Cap_p = [309223.0 309223.0 309223.0 309223.0 309223.0 309223.0 309223.0 309223.0 309223.0 309223.0 309223.0 309223.0; 263412.0 263412.0 263412.0 263412.0 263412.0 263412.0 263412.0 263412.0 263412.0 263412.0 263412.0 263412.0]

# Capacidade da cortadeira
global Cap_c = [
19163.0;
19163.0;
19163.0;
19163.0;
19163.0;
19163.0;
19163.0;
19163.0;
19163.0;
19163.0;
19163.0;
19163.0;
]
#-----------------------------------------