###################################################
# Classe 8 : K = 2, M = 2, T = 12, N = 10
# Exemplo: 6.   Nome do arquivo: c8ex06.dat          Semente: 6838

global Q1 = 1e5
global Q2 = 1e5
#-----------------------Parâmetros----------------------
global K = 2 # Gramaturas
global M = 2 # Bobinas mestres (máquinas)
global T = 12 # Períodos
global N = 10 # Itens

global L = [540, 460] # Larguras das bobinas mestres

global l = [55, 70, 79, 86, 115, 120, 127, 134, 139, 149] # Larguras dos itens

global rho = [2.0, 2.0] # Peso específico da bobina mestre

global b = [1080.0 920.0; 1080.0 920.0] # Peso total da bobina mestre
#-----------------------Custos----------------------

# Custo de produção da bobina mestre
global c_x = [
1 1 1 24.3;
1 1 2 24.3;
1 1 3 24.3;
1 1 4 24.3;
1 1 5 24.3;
1 1 6 24.3;
1 1 7 24.3;
1 1 8 24.3;
1 1 9 24.3;
1 1 10 24.3;
1 1 11 24.3;
1 1 12 24.3;
1 2 1 15.547;
1 2 2 15.547;
1 2 3 15.547;
1 2 4 15.547;
1 2 5 15.547;
1 2 6 15.547;
1 2 7 15.547;
1 2 8 15.547;
1 2 9 15.547;
1 2 10 15.547;
1 2 11 15.547;
1 2 12 15.547;
2 1 1 19.332;
2 1 2 19.332;
2 1 3 19.332;
2 1 4 19.332;
2 1 5 19.332;
2 1 6 19.332;
2 1 7 19.332;
2 1 8 19.332;
2 1 9 19.332;
2 1 10 19.332;
2 1 11 19.332;
2 1 12 19.332;
2 2 1 22.816;
2 2 2 22.816;
2 2 3 22.816;
2 2 4 22.816;
2 2 5 22.816;
2 2 6 22.816;
2 2 7 22.816;
2 2 8 22.816;
2 2 9 22.816;
2 2 10 22.816;
2 2 11 22.816;
2 2 12 22.816;
]

# cw: custo de estocar uma bobina mestre
global c_w = [
1 1 1 0.01;
1 1 2 0.01;
1 1 3 0.01;
1 1 4 0.01;
1 1 5 0.01;
1 1 6 0.01;
1 1 7 0.01;
1 1 8 0.01;
1 1 9 0.01;
1 1 10 0.01;
1 1 11 0.01;
1 1 12 0.01;
1 2 1 0.008;
1 2 2 0.008;
1 2 3 0.008;
1 2 4 0.008;
1 2 5 0.008;
1 2 6 0.008;
1 2 7 0.008;
1 2 8 0.008;
1 2 9 0.008;
1 2 10 0.008;
1 2 11 0.008;
1 2 12 0.008;
2 1 1 0.01;
2 1 2 0.01;
2 1 3 0.01;
2 1 4 0.01;
2 1 5 0.01;
2 1 6 0.01;
2 1 7 0.01;
2 1 8 0.01;
2 1 9 0.01;
2 1 10 0.01;
2 1 11 0.01;
2 1 12 0.01;
2 2 1 0.009;
2 2 2 0.009;
2 2 3 0.009;
2 2 4 0.009;
2 2 5 0.009;
2 2 6 0.009;
2 2 7 0.009;
2 2 8 0.009;
2 2 9 0.009;
2 2 10 0.009;
2 2 11 0.009;
2 2 12 0.009;
]

# cz: custo de setup por bobina mestre
global c_z = [
1 1 1 1.191;
1 1 2 1.191;
1 1 3 1.191;
1 1 4 1.191;
1 1 5 1.191;
1 1 6 1.191;
1 1 7 1.191;
1 1 8 1.191;
1 1 9 1.191;
1 1 10 1.191;
1 1 11 1.191;
1 1 12 1.191;
1 2 1 0.653;
1 2 2 0.653;
1 2 3 0.653;
1 2 4 0.653;
1 2 5 0.653;
1 2 6 0.653;
1 2 7 0.653;
1 2 8 0.653;
1 2 9 0.653;
1 2 10 0.653;
1 2 11 0.653;
1 2 12 0.653;
2 1 1 0.793;
2 1 2 0.793;
2 1 3 0.793;
2 1 4 0.793;
2 1 5 0.793;
2 1 6 0.793;
2 1 7 0.793;
2 1 8 0.793;
2 1 9 0.793;
2 1 10 0.793;
2 1 11 0.793;
2 1 12 0.793;
2 2 1 0.958;
2 2 2 0.958;
2 2 3 0.958;
2 2 4 0.958;
2 2 5 0.958;
2 2 6 0.958;
2 2 7 0.958;
2 2 8 0.958;
2 2 9 0.958;
2 2 10 0.958;
2 2 11 0.958;
2 2 12 0.958;
]

# cy: custo de corte por bobina mestre
global c_y = [
1 1 1 2.916;
1 1 2 2.916;
1 1 3 2.916;
1 1 4 2.916;
1 1 5 2.916;
1 1 6 2.916;
1 1 7 2.916;
1 1 8 2.916;
1 1 9 2.916;
1 1 10 2.916;
1 1 11 2.916;
1 1 12 2.916;
1 2 1 1.866;
1 2 2 1.866;
1 2 3 1.866;
1 2 4 1.866;
1 2 5 1.866;
1 2 6 1.866;
1 2 7 1.866;
1 2 8 1.866;
1 2 9 1.866;
1 2 10 1.866;
1 2 11 1.866;
1 2 12 1.866;
2 1 1 2.9;
2 1 2 2.9;
2 1 3 2.9;
2 1 4 2.9;
2 1 5 2.9;
2 1 6 2.9;
2 1 7 2.9;
2 1 8 2.9;
2 1 9 2.9;
2 1 10 2.9;
2 1 11 2.9;
2 1 12 2.9;
2 2 1 3.194;
2 2 2 3.194;
2 2 3 3.194;
2 2 4 3.194;
2 2 5 3.194;
2 2 6 3.194;
2 2 7 3.194;
2 2 8 3.194;
2 2 9 3.194;
2 2 10 3.194;
2 2 11 3.194;
2 2 12 3.194;
]

# c_e: Custo de estocar um item de largura l_i
global c_e = [
1 1 1 0.005;
1 1 2 0.005;
1 1 3 0.005;
1 1 4 0.005;
1 1 5 0.005;
1 1 6 0.005;
1 1 7 0.005;
1 1 8 0.005;
1 1 9 0.005;
1 1 10 0.005;
1 1 11 0.005;
1 1 12 0.005;
1 2 1 0.005;
1 2 2 0.005;
1 2 3 0.005;
1 2 4 0.005;
1 2 5 0.005;
1 2 6 0.005;
1 2 7 0.005;
1 2 8 0.005;
1 2 9 0.005;
1 2 10 0.005;
1 2 11 0.005;
1 2 12 0.005;
2 1 1 0.005;
2 1 2 0.005;
2 1 3 0.005;
2 1 4 0.005;
2 1 5 0.005;
2 1 6 0.005;
2 1 7 0.005;
2 1 8 0.005;
2 1 9 0.005;
2 1 10 0.005;
2 1 11 0.005;
2 1 12 0.005;
2 2 1 0.005;
2 2 2 0.005;
2 2 3 0.005;
2 2 4 0.005;
2 2 5 0.005;
2 2 6 0.005;
2 2 7 0.005;
2 2 8 0.005;
2 2 9 0.005;
2 2 10 0.005;
2 2 11 0.005;
2 2 12 0.005;
3 1 1 0.005;
3 1 2 0.005;
3 1 3 0.005;
3 1 4 0.005;
3 1 5 0.005;
3 1 6 0.005;
3 1 7 0.005;
3 1 8 0.005;
3 1 9 0.005;
3 1 10 0.005;
3 1 11 0.005;
3 1 12 0.005;
3 2 1 0.005;
3 2 2 0.005;
3 2 3 0.005;
3 2 4 0.005;
3 2 5 0.005;
3 2 6 0.005;
3 2 7 0.005;
3 2 8 0.005;
3 2 9 0.005;
3 2 10 0.005;
3 2 11 0.005;
3 2 12 0.005;
4 1 1 0.005;
4 1 2 0.005;
4 1 3 0.005;
4 1 4 0.005;
4 1 5 0.005;
4 1 6 0.005;
4 1 7 0.005;
4 1 8 0.005;
4 1 9 0.005;
4 1 10 0.005;
4 1 11 0.005;
4 1 12 0.005;
4 2 1 0.005;
4 2 2 0.005;
4 2 3 0.005;
4 2 4 0.005;
4 2 5 0.005;
4 2 6 0.005;
4 2 7 0.005;
4 2 8 0.005;
4 2 9 0.005;
4 2 10 0.005;
4 2 11 0.005;
4 2 12 0.005;
5 1 1 0.005;
5 1 2 0.005;
5 1 3 0.005;
5 1 4 0.005;
5 1 5 0.005;
5 1 6 0.005;
5 1 7 0.005;
5 1 8 0.005;
5 1 9 0.005;
5 1 10 0.005;
5 1 11 0.005;
5 1 12 0.005;
5 2 1 0.005;
5 2 2 0.005;
5 2 3 0.005;
5 2 4 0.005;
5 2 5 0.005;
5 2 6 0.005;
5 2 7 0.005;
5 2 8 0.005;
5 2 9 0.005;
5 2 10 0.005;
5 2 11 0.005;
5 2 12 0.005;
6 1 1 0.005;
6 1 2 0.005;
6 1 3 0.005;
6 1 4 0.005;
6 1 5 0.005;
6 1 6 0.005;
6 1 7 0.005;
6 1 8 0.005;
6 1 9 0.005;
6 1 10 0.005;
6 1 11 0.005;
6 1 12 0.005;
6 2 1 0.005;
6 2 2 0.005;
6 2 3 0.005;
6 2 4 0.005;
6 2 5 0.005;
6 2 6 0.005;
6 2 7 0.005;
6 2 8 0.005;
6 2 9 0.005;
6 2 10 0.005;
6 2 11 0.005;
6 2 12 0.005;
7 1 1 0.005;
7 1 2 0.005;
7 1 3 0.005;
7 1 4 0.005;
7 1 5 0.005;
7 1 6 0.005;
7 1 7 0.005;
7 1 8 0.005;
7 1 9 0.005;
7 1 10 0.005;
7 1 11 0.005;
7 1 12 0.005;
7 2 1 0.005;
7 2 2 0.005;
7 2 3 0.005;
7 2 4 0.005;
7 2 5 0.005;
7 2 6 0.005;
7 2 7 0.005;
7 2 8 0.005;
7 2 9 0.005;
7 2 10 0.005;
7 2 11 0.005;
7 2 12 0.005;
8 1 1 0.005;
8 1 2 0.005;
8 1 3 0.005;
8 1 4 0.005;
8 1 5 0.005;
8 1 6 0.005;
8 1 7 0.005;
8 1 8 0.005;
8 1 9 0.005;
8 1 10 0.005;
8 1 11 0.005;
8 1 12 0.005;
8 2 1 0.005;
8 2 2 0.005;
8 2 3 0.005;
8 2 4 0.005;
8 2 5 0.005;
8 2 6 0.005;
8 2 7 0.005;
8 2 8 0.005;
8 2 9 0.005;
8 2 10 0.005;
8 2 11 0.005;
8 2 12 0.005;
9 1 1 0.005;
9 1 2 0.005;
9 1 3 0.005;
9 1 4 0.005;
9 1 5 0.005;
9 1 6 0.005;
9 1 7 0.005;
9 1 8 0.005;
9 1 9 0.005;
9 1 10 0.005;
9 1 11 0.005;
9 1 12 0.005;
9 2 1 0.005;
9 2 2 0.005;
9 2 3 0.005;
9 2 4 0.005;
9 2 5 0.005;
9 2 6 0.005;
9 2 7 0.005;
9 2 8 0.005;
9 2 9 0.005;
9 2 10 0.005;
9 2 11 0.005;
9 2 12 0.005;
10 1 1 0.005;
10 1 2 0.005;
10 1 3 0.005;
10 1 4 0.005;
10 1 5 0.005;
10 1 6 0.005;
10 1 7 0.005;
10 1 8 0.005;
10 1 9 0.005;
10 1 10 0.005;
10 1 11 0.005;
10 1 12 0.005;
10 2 1 0.005;
10 2 2 0.005;
10 2 3 0.005;
10 2 4 0.005;
10 2 5 0.005;
10 2 6 0.005;
10 2 7 0.005;
10 2 8 0.005;
10 2 9 0.005;
10 2 10 0.005;
10 2 11 0.005;
10 2 12 0.005;
]

# csc: custo de setup do padrão de corte (igual para cada padrão j)
global c_sc = [
1 1 1 0.12;
1 1 2 0.12;
1 1 3 0.12;
1 1 4 0.12;
1 1 5 0.12;
1 1 6 0.12;
1 1 7 0.12;
1 1 8 0.12;
1 1 9 0.12;
1 1 10 0.12;
1 1 11 0.12;
1 1 12 0.12;
1 2 1 0.06;
1 2 2 0.06;
1 2 3 0.06;
1 2 4 0.06;
1 2 5 0.06;
1 2 6 0.06;
1 2 7 0.06;
1 2 8 0.06;
1 2 9 0.06;
1 2 10 0.06;
1 2 11 0.06;
1 2 12 0.06;
2 1 1 0.128;
2 1 2 0.128;
2 1 3 0.128;
2 1 4 0.128;
2 1 5 0.128;
2 1 6 0.128;
2 1 7 0.128;
2 1 8 0.128;
2 1 9 0.128;
2 1 10 0.128;
2 1 11 0.128;
2 1 12 0.128;
2 2 1 0.134;
2 2 2 0.134;
2 2 3 0.134;
2 2 4 0.134;
2 2 5 0.134;
2 2 6 0.134;
2 2 7 0.134;
2 2 8 0.134;
2 2 9 0.134;
2 2 10 0.134;
2 2 11 0.134;
2 2 12 0.134;
]

# Demandas
global d = [
1 1 1 116;
1 1 2 147;
1 1 3 169;
1 1 4 69;
1 1 5 262;
1 1 6 297;
1 1 7 0;
1 1 8 0;
1 1 9 261;
1 1 10 241;
1 1 11 248;
1 1 12 184;
1 2 1 190;
1 2 2 280;
1 2 3 0;
1 2 4 82;
1 2 5 106;
1 2 6 123;
1 2 7 0;
1 2 8 92;
1 2 9 0;
1 2 10 69;
1 2 11 0;
1 2 12 88;
2 1 1 276;
2 1 2 0;
2 1 3 122;
2 1 4 122;
2 1 5 0;
2 1 6 0;
2 1 7 271;
2 1 8 297;
2 1 9 253;
2 1 10 180;
2 1 11 163;
2 1 12 0;
2 2 1 166;
2 2 2 179;
2 2 3 0;
2 2 4 256;
2 2 5 0;
2 2 6 296;
2 2 7 123;
2 2 8 142;
2 2 9 296;
2 2 10 160;
2 2 11 96;
2 2 12 192;
3 1 1 282;
3 1 2 268;
3 1 3 0;
3 1 4 287;
3 1 5 251;
3 1 6 175;
3 1 7 0;
3 1 8 76;
3 1 9 265;
3 1 10 281;
3 1 11 173;
3 1 12 289;
3 2 1 142;
3 2 2 255;
3 2 3 209;
3 2 4 60;
3 2 5 268;
3 2 6 107;
3 2 7 203;
3 2 8 178;
3 2 9 94;
3 2 10 0;
3 2 11 62;
3 2 12 0;
4 1 1 103;
4 1 2 114;
4 1 3 174;
4 1 4 282;
4 1 5 254;
4 1 6 295;
4 1 7 54;
4 1 8 144;
4 1 9 79;
4 1 10 109;
4 1 11 202;
4 1 12 0;
4 2 1 57;
4 2 2 213;
4 2 3 90;
4 2 4 137;
4 2 5 219;
4 2 6 216;
4 2 7 229;
4 2 8 0;
4 2 9 57;
4 2 10 86;
4 2 11 169;
4 2 12 220;
5 1 1 0;
5 1 2 158;
5 1 3 256;
5 1 4 262;
5 1 5 0;
5 1 6 288;
5 1 7 0;
5 1 8 250;
5 1 9 71;
5 1 10 84;
5 1 11 273;
5 1 12 56;
5 2 1 0;
5 2 2 90;
5 2 3 280;
5 2 4 93;
5 2 5 242;
5 2 6 248;
5 2 7 0;
5 2 8 110;
5 2 9 159;
5 2 10 180;
5 2 11 222;
5 2 12 72;
6 1 1 249;
6 1 2 75;
6 1 3 188;
6 1 4 103;
6 1 5 55;
6 1 6 53;
6 1 7 0;
6 1 8 172;
6 1 9 168;
6 1 10 142;
6 1 11 279;
6 1 12 0;
6 2 1 0;
6 2 2 272;
6 2 3 108;
6 2 4 115;
6 2 5 188;
6 2 6 203;
6 2 7 0;
6 2 8 103;
6 2 9 0;
6 2 10 117;
6 2 11 185;
6 2 12 295;
7 1 1 246;
7 1 2 157;
7 1 3 208;
7 1 4 0;
7 1 5 204;
7 1 6 120;
7 1 7 224;
7 1 8 0;
7 1 9 254;
7 1 10 151;
7 1 11 155;
7 1 12 0;
7 2 1 166;
7 2 2 216;
7 2 3 294;
7 2 4 0;
7 2 5 0;
7 2 6 0;
7 2 7 0;
7 2 8 129;
7 2 9 188;
7 2 10 95;
7 2 11 124;
7 2 12 122;
8 1 1 70;
8 1 2 147;
8 1 3 0;
8 1 4 0;
8 1 5 248;
8 1 6 51;
8 1 7 129;
8 1 8 0;
8 1 9 232;
8 1 10 0;
8 1 11 174;
8 1 12 0;
8 2 1 0;
8 2 2 94;
8 2 3 54;
8 2 4 230;
8 2 5 54;
8 2 6 0;
8 2 7 0;
8 2 8 226;
8 2 9 0;
8 2 10 181;
8 2 11 151;
8 2 12 258;
9 1 1 145;
9 1 2 0;
9 1 3 63;
9 1 4 266;
9 1 5 297;
9 1 6 0;
9 1 7 189;
9 1 8 120;
9 1 9 258;
9 1 10 253;
9 1 11 199;
9 1 12 136;
9 2 1 285;
9 2 2 92;
9 2 3 252;
9 2 4 191;
9 2 5 102;
9 2 6 242;
9 2 7 229;
9 2 8 0;
9 2 9 221;
9 2 10 79;
9 2 11 150;
9 2 12 85;
10 1 1 283;
10 1 2 73;
10 1 3 180;
10 1 4 290;
10 1 5 100;
10 1 6 0;
10 1 7 260;
10 1 8 123;
10 1 9 0;
10 1 10 125;
10 1 11 193;
10 1 12 0;
10 2 1 0;
10 2 2 222;
10 2 3 108;
10 2 4 0;
10 2 5 299;
10 2 6 216;
10 2 7 195;
10 2 8 90;
10 2 9 138;
10 2 10 82;
10 2 11 95;
10 2 12 300;
]

# Perda de papel no setup da máquina
global f = [34.56 29.44; 34.56 29.44]

# c: tempo de corte da bobina mestre
global c_km = [46.44 18.4; 27.0 38.64]

# p: tempo de setup do padrão j para a bobina mestre
global p_km = [5.573 2.208; 3.24 4.637]
# Capacidade média de produção por período:
CM = 587060.3333333334

D_kt = [379320.0 233490.0 293584.0 363868.0 356012.0 234168.0 268718.0 247150.0 374654.0 314194.0 440766.0 116590.0; 197774.0 390554.0 330210.0 241632.0 324382.0 346432.0 210454.0 228298.0 252980.0 233298.0 289738.0 374922.0]


# Capacidade de produção de jumbo
global Cap_p = [317012.0 317012.0 317012.0 317012.0 317012.0 317012.0 317012.0 317012.0 317012.0 317012.0 317012.0 317012.0; 270047.0 270047.0 270047.0 270047.0 270047.0 270047.0 270047.0 270047.0 270047.0 270047.0 270047.0 270047.0]

# Capacidade da cortadeira
global Cap_c = [
19145.0;
19145.0;
19145.0;
19145.0;
19145.0;
19145.0;
19145.0;
19145.0;
19145.0;
19145.0;
19145.0;
19145.0;
]
#-----------------------------------------