###################################################
# Classe 9 : K = 2, M = 2, T = 12, N = 20
# Exemplo: 9.   Nome do arquivo: c9ex09.dat          Semente: 2919

global Q1 = 1e5
global Q2 = 1e5
#-----------------------Parâmetros----------------------
global K = 2 # Gramaturas
global M = 2 # Bobinas mestres (máquinas)
global T = 12 # Períodos
global N = 20 # Itens

global L = [540, 460] # Larguras das bobinas mestres

global l = [53, 54, 65, 66, 69, 70, 72, 92, 103, 106, 108, 112, 114, 123, 124, 129, 133, 133, 137, 150] # Larguras dos itens

global rho = [2.0, 2.0] # Peso específico da bobina mestre

global b = [1080.0 920.0; 1080.0 920.0] # Peso total da bobina mestre
#-----------------------Custos----------------------

# Custo de produção da bobina mestre
global c_x = [
1 1 1 21.708;
1 1 2 21.708;
1 1 3 21.708;
1 1 4 21.708;
1 1 5 21.708;
1 1 6 21.708;
1 1 7 21.708;
1 1 8 21.708;
1 1 9 21.708;
1 1 10 21.708;
1 1 11 21.708;
1 1 12 21.708;
1 2 1 14.72;
1 2 2 14.72;
1 2 3 14.72;
1 2 4 14.72;
1 2 5 14.72;
1 2 6 14.72;
1 2 7 14.72;
1 2 8 14.72;
1 2 9 14.72;
1 2 10 14.72;
1 2 11 14.72;
1 2 12 14.72;
2 1 1 17.496;
2 1 2 17.496;
2 1 3 17.496;
2 1 4 17.496;
2 1 5 17.496;
2 1 6 17.496;
2 1 7 17.496;
2 1 8 17.496;
2 1 9 17.496;
2 1 10 17.496;
2 1 11 17.496;
2 1 12 17.496;
2 2 1 18.768;
2 2 2 18.768;
2 2 3 18.768;
2 2 4 18.768;
2 2 5 18.768;
2 2 6 18.768;
2 2 7 18.768;
2 2 8 18.768;
2 2 9 18.768;
2 2 10 18.768;
2 2 11 18.768;
2 2 12 18.768;
]

# cw: custo de estocar uma bobina mestre
global c_w = [
1 1 1 0.008;
1 1 2 0.008;
1 1 3 0.008;
1 1 4 0.008;
1 1 5 0.008;
1 1 6 0.008;
1 1 7 0.008;
1 1 8 0.008;
1 1 9 0.008;
1 1 10 0.008;
1 1 11 0.008;
1 1 12 0.008;
1 2 1 0.007;
1 2 2 0.007;
1 2 3 0.007;
1 2 4 0.007;
1 2 5 0.007;
1 2 6 0.007;
1 2 7 0.007;
1 2 8 0.007;
1 2 9 0.007;
1 2 10 0.007;
1 2 11 0.007;
1 2 12 0.007;
2 1 1 0.009;
2 1 2 0.009;
2 1 3 0.009;
2 1 4 0.009;
2 1 5 0.009;
2 1 6 0.009;
2 1 7 0.009;
2 1 8 0.009;
2 1 9 0.009;
2 1 10 0.009;
2 1 11 0.009;
2 1 12 0.009;
2 2 1 0.008;
2 2 2 0.008;
2 2 3 0.008;
2 2 4 0.008;
2 2 5 0.008;
2 2 6 0.008;
2 2 7 0.008;
2 2 8 0.008;
2 2 9 0.008;
2 2 10 0.008;
2 2 11 0.008;
2 2 12 0.008;
]

# cz: custo de setup por bobina mestre
global c_z = [
1 1 1 0.716;
1 1 2 0.716;
1 1 3 0.716;
1 1 4 0.716;
1 1 5 0.716;
1 1 6 0.716;
1 1 7 0.716;
1 1 8 0.716;
1 1 9 0.716;
1 1 10 0.716;
1 1 11 0.716;
1 1 12 0.716;
1 2 1 0.486;
1 2 2 0.486;
1 2 3 0.486;
1 2 4 0.486;
1 2 5 0.486;
1 2 6 0.486;
1 2 7 0.486;
1 2 8 0.486;
1 2 9 0.486;
1 2 10 0.486;
1 2 11 0.486;
1 2 12 0.486;
2 1 1 0.682;
2 1 2 0.682;
2 1 3 0.682;
2 1 4 0.682;
2 1 5 0.682;
2 1 6 0.682;
2 1 7 0.682;
2 1 8 0.682;
2 1 9 0.682;
2 1 10 0.682;
2 1 11 0.682;
2 1 12 0.682;
2 2 1 0.826;
2 2 2 0.826;
2 2 3 0.826;
2 2 4 0.826;
2 2 5 0.826;
2 2 6 0.826;
2 2 7 0.826;
2 2 8 0.826;
2 2 9 0.826;
2 2 10 0.826;
2 2 11 0.826;
2 2 12 0.826;
]

# cy: custo de corte por bobina mestre
global c_y = [
1 1 1 2.388;
1 1 2 2.388;
1 1 3 2.388;
1 1 4 2.388;
1 1 5 2.388;
1 1 6 2.388;
1 1 7 2.388;
1 1 8 2.388;
1 1 9 2.388;
1 1 10 2.388;
1 1 11 2.388;
1 1 12 2.388;
1 2 1 2.208;
1 2 2 2.208;
1 2 3 2.208;
1 2 4 2.208;
1 2 5 2.208;
1 2 6 2.208;
1 2 7 2.208;
1 2 8 2.208;
1 2 9 2.208;
1 2 10 2.208;
1 2 11 2.208;
1 2 12 2.208;
2 1 1 2.624;
2 1 2 2.624;
2 1 3 2.624;
2 1 4 2.624;
2 1 5 2.624;
2 1 6 2.624;
2 1 7 2.624;
2 1 8 2.624;
2 1 9 2.624;
2 1 10 2.624;
2 1 11 2.624;
2 1 12 2.624;
2 2 1 2.252;
2 2 2 2.252;
2 2 3 2.252;
2 2 4 2.252;
2 2 5 2.252;
2 2 6 2.252;
2 2 7 2.252;
2 2 8 2.252;
2 2 9 2.252;
2 2 10 2.252;
2 2 11 2.252;
2 2 12 2.252;
]

# c_e: Custo de estocar um item de largura l_i
global c_e = [
1 1 1 0.004;
1 1 2 0.004;
1 1 3 0.004;
1 1 4 0.004;
1 1 5 0.004;
1 1 6 0.004;
1 1 7 0.004;
1 1 8 0.004;
1 1 9 0.004;
1 1 10 0.004;
1 1 11 0.004;
1 1 12 0.004;
1 2 1 0.004;
1 2 2 0.004;
1 2 3 0.004;
1 2 4 0.004;
1 2 5 0.004;
1 2 6 0.004;
1 2 7 0.004;
1 2 8 0.004;
1 2 9 0.004;
1 2 10 0.004;
1 2 11 0.004;
1 2 12 0.004;
2 1 1 0.004;
2 1 2 0.004;
2 1 3 0.004;
2 1 4 0.004;
2 1 5 0.004;
2 1 6 0.004;
2 1 7 0.004;
2 1 8 0.004;
2 1 9 0.004;
2 1 10 0.004;
2 1 11 0.004;
2 1 12 0.004;
2 2 1 0.004;
2 2 2 0.004;
2 2 3 0.004;
2 2 4 0.004;
2 2 5 0.004;
2 2 6 0.004;
2 2 7 0.004;
2 2 8 0.004;
2 2 9 0.004;
2 2 10 0.004;
2 2 11 0.004;
2 2 12 0.004;
3 1 1 0.004;
3 1 2 0.004;
3 1 3 0.004;
3 1 4 0.004;
3 1 5 0.004;
3 1 6 0.004;
3 1 7 0.004;
3 1 8 0.004;
3 1 9 0.004;
3 1 10 0.004;
3 1 11 0.004;
3 1 12 0.004;
3 2 1 0.004;
3 2 2 0.004;
3 2 3 0.004;
3 2 4 0.004;
3 2 5 0.004;
3 2 6 0.004;
3 2 7 0.004;
3 2 8 0.004;
3 2 9 0.004;
3 2 10 0.004;
3 2 11 0.004;
3 2 12 0.004;
4 1 1 0.004;
4 1 2 0.004;
4 1 3 0.004;
4 1 4 0.004;
4 1 5 0.004;
4 1 6 0.004;
4 1 7 0.004;
4 1 8 0.004;
4 1 9 0.004;
4 1 10 0.004;
4 1 11 0.004;
4 1 12 0.004;
4 2 1 0.004;
4 2 2 0.004;
4 2 3 0.004;
4 2 4 0.004;
4 2 5 0.004;
4 2 6 0.004;
4 2 7 0.004;
4 2 8 0.004;
4 2 9 0.004;
4 2 10 0.004;
4 2 11 0.004;
4 2 12 0.004;
5 1 1 0.004;
5 1 2 0.004;
5 1 3 0.004;
5 1 4 0.004;
5 1 5 0.004;
5 1 6 0.004;
5 1 7 0.004;
5 1 8 0.004;
5 1 9 0.004;
5 1 10 0.004;
5 1 11 0.004;
5 1 12 0.004;
5 2 1 0.004;
5 2 2 0.004;
5 2 3 0.004;
5 2 4 0.004;
5 2 5 0.004;
5 2 6 0.004;
5 2 7 0.004;
5 2 8 0.004;
5 2 9 0.004;
5 2 10 0.004;
5 2 11 0.004;
5 2 12 0.004;
6 1 1 0.004;
6 1 2 0.004;
6 1 3 0.004;
6 1 4 0.004;
6 1 5 0.004;
6 1 6 0.004;
6 1 7 0.004;
6 1 8 0.004;
6 1 9 0.004;
6 1 10 0.004;
6 1 11 0.004;
6 1 12 0.004;
6 2 1 0.004;
6 2 2 0.004;
6 2 3 0.004;
6 2 4 0.004;
6 2 5 0.004;
6 2 6 0.004;
6 2 7 0.004;
6 2 8 0.004;
6 2 9 0.004;
6 2 10 0.004;
6 2 11 0.004;
6 2 12 0.004;
7 1 1 0.004;
7 1 2 0.004;
7 1 3 0.004;
7 1 4 0.004;
7 1 5 0.004;
7 1 6 0.004;
7 1 7 0.004;
7 1 8 0.004;
7 1 9 0.004;
7 1 10 0.004;
7 1 11 0.004;
7 1 12 0.004;
7 2 1 0.004;
7 2 2 0.004;
7 2 3 0.004;
7 2 4 0.004;
7 2 5 0.004;
7 2 6 0.004;
7 2 7 0.004;
7 2 8 0.004;
7 2 9 0.004;
7 2 10 0.004;
7 2 11 0.004;
7 2 12 0.004;
8 1 1 0.004;
8 1 2 0.004;
8 1 3 0.004;
8 1 4 0.004;
8 1 5 0.004;
8 1 6 0.004;
8 1 7 0.004;
8 1 8 0.004;
8 1 9 0.004;
8 1 10 0.004;
8 1 11 0.004;
8 1 12 0.004;
8 2 1 0.004;
8 2 2 0.004;
8 2 3 0.004;
8 2 4 0.004;
8 2 5 0.004;
8 2 6 0.004;
8 2 7 0.004;
8 2 8 0.004;
8 2 9 0.004;
8 2 10 0.004;
8 2 11 0.004;
8 2 12 0.004;
9 1 1 0.004;
9 1 2 0.004;
9 1 3 0.004;
9 1 4 0.004;
9 1 5 0.004;
9 1 6 0.004;
9 1 7 0.004;
9 1 8 0.004;
9 1 9 0.004;
9 1 10 0.004;
9 1 11 0.004;
9 1 12 0.004;
9 2 1 0.004;
9 2 2 0.004;
9 2 3 0.004;
9 2 4 0.004;
9 2 5 0.004;
9 2 6 0.004;
9 2 7 0.004;
9 2 8 0.004;
9 2 9 0.004;
9 2 10 0.004;
9 2 11 0.004;
9 2 12 0.004;
10 1 1 0.004;
10 1 2 0.004;
10 1 3 0.004;
10 1 4 0.004;
10 1 5 0.004;
10 1 6 0.004;
10 1 7 0.004;
10 1 8 0.004;
10 1 9 0.004;
10 1 10 0.004;
10 1 11 0.004;
10 1 12 0.004;
10 2 1 0.004;
10 2 2 0.004;
10 2 3 0.004;
10 2 4 0.004;
10 2 5 0.004;
10 2 6 0.004;
10 2 7 0.004;
10 2 8 0.004;
10 2 9 0.004;
10 2 10 0.004;
10 2 11 0.004;
10 2 12 0.004;
11 1 1 0.004;
11 1 2 0.004;
11 1 3 0.004;
11 1 4 0.004;
11 1 5 0.004;
11 1 6 0.004;
11 1 7 0.004;
11 1 8 0.004;
11 1 9 0.004;
11 1 10 0.004;
11 1 11 0.004;
11 1 12 0.004;
11 2 1 0.004;
11 2 2 0.004;
11 2 3 0.004;
11 2 4 0.004;
11 2 5 0.004;
11 2 6 0.004;
11 2 7 0.004;
11 2 8 0.004;
11 2 9 0.004;
11 2 10 0.004;
11 2 11 0.004;
11 2 12 0.004;
12 1 1 0.004;
12 1 2 0.004;
12 1 3 0.004;
12 1 4 0.004;
12 1 5 0.004;
12 1 6 0.004;
12 1 7 0.004;
12 1 8 0.004;
12 1 9 0.004;
12 1 10 0.004;
12 1 11 0.004;
12 1 12 0.004;
12 2 1 0.004;
12 2 2 0.004;
12 2 3 0.004;
12 2 4 0.004;
12 2 5 0.004;
12 2 6 0.004;
12 2 7 0.004;
12 2 8 0.004;
12 2 9 0.004;
12 2 10 0.004;
12 2 11 0.004;
12 2 12 0.004;
13 1 1 0.004;
13 1 2 0.004;
13 1 3 0.004;
13 1 4 0.004;
13 1 5 0.004;
13 1 6 0.004;
13 1 7 0.004;
13 1 8 0.004;
13 1 9 0.004;
13 1 10 0.004;
13 1 11 0.004;
13 1 12 0.004;
13 2 1 0.004;
13 2 2 0.004;
13 2 3 0.004;
13 2 4 0.004;
13 2 5 0.004;
13 2 6 0.004;
13 2 7 0.004;
13 2 8 0.004;
13 2 9 0.004;
13 2 10 0.004;
13 2 11 0.004;
13 2 12 0.004;
14 1 1 0.004;
14 1 2 0.004;
14 1 3 0.004;
14 1 4 0.004;
14 1 5 0.004;
14 1 6 0.004;
14 1 7 0.004;
14 1 8 0.004;
14 1 9 0.004;
14 1 10 0.004;
14 1 11 0.004;
14 1 12 0.004;
14 2 1 0.004;
14 2 2 0.004;
14 2 3 0.004;
14 2 4 0.004;
14 2 5 0.004;
14 2 6 0.004;
14 2 7 0.004;
14 2 8 0.004;
14 2 9 0.004;
14 2 10 0.004;
14 2 11 0.004;
14 2 12 0.004;
15 1 1 0.004;
15 1 2 0.004;
15 1 3 0.004;
15 1 4 0.004;
15 1 5 0.004;
15 1 6 0.004;
15 1 7 0.004;
15 1 8 0.004;
15 1 9 0.004;
15 1 10 0.004;
15 1 11 0.004;
15 1 12 0.004;
15 2 1 0.004;
15 2 2 0.004;
15 2 3 0.004;
15 2 4 0.004;
15 2 5 0.004;
15 2 6 0.004;
15 2 7 0.004;
15 2 8 0.004;
15 2 9 0.004;
15 2 10 0.004;
15 2 11 0.004;
15 2 12 0.004;
16 1 1 0.004;
16 1 2 0.004;
16 1 3 0.004;
16 1 4 0.004;
16 1 5 0.004;
16 1 6 0.004;
16 1 7 0.004;
16 1 8 0.004;
16 1 9 0.004;
16 1 10 0.004;
16 1 11 0.004;
16 1 12 0.004;
16 2 1 0.004;
16 2 2 0.004;
16 2 3 0.004;
16 2 4 0.004;
16 2 5 0.004;
16 2 6 0.004;
16 2 7 0.004;
16 2 8 0.004;
16 2 9 0.004;
16 2 10 0.004;
16 2 11 0.004;
16 2 12 0.004;
17 1 1 0.004;
17 1 2 0.004;
17 1 3 0.004;
17 1 4 0.004;
17 1 5 0.004;
17 1 6 0.004;
17 1 7 0.004;
17 1 8 0.004;
17 1 9 0.004;
17 1 10 0.004;
17 1 11 0.004;
17 1 12 0.004;
17 2 1 0.004;
17 2 2 0.004;
17 2 3 0.004;
17 2 4 0.004;
17 2 5 0.004;
17 2 6 0.004;
17 2 7 0.004;
17 2 8 0.004;
17 2 9 0.004;
17 2 10 0.004;
17 2 11 0.004;
17 2 12 0.004;
18 1 1 0.004;
18 1 2 0.004;
18 1 3 0.004;
18 1 4 0.004;
18 1 5 0.004;
18 1 6 0.004;
18 1 7 0.004;
18 1 8 0.004;
18 1 9 0.004;
18 1 10 0.004;
18 1 11 0.004;
18 1 12 0.004;
18 2 1 0.004;
18 2 2 0.004;
18 2 3 0.004;
18 2 4 0.004;
18 2 5 0.004;
18 2 6 0.004;
18 2 7 0.004;
18 2 8 0.004;
18 2 9 0.004;
18 2 10 0.004;
18 2 11 0.004;
18 2 12 0.004;
19 1 1 0.004;
19 1 2 0.004;
19 1 3 0.004;
19 1 4 0.004;
19 1 5 0.004;
19 1 6 0.004;
19 1 7 0.004;
19 1 8 0.004;
19 1 9 0.004;
19 1 10 0.004;
19 1 11 0.004;
19 1 12 0.004;
19 2 1 0.004;
19 2 2 0.004;
19 2 3 0.004;
19 2 4 0.004;
19 2 5 0.004;
19 2 6 0.004;
19 2 7 0.004;
19 2 8 0.004;
19 2 9 0.004;
19 2 10 0.004;
19 2 11 0.004;
19 2 12 0.004;
20 1 1 0.004;
20 1 2 0.004;
20 1 3 0.004;
20 1 4 0.004;
20 1 5 0.004;
20 1 6 0.004;
20 1 7 0.004;
20 1 8 0.004;
20 1 9 0.004;
20 1 10 0.004;
20 1 11 0.004;
20 1 12 0.004;
20 2 1 0.004;
20 2 2 0.004;
20 2 3 0.004;
20 2 4 0.004;
20 2 5 0.004;
20 2 6 0.004;
20 2 7 0.004;
20 2 8 0.004;
20 2 9 0.004;
20 2 10 0.004;
20 2 11 0.004;
20 2 12 0.004;
]

# csc: custo de setup do padrão de corte (igual para cada padrão j)
global c_sc = [
1 1 1 0.091;
1 1 2 0.091;
1 1 3 0.091;
1 1 4 0.091;
1 1 5 0.091;
1 1 6 0.091;
1 1 7 0.091;
1 1 8 0.091;
1 1 9 0.091;
1 1 10 0.091;
1 1 11 0.091;
1 1 12 0.091;
1 2 1 0.068;
1 2 2 0.068;
1 2 3 0.068;
1 2 4 0.068;
1 2 5 0.068;
1 2 6 0.068;
1 2 7 0.068;
1 2 8 0.068;
1 2 9 0.068;
1 2 10 0.068;
1 2 11 0.068;
1 2 12 0.068;
2 1 1 0.118;
2 1 2 0.118;
2 1 3 0.118;
2 1 4 0.118;
2 1 5 0.118;
2 1 6 0.118;
2 1 7 0.118;
2 1 8 0.118;
2 1 9 0.118;
2 1 10 0.118;
2 1 11 0.118;
2 1 12 0.118;
2 2 1 0.077;
2 2 2 0.077;
2 2 3 0.077;
2 2 4 0.077;
2 2 5 0.077;
2 2 6 0.077;
2 2 7 0.077;
2 2 8 0.077;
2 2 9 0.077;
2 2 10 0.077;
2 2 11 0.077;
2 2 12 0.077;
]

# Demandas
global d = [
1 1 1 275;
1 1 2 137;
1 1 3 88;
1 1 4 116;
1 1 5 273;
1 1 6 0;
1 1 7 56;
1 1 8 157;
1 1 9 240;
1 1 10 159;
1 1 11 274;
1 1 12 92;
1 2 1 233;
1 2 2 0;
1 2 3 180;
1 2 4 92;
1 2 5 179;
1 2 6 274;
1 2 7 194;
1 2 8 53;
1 2 9 291;
1 2 10 291;
1 2 11 125;
1 2 12 0;
2 1 1 166;
2 1 2 164;
2 1 3 265;
2 1 4 0;
2 1 5 194;
2 1 6 0;
2 1 7 236;
2 1 8 151;
2 1 9 136;
2 1 10 274;
2 1 11 174;
2 1 12 0;
2 2 1 287;
2 2 2 73;
2 2 3 243;
2 2 4 191;
2 2 5 163;
2 2 6 248;
2 2 7 58;
2 2 8 78;
2 2 9 287;
2 2 10 92;
2 2 11 108;
2 2 12 248;
3 1 1 117;
3 1 2 282;
3 1 3 251;
3 1 4 139;
3 1 5 150;
3 1 6 101;
3 1 7 65;
3 1 8 0;
3 1 9 264;
3 1 10 233;
3 1 11 144;
3 1 12 197;
3 2 1 0;
3 2 2 257;
3 2 3 0;
3 2 4 270;
3 2 5 90;
3 2 6 274;
3 2 7 0;
3 2 8 69;
3 2 9 198;
3 2 10 59;
3 2 11 178;
3 2 12 0;
4 1 1 0;
4 1 2 106;
4 1 3 211;
4 1 4 152;
4 1 5 53;
4 1 6 176;
4 1 7 90;
4 1 8 169;
4 1 9 273;
4 1 10 181;
4 1 11 207;
4 1 12 254;
4 2 1 260;
4 2 2 0;
4 2 3 190;
4 2 4 181;
4 2 5 80;
4 2 6 222;
4 2 7 133;
4 2 8 219;
4 2 9 140;
4 2 10 133;
4 2 11 180;
4 2 12 126;
5 1 1 94;
5 1 2 67;
5 1 3 184;
5 1 4 261;
5 1 5 0;
5 1 6 67;
5 1 7 143;
5 1 8 171;
5 1 9 239;
5 1 10 82;
5 1 11 186;
5 1 12 105;
5 2 1 136;
5 2 2 149;
5 2 3 249;
5 2 4 109;
5 2 5 51;
5 2 6 135;
5 2 7 0;
5 2 8 0;
5 2 9 0;
5 2 10 0;
5 2 11 165;
5 2 12 246;
6 1 1 292;
6 1 2 214;
6 1 3 116;
6 1 4 162;
6 1 5 266;
6 1 6 158;
6 1 7 60;
6 1 8 196;
6 1 9 110;
6 1 10 165;
6 1 11 233;
6 1 12 72;
6 2 1 72;
6 2 2 248;
6 2 3 282;
6 2 4 197;
6 2 5 0;
6 2 6 144;
6 2 7 185;
6 2 8 218;
6 2 9 256;
6 2 10 0;
6 2 11 288;
6 2 12 161;
7 1 1 107;
7 1 2 278;
7 1 3 0;
7 1 4 0;
7 1 5 214;
7 1 6 233;
7 1 7 0;
7 1 8 0;
7 1 9 0;
7 1 10 202;
7 1 11 64;
7 1 12 153;
7 2 1 200;
7 2 2 0;
7 2 3 0;
7 2 4 78;
7 2 5 111;
7 2 6 289;
7 2 7 84;
7 2 8 106;
7 2 9 210;
7 2 10 258;
7 2 11 90;
7 2 12 219;
8 1 1 258;
8 1 2 156;
8 1 3 177;
8 1 4 0;
8 1 5 297;
8 1 6 102;
8 1 7 186;
8 1 8 0;
8 1 9 176;
8 1 10 0;
8 1 11 249;
8 1 12 76;
8 2 1 83;
8 2 2 0;
8 2 3 0;
8 2 4 206;
8 2 5 0;
8 2 6 0;
8 2 7 116;
8 2 8 148;
8 2 9 103;
8 2 10 154;
8 2 11 264;
8 2 12 209;
9 1 1 187;
9 1 2 135;
9 1 3 67;
9 1 4 244;
9 1 5 160;
9 1 6 142;
9 1 7 77;
9 1 8 0;
9 1 9 98;
9 1 10 240;
9 1 11 0;
9 1 12 181;
9 2 1 227;
9 2 2 53;
9 2 3 0;
9 2 4 142;
9 2 5 212;
9 2 6 0;
9 2 7 118;
9 2 8 187;
9 2 9 151;
9 2 10 50;
9 2 11 0;
9 2 12 82;
10 1 1 300;
10 1 2 115;
10 1 3 137;
10 1 4 52;
10 1 5 0;
10 1 6 180;
10 1 7 276;
10 1 8 80;
10 1 9 255;
10 1 10 122;
10 1 11 106;
10 1 12 204;
10 2 1 147;
10 2 2 0;
10 2 3 261;
10 2 4 292;
10 2 5 114;
10 2 6 257;
10 2 7 175;
10 2 8 163;
10 2 9 239;
10 2 10 209;
10 2 11 0;
10 2 12 190;
11 1 1 0;
11 1 2 128;
11 1 3 171;
11 1 4 0;
11 1 5 75;
11 1 6 176;
11 1 7 247;
11 1 8 221;
11 1 9 284;
11 1 10 0;
11 1 11 0;
11 1 12 0;
11 2 1 0;
11 2 2 146;
11 2 3 200;
11 2 4 175;
11 2 5 138;
11 2 6 135;
11 2 7 123;
11 2 8 51;
11 2 9 128;
11 2 10 203;
11 2 11 0;
11 2 12 261;
12 1 1 281;
12 1 2 150;
12 1 3 152;
12 1 4 0;
12 1 5 132;
12 1 6 0;
12 1 7 207;
12 1 8 104;
12 1 9 162;
12 1 10 149;
12 1 11 221;
12 1 12 166;
12 2 1 230;
12 2 2 95;
12 2 3 116;
12 2 4 252;
12 2 5 124;
12 2 6 146;
12 2 7 267;
12 2 8 107;
12 2 9 0;
12 2 10 270;
12 2 11 123;
12 2 12 0;
13 1 1 231;
13 1 2 178;
13 1 3 175;
13 1 4 217;
13 1 5 293;
13 1 6 0;
13 1 7 111;
13 1 8 276;
13 1 9 0;
13 1 10 61;
13 1 11 110;
13 1 12 228;
13 2 1 0;
13 2 2 123;
13 2 3 64;
13 2 4 0;
13 2 5 299;
13 2 6 52;
13 2 7 223;
13 2 8 0;
13 2 9 260;
13 2 10 73;
13 2 11 241;
13 2 12 151;
14 1 1 0;
14 1 2 107;
14 1 3 187;
14 1 4 251;
14 1 5 179;
14 1 6 274;
14 1 7 232;
14 1 8 266;
14 1 9 174;
14 1 10 65;
14 1 11 173;
14 1 12 115;
14 2 1 230;
14 2 2 132;
14 2 3 181;
14 2 4 218;
14 2 5 0;
14 2 6 178;
14 2 7 0;
14 2 8 163;
14 2 9 0;
14 2 10 266;
14 2 11 279;
14 2 12 159;
15 1 1 199;
15 1 2 177;
15 1 3 298;
15 1 4 79;
15 1 5 232;
15 1 6 0;
15 1 7 0;
15 1 8 63;
15 1 9 256;
15 1 10 218;
15 1 11 220;
15 1 12 242;
15 2 1 140;
15 2 2 265;
15 2 3 173;
15 2 4 131;
15 2 5 0;
15 2 6 0;
15 2 7 192;
15 2 8 53;
15 2 9 76;
15 2 10 138;
15 2 11 161;
15 2 12 76;
16 1 1 164;
16 1 2 240;
16 1 3 297;
16 1 4 89;
16 1 5 194;
16 1 6 145;
16 1 7 191;
16 1 8 238;
16 1 9 115;
16 1 10 219;
16 1 11 292;
16 1 12 125;
16 2 1 0;
16 2 2 260;
16 2 3 226;
16 2 4 0;
16 2 5 228;
16 2 6 0;
16 2 7 295;
16 2 8 249;
16 2 9 291;
16 2 10 82;
16 2 11 76;
16 2 12 86;
17 1 1 201;
17 1 2 210;
17 1 3 254;
17 1 4 0;
17 1 5 60;
17 1 6 0;
17 1 7 293;
17 1 8 81;
17 1 9 78;
17 1 10 0;
17 1 11 191;
17 1 12 142;
17 2 1 77;
17 2 2 142;
17 2 3 166;
17 2 4 228;
17 2 5 94;
17 2 6 226;
17 2 7 0;
17 2 8 69;
17 2 9 0;
17 2 10 273;
17 2 11 195;
17 2 12 0;
18 1 1 82;
18 1 2 290;
18 1 3 251;
18 1 4 0;
18 1 5 271;
18 1 6 271;
18 1 7 212;
18 1 8 0;
18 1 9 0;
18 1 10 225;
18 1 11 201;
18 1 12 0;
18 2 1 137;
18 2 2 99;
18 2 3 99;
18 2 4 242;
18 2 5 151;
18 2 6 171;
18 2 7 265;
18 2 8 0;
18 2 9 127;
18 2 10 247;
18 2 11 78;
18 2 12 133;
19 1 1 241;
19 1 2 204;
19 1 3 258;
19 1 4 116;
19 1 5 53;
19 1 6 0;
19 1 7 70;
19 1 8 114;
19 1 9 186;
19 1 10 0;
19 1 11 0;
19 1 12 285;
19 2 1 255;
19 2 2 278;
19 2 3 110;
19 2 4 250;
19 2 5 60;
19 2 6 171;
19 2 7 135;
19 2 8 222;
19 2 9 163;
19 2 10 260;
19 2 11 141;
19 2 12 117;
20 1 1 207;
20 1 2 135;
20 1 3 270;
20 1 4 137;
20 1 5 0;
20 1 6 215;
20 1 7 244;
20 1 8 0;
20 1 9 190;
20 1 10 118;
20 1 11 0;
20 1 12 226;
20 2 1 139;
20 2 2 77;
20 2 3 0;
20 2 4 194;
20 2 5 74;
20 2 6 167;
20 2 7 245;
20 2 8 155;
20 2 9 225;
20 2 10 80;
20 2 11 169;
20 2 12 153;
]

# Perda de papel no setup da máquina
global f = [23.76 20.24; 23.76 20.24]

# c: tempo de corte da bobina mestre
global c_km = [30.24 27.6; 28.08 32.2]

# p: tempo de setup do padrão j para a bobina mestre
global p_km = [3.266 2.981; 3.033 3.478]
# Capacidade média de produção por período:
CM = 1.1527098333333333e6

D_kt = [691830.0 706384.0 808914.0 397076.0 598812.0 466876.0 646574.0 452462.0 627804.0 508526.0 580982.0 603396.0; 552174.0 517004.0 529722.0 704370.0 438090.0 575706.0 607058.0 476164.0 599666.0 661452.0 569062.0 511358.0]


# Capacidade de produção de jumbo
global Cap_p = [622463.0 622463.0 622463.0 622463.0 622463.0 622463.0 622463.0 622463.0 622463.0 622463.0 622463.0 622463.0; 530246.0 530246.0 530246.0 530246.0 530246.0 530246.0 530246.0 530246.0 530246.0 530246.0 530246.0 530246.0]

# Capacidade da cortadeira
global Cap_c = [
34036.0;
34036.0;
34036.0;
34036.0;
34036.0;
34036.0;
34036.0;
34036.0;
34036.0;
34036.0;
34036.0;
34036.0;
]
#-----------------------------------------