###################################################
# Classe 9 : K = 2, M = 2, T = 12, N = 20
# Exemplo: 3.   Nome do arquivo: c9ex03.dat          Semente: 3024

global Q1 = 1e5
global Q2 = 1e5
#-----------------------Parâmetros----------------------
global K = 2 # Gramaturas
global M = 2 # Bobinas mestres (máquinas)
global T = 12 # Períodos
global N = 20 # Itens

global L = [540, 460] # Larguras das bobinas mestres

global l = [50, 54, 57, 59, 60, 65, 73, 76, 79, 82, 83, 87, 91, 102, 108, 110, 114, 118, 122, 146] # Larguras dos itens

global rho = [2.0, 2.0] # Peso específico da bobina mestre

global b = [1080.0 920.0; 1080.0 920.0] # Peso total da bobina mestre
#-----------------------Custos----------------------

# Custo de produção da bobina mestre
global c_x = [
1 1 1 24.948;
1 1 2 24.948;
1 1 3 24.948;
1 1 4 24.948;
1 1 5 24.948;
1 1 6 24.948;
1 1 7 24.948;
1 1 8 24.948;
1 1 9 24.948;
1 1 10 24.948;
1 1 11 24.948;
1 1 12 24.948;
1 2 1 16.836;
1 2 2 16.836;
1 2 3 16.836;
1 2 4 16.836;
1 2 5 16.836;
1 2 6 16.836;
1 2 7 16.836;
1 2 8 16.836;
1 2 9 16.836;
1 2 10 16.836;
1 2 11 16.836;
1 2 12 16.836;
2 1 1 17.496;
2 1 2 17.496;
2 1 3 17.496;
2 1 4 17.496;
2 1 5 17.496;
2 1 6 17.496;
2 1 7 17.496;
2 1 8 17.496;
2 1 9 17.496;
2 1 10 17.496;
2 1 11 17.496;
2 1 12 17.496;
2 2 1 13.984;
2 2 2 13.984;
2 2 3 13.984;
2 2 4 13.984;
2 2 5 13.984;
2 2 6 13.984;
2 2 7 13.984;
2 2 8 13.984;
2 2 9 13.984;
2 2 10 13.984;
2 2 11 13.984;
2 2 12 13.984;
]

# cw: custo de estocar uma bobina mestre
global c_w = [
1 1 1 0.011;
1 1 2 0.011;
1 1 3 0.011;
1 1 4 0.011;
1 1 5 0.011;
1 1 6 0.011;
1 1 7 0.011;
1 1 8 0.011;
1 1 9 0.011;
1 1 10 0.011;
1 1 11 0.011;
1 1 12 0.011;
1 2 1 0.01;
1 2 2 0.01;
1 2 3 0.01;
1 2 4 0.01;
1 2 5 0.01;
1 2 6 0.01;
1 2 7 0.01;
1 2 8 0.01;
1 2 9 0.01;
1 2 10 0.01;
1 2 11 0.01;
1 2 12 0.01;
2 1 1 0.009;
2 1 2 0.009;
2 1 3 0.009;
2 1 4 0.009;
2 1 5 0.009;
2 1 6 0.009;
2 1 7 0.009;
2 1 8 0.009;
2 1 9 0.009;
2 1 10 0.009;
2 1 11 0.009;
2 1 12 0.009;
2 2 1 0.008;
2 2 2 0.008;
2 2 3 0.008;
2 2 4 0.008;
2 2 5 0.008;
2 2 6 0.008;
2 2 7 0.008;
2 2 8 0.008;
2 2 9 0.008;
2 2 10 0.008;
2 2 11 0.008;
2 2 12 0.008;
]

# cz: custo de setup por bobina mestre
global c_z = [
1 1 1 0.948;
1 1 2 0.948;
1 1 3 0.948;
1 1 4 0.948;
1 1 5 0.948;
1 1 6 0.948;
1 1 7 0.948;
1 1 8 0.948;
1 1 9 0.948;
1 1 10 0.948;
1 1 11 0.948;
1 1 12 0.948;
1 2 1 0.505;
1 2 2 0.505;
1 2 3 0.505;
1 2 4 0.505;
1 2 5 0.505;
1 2 6 0.505;
1 2 7 0.505;
1 2 8 0.505;
1 2 9 0.505;
1 2 10 0.505;
1 2 11 0.505;
1 2 12 0.505;
2 1 1 0.805;
2 1 2 0.805;
2 1 3 0.805;
2 1 4 0.805;
2 1 5 0.805;
2 1 6 0.805;
2 1 7 0.805;
2 1 8 0.805;
2 1 9 0.805;
2 1 10 0.805;
2 1 11 0.805;
2 1 12 0.805;
2 2 1 0.531;
2 2 2 0.531;
2 2 3 0.531;
2 2 4 0.531;
2 2 5 0.531;
2 2 6 0.531;
2 2 7 0.531;
2 2 8 0.531;
2 2 9 0.531;
2 2 10 0.531;
2 2 11 0.531;
2 2 12 0.531;
]

# cy: custo de corte por bobina mestre
global c_y = [
1 1 1 2.744;
1 1 2 2.744;
1 1 3 2.744;
1 1 4 2.744;
1 1 5 2.744;
1 1 6 2.744;
1 1 7 2.744;
1 1 8 2.744;
1 1 9 2.744;
1 1 10 2.744;
1 1 11 2.744;
1 1 12 2.744;
1 2 1 1.852;
1 2 2 1.852;
1 2 3 1.852;
1 2 4 1.852;
1 2 5 1.852;
1 2 6 1.852;
1 2 7 1.852;
1 2 8 1.852;
1 2 9 1.852;
1 2 10 1.852;
1 2 11 1.852;
1 2 12 1.852;
2 1 1 1.75;
2 1 2 1.75;
2 1 3 1.75;
2 1 4 1.75;
2 1 5 1.75;
2 1 6 1.75;
2 1 7 1.75;
2 1 8 1.75;
2 1 9 1.75;
2 1 10 1.75;
2 1 11 1.75;
2 1 12 1.75;
2 2 1 1.398;
2 2 2 1.398;
2 2 3 1.398;
2 2 4 1.398;
2 2 5 1.398;
2 2 6 1.398;
2 2 7 1.398;
2 2 8 1.398;
2 2 9 1.398;
2 2 10 1.398;
2 2 11 1.398;
2 2 12 1.398;
]

# c_e: Custo de estocar um item de largura l_i
global c_e = [
1 1 1 0.005;
1 1 2 0.005;
1 1 3 0.005;
1 1 4 0.005;
1 1 5 0.005;
1 1 6 0.005;
1 1 7 0.005;
1 1 8 0.005;
1 1 9 0.005;
1 1 10 0.005;
1 1 11 0.005;
1 1 12 0.005;
1 2 1 0.004;
1 2 2 0.004;
1 2 3 0.004;
1 2 4 0.004;
1 2 5 0.004;
1 2 6 0.004;
1 2 7 0.004;
1 2 8 0.004;
1 2 9 0.004;
1 2 10 0.004;
1 2 11 0.004;
1 2 12 0.004;
2 1 1 0.005;
2 1 2 0.005;
2 1 3 0.005;
2 1 4 0.005;
2 1 5 0.005;
2 1 6 0.005;
2 1 7 0.005;
2 1 8 0.005;
2 1 9 0.005;
2 1 10 0.005;
2 1 11 0.005;
2 1 12 0.005;
2 2 1 0.004;
2 2 2 0.004;
2 2 3 0.004;
2 2 4 0.004;
2 2 5 0.004;
2 2 6 0.004;
2 2 7 0.004;
2 2 8 0.004;
2 2 9 0.004;
2 2 10 0.004;
2 2 11 0.004;
2 2 12 0.004;
3 1 1 0.005;
3 1 2 0.005;
3 1 3 0.005;
3 1 4 0.005;
3 1 5 0.005;
3 1 6 0.005;
3 1 7 0.005;
3 1 8 0.005;
3 1 9 0.005;
3 1 10 0.005;
3 1 11 0.005;
3 1 12 0.005;
3 2 1 0.004;
3 2 2 0.004;
3 2 3 0.004;
3 2 4 0.004;
3 2 5 0.004;
3 2 6 0.004;
3 2 7 0.004;
3 2 8 0.004;
3 2 9 0.004;
3 2 10 0.004;
3 2 11 0.004;
3 2 12 0.004;
4 1 1 0.005;
4 1 2 0.005;
4 1 3 0.005;
4 1 4 0.005;
4 1 5 0.005;
4 1 6 0.005;
4 1 7 0.005;
4 1 8 0.005;
4 1 9 0.005;
4 1 10 0.005;
4 1 11 0.005;
4 1 12 0.005;
4 2 1 0.004;
4 2 2 0.004;
4 2 3 0.004;
4 2 4 0.004;
4 2 5 0.004;
4 2 6 0.004;
4 2 7 0.004;
4 2 8 0.004;
4 2 9 0.004;
4 2 10 0.004;
4 2 11 0.004;
4 2 12 0.004;
5 1 1 0.005;
5 1 2 0.005;
5 1 3 0.005;
5 1 4 0.005;
5 1 5 0.005;
5 1 6 0.005;
5 1 7 0.005;
5 1 8 0.005;
5 1 9 0.005;
5 1 10 0.005;
5 1 11 0.005;
5 1 12 0.005;
5 2 1 0.004;
5 2 2 0.004;
5 2 3 0.004;
5 2 4 0.004;
5 2 5 0.004;
5 2 6 0.004;
5 2 7 0.004;
5 2 8 0.004;
5 2 9 0.004;
5 2 10 0.004;
5 2 11 0.004;
5 2 12 0.004;
6 1 1 0.005;
6 1 2 0.005;
6 1 3 0.005;
6 1 4 0.005;
6 1 5 0.005;
6 1 6 0.005;
6 1 7 0.005;
6 1 8 0.005;
6 1 9 0.005;
6 1 10 0.005;
6 1 11 0.005;
6 1 12 0.005;
6 2 1 0.004;
6 2 2 0.004;
6 2 3 0.004;
6 2 4 0.004;
6 2 5 0.004;
6 2 6 0.004;
6 2 7 0.004;
6 2 8 0.004;
6 2 9 0.004;
6 2 10 0.004;
6 2 11 0.004;
6 2 12 0.004;
7 1 1 0.005;
7 1 2 0.005;
7 1 3 0.005;
7 1 4 0.005;
7 1 5 0.005;
7 1 6 0.005;
7 1 7 0.005;
7 1 8 0.005;
7 1 9 0.005;
7 1 10 0.005;
7 1 11 0.005;
7 1 12 0.005;
7 2 1 0.004;
7 2 2 0.004;
7 2 3 0.004;
7 2 4 0.004;
7 2 5 0.004;
7 2 6 0.004;
7 2 7 0.004;
7 2 8 0.004;
7 2 9 0.004;
7 2 10 0.004;
7 2 11 0.004;
7 2 12 0.004;
8 1 1 0.005;
8 1 2 0.005;
8 1 3 0.005;
8 1 4 0.005;
8 1 5 0.005;
8 1 6 0.005;
8 1 7 0.005;
8 1 8 0.005;
8 1 9 0.005;
8 1 10 0.005;
8 1 11 0.005;
8 1 12 0.005;
8 2 1 0.004;
8 2 2 0.004;
8 2 3 0.004;
8 2 4 0.004;
8 2 5 0.004;
8 2 6 0.004;
8 2 7 0.004;
8 2 8 0.004;
8 2 9 0.004;
8 2 10 0.004;
8 2 11 0.004;
8 2 12 0.004;
9 1 1 0.005;
9 1 2 0.005;
9 1 3 0.005;
9 1 4 0.005;
9 1 5 0.005;
9 1 6 0.005;
9 1 7 0.005;
9 1 8 0.005;
9 1 9 0.005;
9 1 10 0.005;
9 1 11 0.005;
9 1 12 0.005;
9 2 1 0.004;
9 2 2 0.004;
9 2 3 0.004;
9 2 4 0.004;
9 2 5 0.004;
9 2 6 0.004;
9 2 7 0.004;
9 2 8 0.004;
9 2 9 0.004;
9 2 10 0.004;
9 2 11 0.004;
9 2 12 0.004;
10 1 1 0.005;
10 1 2 0.005;
10 1 3 0.005;
10 1 4 0.005;
10 1 5 0.005;
10 1 6 0.005;
10 1 7 0.005;
10 1 8 0.005;
10 1 9 0.005;
10 1 10 0.005;
10 1 11 0.005;
10 1 12 0.005;
10 2 1 0.004;
10 2 2 0.004;
10 2 3 0.004;
10 2 4 0.004;
10 2 5 0.004;
10 2 6 0.004;
10 2 7 0.004;
10 2 8 0.004;
10 2 9 0.004;
10 2 10 0.004;
10 2 11 0.004;
10 2 12 0.004;
11 1 1 0.005;
11 1 2 0.005;
11 1 3 0.005;
11 1 4 0.005;
11 1 5 0.005;
11 1 6 0.005;
11 1 7 0.005;
11 1 8 0.005;
11 1 9 0.005;
11 1 10 0.005;
11 1 11 0.005;
11 1 12 0.005;
11 2 1 0.004;
11 2 2 0.004;
11 2 3 0.004;
11 2 4 0.004;
11 2 5 0.004;
11 2 6 0.004;
11 2 7 0.004;
11 2 8 0.004;
11 2 9 0.004;
11 2 10 0.004;
11 2 11 0.004;
11 2 12 0.004;
12 1 1 0.005;
12 1 2 0.005;
12 1 3 0.005;
12 1 4 0.005;
12 1 5 0.005;
12 1 6 0.005;
12 1 7 0.005;
12 1 8 0.005;
12 1 9 0.005;
12 1 10 0.005;
12 1 11 0.005;
12 1 12 0.005;
12 2 1 0.004;
12 2 2 0.004;
12 2 3 0.004;
12 2 4 0.004;
12 2 5 0.004;
12 2 6 0.004;
12 2 7 0.004;
12 2 8 0.004;
12 2 9 0.004;
12 2 10 0.004;
12 2 11 0.004;
12 2 12 0.004;
13 1 1 0.005;
13 1 2 0.005;
13 1 3 0.005;
13 1 4 0.005;
13 1 5 0.005;
13 1 6 0.005;
13 1 7 0.005;
13 1 8 0.005;
13 1 9 0.005;
13 1 10 0.005;
13 1 11 0.005;
13 1 12 0.005;
13 2 1 0.004;
13 2 2 0.004;
13 2 3 0.004;
13 2 4 0.004;
13 2 5 0.004;
13 2 6 0.004;
13 2 7 0.004;
13 2 8 0.004;
13 2 9 0.004;
13 2 10 0.004;
13 2 11 0.004;
13 2 12 0.004;
14 1 1 0.005;
14 1 2 0.005;
14 1 3 0.005;
14 1 4 0.005;
14 1 5 0.005;
14 1 6 0.005;
14 1 7 0.005;
14 1 8 0.005;
14 1 9 0.005;
14 1 10 0.005;
14 1 11 0.005;
14 1 12 0.005;
14 2 1 0.004;
14 2 2 0.004;
14 2 3 0.004;
14 2 4 0.004;
14 2 5 0.004;
14 2 6 0.004;
14 2 7 0.004;
14 2 8 0.004;
14 2 9 0.004;
14 2 10 0.004;
14 2 11 0.004;
14 2 12 0.004;
15 1 1 0.005;
15 1 2 0.005;
15 1 3 0.005;
15 1 4 0.005;
15 1 5 0.005;
15 1 6 0.005;
15 1 7 0.005;
15 1 8 0.005;
15 1 9 0.005;
15 1 10 0.005;
15 1 11 0.005;
15 1 12 0.005;
15 2 1 0.004;
15 2 2 0.004;
15 2 3 0.004;
15 2 4 0.004;
15 2 5 0.004;
15 2 6 0.004;
15 2 7 0.004;
15 2 8 0.004;
15 2 9 0.004;
15 2 10 0.004;
15 2 11 0.004;
15 2 12 0.004;
16 1 1 0.005;
16 1 2 0.005;
16 1 3 0.005;
16 1 4 0.005;
16 1 5 0.005;
16 1 6 0.005;
16 1 7 0.005;
16 1 8 0.005;
16 1 9 0.005;
16 1 10 0.005;
16 1 11 0.005;
16 1 12 0.005;
16 2 1 0.004;
16 2 2 0.004;
16 2 3 0.004;
16 2 4 0.004;
16 2 5 0.004;
16 2 6 0.004;
16 2 7 0.004;
16 2 8 0.004;
16 2 9 0.004;
16 2 10 0.004;
16 2 11 0.004;
16 2 12 0.004;
17 1 1 0.005;
17 1 2 0.005;
17 1 3 0.005;
17 1 4 0.005;
17 1 5 0.005;
17 1 6 0.005;
17 1 7 0.005;
17 1 8 0.005;
17 1 9 0.005;
17 1 10 0.005;
17 1 11 0.005;
17 1 12 0.005;
17 2 1 0.004;
17 2 2 0.004;
17 2 3 0.004;
17 2 4 0.004;
17 2 5 0.004;
17 2 6 0.004;
17 2 7 0.004;
17 2 8 0.004;
17 2 9 0.004;
17 2 10 0.004;
17 2 11 0.004;
17 2 12 0.004;
18 1 1 0.005;
18 1 2 0.005;
18 1 3 0.005;
18 1 4 0.005;
18 1 5 0.005;
18 1 6 0.005;
18 1 7 0.005;
18 1 8 0.005;
18 1 9 0.005;
18 1 10 0.005;
18 1 11 0.005;
18 1 12 0.005;
18 2 1 0.004;
18 2 2 0.004;
18 2 3 0.004;
18 2 4 0.004;
18 2 5 0.004;
18 2 6 0.004;
18 2 7 0.004;
18 2 8 0.004;
18 2 9 0.004;
18 2 10 0.004;
18 2 11 0.004;
18 2 12 0.004;
19 1 1 0.005;
19 1 2 0.005;
19 1 3 0.005;
19 1 4 0.005;
19 1 5 0.005;
19 1 6 0.005;
19 1 7 0.005;
19 1 8 0.005;
19 1 9 0.005;
19 1 10 0.005;
19 1 11 0.005;
19 1 12 0.005;
19 2 1 0.004;
19 2 2 0.004;
19 2 3 0.004;
19 2 4 0.004;
19 2 5 0.004;
19 2 6 0.004;
19 2 7 0.004;
19 2 8 0.004;
19 2 9 0.004;
19 2 10 0.004;
19 2 11 0.004;
19 2 12 0.004;
20 1 1 0.005;
20 1 2 0.005;
20 1 3 0.005;
20 1 4 0.005;
20 1 5 0.005;
20 1 6 0.005;
20 1 7 0.005;
20 1 8 0.005;
20 1 9 0.005;
20 1 10 0.005;
20 1 11 0.005;
20 1 12 0.005;
20 2 1 0.004;
20 2 2 0.004;
20 2 3 0.004;
20 2 4 0.004;
20 2 5 0.004;
20 2 6 0.004;
20 2 7 0.004;
20 2 8 0.004;
20 2 9 0.004;
20 2 10 0.004;
20 2 11 0.004;
20 2 12 0.004;
]

# csc: custo de setup do padrão de corte (igual para cada padrão j)
global c_sc = [
1 1 1 0.102;
1 1 2 0.102;
1 1 3 0.102;
1 1 4 0.102;
1 1 5 0.102;
1 1 6 0.102;
1 1 7 0.102;
1 1 8 0.102;
1 1 9 0.102;
1 1 10 0.102;
1 1 11 0.102;
1 1 12 0.102;
1 2 1 0.081;
1 2 2 0.081;
1 2 3 0.081;
1 2 4 0.081;
1 2 5 0.081;
1 2 6 0.081;
1 2 7 0.081;
1 2 8 0.081;
1 2 9 0.081;
1 2 10 0.081;
1 2 11 0.081;
1 2 12 0.081;
2 1 1 0.058;
2 1 2 0.058;
2 1 3 0.058;
2 1 4 0.058;
2 1 5 0.058;
2 1 6 0.058;
2 1 7 0.058;
2 1 8 0.058;
2 1 9 0.058;
2 1 10 0.058;
2 1 11 0.058;
2 1 12 0.058;
2 2 1 0.05;
2 2 2 0.05;
2 2 3 0.05;
2 2 4 0.05;
2 2 5 0.05;
2 2 6 0.05;
2 2 7 0.05;
2 2 8 0.05;
2 2 9 0.05;
2 2 10 0.05;
2 2 11 0.05;
2 2 12 0.05;
]

# Demandas
global d = [
1 1 1 83;
1 1 2 152;
1 1 3 257;
1 1 4 168;
1 1 5 240;
1 1 6 84;
1 1 7 99;
1 1 8 0;
1 1 9 291;
1 1 10 0;
1 1 11 275;
1 1 12 199;
1 2 1 69;
1 2 2 296;
1 2 3 180;
1 2 4 123;
1 2 5 62;
1 2 6 0;
1 2 7 250;
1 2 8 153;
1 2 9 0;
1 2 10 101;
1 2 11 204;
1 2 12 207;
2 1 1 200;
2 1 2 224;
2 1 3 121;
2 1 4 115;
2 1 5 202;
2 1 6 69;
2 1 7 0;
2 1 8 82;
2 1 9 183;
2 1 10 293;
2 1 11 217;
2 1 12 168;
2 2 1 201;
2 2 2 83;
2 2 3 209;
2 2 4 75;
2 2 5 102;
2 2 6 180;
2 2 7 88;
2 2 8 77;
2 2 9 266;
2 2 10 269;
2 2 11 141;
2 2 12 146;
3 1 1 214;
3 1 2 68;
3 1 3 218;
3 1 4 0;
3 1 5 225;
3 1 6 300;
3 1 7 249;
3 1 8 149;
3 1 9 273;
3 1 10 200;
3 1 11 282;
3 1 12 184;
3 2 1 216;
3 2 2 65;
3 2 3 73;
3 2 4 128;
3 2 5 0;
3 2 6 266;
3 2 7 74;
3 2 8 0;
3 2 9 83;
3 2 10 219;
3 2 11 167;
3 2 12 0;
4 1 1 133;
4 1 2 229;
4 1 3 159;
4 1 4 136;
4 1 5 77;
4 1 6 0;
4 1 7 200;
4 1 8 160;
4 1 9 96;
4 1 10 267;
4 1 11 182;
4 1 12 278;
4 2 1 151;
4 2 2 0;
4 2 3 268;
4 2 4 295;
4 2 5 120;
4 2 6 129;
4 2 7 243;
4 2 8 259;
4 2 9 297;
4 2 10 236;
4 2 11 274;
4 2 12 81;
5 1 1 0;
5 1 2 264;
5 1 3 84;
5 1 4 112;
5 1 5 211;
5 1 6 174;
5 1 7 116;
5 1 8 117;
5 1 9 252;
5 1 10 263;
5 1 11 153;
5 1 12 85;
5 2 1 216;
5 2 2 0;
5 2 3 132;
5 2 4 265;
5 2 5 73;
5 2 6 126;
5 2 7 168;
5 2 8 162;
5 2 9 114;
5 2 10 86;
5 2 11 286;
5 2 12 265;
6 1 1 0;
6 1 2 209;
6 1 3 250;
6 1 4 94;
6 1 5 197;
6 1 6 156;
6 1 7 228;
6 1 8 0;
6 1 9 253;
6 1 10 230;
6 1 11 84;
6 1 12 122;
6 2 1 151;
6 2 2 0;
6 2 3 188;
6 2 4 165;
6 2 5 241;
6 2 6 221;
6 2 7 72;
6 2 8 277;
6 2 9 225;
6 2 10 96;
6 2 11 221;
6 2 12 0;
7 1 1 0;
7 1 2 230;
7 1 3 104;
7 1 4 77;
7 1 5 180;
7 1 6 122;
7 1 7 75;
7 1 8 190;
7 1 9 298;
7 1 10 244;
7 1 11 0;
7 1 12 169;
7 2 1 278;
7 2 2 77;
7 2 3 0;
7 2 4 205;
7 2 5 0;
7 2 6 252;
7 2 7 0;
7 2 8 216;
7 2 9 76;
7 2 10 0;
7 2 11 231;
7 2 12 115;
8 1 1 223;
8 1 2 179;
8 1 3 51;
8 1 4 115;
8 1 5 245;
8 1 6 150;
8 1 7 280;
8 1 8 157;
8 1 9 0;
8 1 10 221;
8 1 11 67;
8 1 12 116;
8 2 1 270;
8 2 2 224;
8 2 3 155;
8 2 4 138;
8 2 5 0;
8 2 6 57;
8 2 7 60;
8 2 8 150;
8 2 9 66;
8 2 10 158;
8 2 11 0;
8 2 12 286;
9 1 1 0;
9 1 2 84;
9 1 3 79;
9 1 4 167;
9 1 5 261;
9 1 6 207;
9 1 7 50;
9 1 8 211;
9 1 9 239;
9 1 10 130;
9 1 11 156;
9 1 12 126;
9 2 1 249;
9 2 2 77;
9 2 3 255;
9 2 4 141;
9 2 5 288;
9 2 6 224;
9 2 7 253;
9 2 8 181;
9 2 9 205;
9 2 10 77;
9 2 11 87;
9 2 12 0;
10 1 1 56;
10 1 2 0;
10 1 3 252;
10 1 4 248;
10 1 5 56;
10 1 6 200;
10 1 7 215;
10 1 8 209;
10 1 9 297;
10 1 10 0;
10 1 11 53;
10 1 12 292;
10 2 1 289;
10 2 2 240;
10 2 3 147;
10 2 4 0;
10 2 5 149;
10 2 6 0;
10 2 7 250;
10 2 8 57;
10 2 9 84;
10 2 10 0;
10 2 11 151;
10 2 12 255;
11 1 1 119;
11 1 2 86;
11 1 3 150;
11 1 4 265;
11 1 5 273;
11 1 6 0;
11 1 7 102;
11 1 8 143;
11 1 9 110;
11 1 10 0;
11 1 11 235;
11 1 12 95;
11 2 1 0;
11 2 2 259;
11 2 3 84;
11 2 4 260;
11 2 5 0;
11 2 6 286;
11 2 7 274;
11 2 8 207;
11 2 9 183;
11 2 10 248;
11 2 11 142;
11 2 12 119;
12 1 1 290;
12 1 2 52;
12 1 3 0;
12 1 4 173;
12 1 5 234;
12 1 6 142;
12 1 7 103;
12 1 8 72;
12 1 9 233;
12 1 10 259;
12 1 11 113;
12 1 12 202;
12 2 1 93;
12 2 2 66;
12 2 3 151;
12 2 4 146;
12 2 5 192;
12 2 6 259;
12 2 7 0;
12 2 8 226;
12 2 9 265;
12 2 10 146;
12 2 11 270;
12 2 12 253;
13 1 1 160;
13 1 2 234;
13 1 3 127;
13 1 4 183;
13 1 5 106;
13 1 6 0;
13 1 7 50;
13 1 8 175;
13 1 9 232;
13 1 10 223;
13 1 11 212;
13 1 12 256;
13 2 1 0;
13 2 2 296;
13 2 3 0;
13 2 4 0;
13 2 5 277;
13 2 6 170;
13 2 7 191;
13 2 8 131;
13 2 9 76;
13 2 10 216;
13 2 11 0;
13 2 12 0;
14 1 1 296;
14 1 2 0;
14 1 3 289;
14 1 4 297;
14 1 5 0;
14 1 6 62;
14 1 7 82;
14 1 8 0;
14 1 9 161;
14 1 10 221;
14 1 11 209;
14 1 12 61;
14 2 1 168;
14 2 2 68;
14 2 3 65;
14 2 4 213;
14 2 5 188;
14 2 6 204;
14 2 7 131;
14 2 8 128;
14 2 9 176;
14 2 10 120;
14 2 11 220;
14 2 12 90;
15 1 1 198;
15 1 2 94;
15 1 3 130;
15 1 4 226;
15 1 5 299;
15 1 6 0;
15 1 7 162;
15 1 8 159;
15 1 9 265;
15 1 10 67;
15 1 11 285;
15 1 12 289;
15 2 1 239;
15 2 2 143;
15 2 3 70;
15 2 4 0;
15 2 5 132;
15 2 6 0;
15 2 7 128;
15 2 8 136;
15 2 9 200;
15 2 10 135;
15 2 11 229;
15 2 12 121;
16 1 1 127;
16 1 2 169;
16 1 3 56;
16 1 4 71;
16 1 5 238;
16 1 6 0;
16 1 7 207;
16 1 8 197;
16 1 9 0;
16 1 10 279;
16 1 11 50;
16 1 12 197;
16 2 1 0;
16 2 2 289;
16 2 3 280;
16 2 4 196;
16 2 5 125;
16 2 6 220;
16 2 7 290;
16 2 8 0;
16 2 9 172;
16 2 10 140;
16 2 11 250;
16 2 12 0;
17 1 1 226;
17 1 2 104;
17 1 3 177;
17 1 4 235;
17 1 5 0;
17 1 6 264;
17 1 7 125;
17 1 8 70;
17 1 9 180;
17 1 10 258;
17 1 11 165;
17 1 12 115;
17 2 1 0;
17 2 2 285;
17 2 3 84;
17 2 4 62;
17 2 5 280;
17 2 6 111;
17 2 7 194;
17 2 8 54;
17 2 9 185;
17 2 10 0;
17 2 11 0;
17 2 12 60;
18 1 1 276;
18 1 2 99;
18 1 3 66;
18 1 4 111;
18 1 5 137;
18 1 6 290;
18 1 7 122;
18 1 8 248;
18 1 9 165;
18 1 10 139;
18 1 11 227;
18 1 12 70;
18 2 1 216;
18 2 2 265;
18 2 3 82;
18 2 4 148;
18 2 5 220;
18 2 6 80;
18 2 7 107;
18 2 8 0;
18 2 9 134;
18 2 10 278;
18 2 11 111;
18 2 12 221;
19 1 1 266;
19 1 2 179;
19 1 3 148;
19 1 4 0;
19 1 5 0;
19 1 6 265;
19 1 7 131;
19 1 8 0;
19 1 9 133;
19 1 10 70;
19 1 11 145;
19 1 12 0;
19 2 1 264;
19 2 2 275;
19 2 3 243;
19 2 4 72;
19 2 5 0;
19 2 6 272;
19 2 7 292;
19 2 8 160;
19 2 9 258;
19 2 10 192;
19 2 11 158;
19 2 12 190;
20 1 1 258;
20 1 2 179;
20 1 3 55;
20 1 4 149;
20 1 5 180;
20 1 6 0;
20 1 7 183;
20 1 8 199;
20 1 9 73;
20 1 10 176;
20 1 11 147;
20 1 12 145;
20 2 1 65;
20 2 2 92;
20 2 3 0;
20 2 4 63;
20 2 5 165;
20 2 6 131;
20 2 7 0;
20 2 8 82;
20 2 9 132;
20 2 10 0;
20 2 11 169;
20 2 12 240;
]

# Perda de papel no setup da máquina
global f = [21.6 18.4; 21.6 18.4]

# c: tempo de corte da bobina mestre
global c_km = [54.0 31.28; 30.24 44.16]

# p: tempo de setup do padrão j para a bobina mestre
global p_km = [5.562 3.222; 3.115 4.548]
# Capacidade média de produção por período:
CM = 1.0247313333333334e6

D_kt = [600400.0 473492.0 457182.0 522414.0 552586.0 427978.0 486022.0 456376.0 609280.0 603854.0 559312.0 528784.0; 521416.0 580964.0 436750.0 436400.0 483532.0 551990.0 530378.0 430222.0 566024.0 453728.0 556276.0 470456.0]


# Capacidade de produção de jumbo
global Cap_p = [553354.0 553354.0 553354.0 553354.0 553354.0 553354.0 553354.0 553354.0 553354.0 553354.0 553354.0 553354.0; 471376.0 471376.0 471376.0 471376.0 471376.0 471376.0 471376.0 471376.0 471376.0 471376.0 471376.0 471376.0]

# Capacidade da cortadeira
global Cap_c = [
40904.0;
40904.0;
40904.0;
40904.0;
40904.0;
40904.0;
40904.0;
40904.0;
40904.0;
40904.0;
40904.0;
40904.0;
]
#-----------------------------------------